-0.88983929E+02
-0.88978861E+02
-0.88940395E+02
-0.88937199E+02
-0.88936570E+02
-0.88935736E+02
-0.88935344E+02
-0.88929962E+02
-0.88929921E+02
-0.88923297E+02
-0.24762290E+02
-0.24761433E+02
-0.24760313E+02
-0.24756822E+02
-0.24752907E+02
-0.24751187E+02
-0.24749254E+02
-0.24748483E+02
-0.19169250E+02
-0.19160522E+02
-0.19160300E+02
-0.19158769E+02
-0.14423158E+02
-0.14420442E+02
-0.14417391E+02
-0.14415592E+02
-0.14383938E+02
-0.14382284E+02
-0.14381336E+02
-0.14381037E+02
-0.14378226E+02
-0.14377604E+02
-0.14372119E+02
-0.14371451E+02
-0.14371236E+02
-0.14368746E+02
-0.14363404E+02
-0.14350077E+02
-0.10320061E+02
-0.10318516E+02
-0.10318128E+02
-0.10313911E+02
-0.10310541E+02
-0.10310450E+02
-0.10308032E+02
-0.10304061E+02
-0.10297884E+02
-0.10297837E+02
-0.10294270E+02
-0.10294219E+02
-0.10291974E+02
-0.10287003E+02
-0.10283186E+02
-0.10282098E+02
-0.10278200E+02
-0.10274362E+02
-0.10274352E+02
-0.10274118E+02
-0.10273534E+02
-0.10273143E+02
-0.10273096E+02
-0.10272709E+02
-0.10268560E+02
-0.10268103E+02
-0.10267865E+02
-0.10266925E+02
-0.10266230E+02
-0.10263427E+02
-0.10262946E+02
-0.10259711E+02
-0.10258117E+02
-0.10256357E+02
-0.10256029E+02
-0.10255031E+02
-0.10254318E+02
-0.10254166E+02
-0.10254110E+02
-0.10253598E+02
-0.10253515E+02
-0.10252045E+02
-0.10251938E+02
-0.10251527E+02
-0.10251061E+02
-0.10250879E+02
-0.10249875E+02
-0.10248343E+02
-0.10248249E+02
-0.10246945E+02
-0.10246205E+02
-0.10246068E+02
-0.10245960E+02
-0.10245624E+02
-0.10244963E+02
-0.10244404E+02
-0.10243170E+02
-0.10242403E+02
-0.10242338E+02
-0.10242013E+02
-0.10241758E+02
-0.10241740E+02
-0.10240827E+02
-0.10240701E+02
-0.10240621E+02
-0.10239175E+02
-0.10239011E+02
-0.10237148E+02
-0.10236949E+02
-0.10236821E+02
-0.10236186E+02
-0.10235123E+02
-0.10233696E+02
-0.10232556E+02
-0.10232107E+02
-0.10230191E+02
-0.10229595E+02
-0.10227883E+02
-0.10227592E+02
-0.10227384E+02
-0.10226808E+02
-0.10226788E+02
-0.10223970E+02
-0.10223110E+02
-0.10222255E+02
-0.10221086E+02
-0.10219321E+02
-0.10218327E+02
-0.10216373E+02
-0.10216296E+02
-0.10215698E+02
-0.10215348E+02
-0.10207749E+02
-0.10205385E+02
-0.10201016E+02
-0.10200280E+02
-0.80315670E+01
-0.80258950E+01
-0.79921898E+01
-0.79891342E+01
-0.79884742E+01
-0.79878397E+01
-0.79859233E+01
-0.79828571E+01
-0.79819678E+01
-0.79763576E+01
-0.59983111E+01
-0.59928349E+01
-0.59924595E+01
-0.59908264E+01
-0.59872455E+01
-0.59845955E+01
-0.59582120E+01
-0.59551380E+01
-0.59545696E+01
-0.59542404E+01
-0.59540143E+01
-0.59518577E+01
-0.59511734E+01
-0.59505608E+01
-0.59503919E+01
-0.59501818E+01
-0.59489488E+01
-0.59483741E+01
-0.59482848E+01
-0.59469514E+01
-0.59463817E+01
-0.59453558E+01
-0.59452161E+01
-0.59445359E+01
-0.59437594E+01
-0.59423796E+01
-0.59401985E+01
-0.59392115E+01
-0.59390408E+01
-0.59335663E+01
-0.12874526E+01
-0.12854842E+01
-0.12762168E+01
-0.12722137E+01
-0.12590499E+01
-0.12533506E+01
-0.12461126E+01
-0.12404757E+01
-0.10814203E+01
-0.10587899E+01
-0.10446180E+01
-0.10431935E+01
-0.10325942E+01
-0.10281919E+01
-0.10186696E+01
-0.10158752E+01
-0.10122908E+01
-0.10043137E+01
-0.96469265E+00
-0.95626338E+00
-0.95328490E+00
-0.95090030E+00
-0.94702514E+00
-0.94440884E+00
-0.94038720E+00
-0.93909511E+00
-0.93756643E+00
-0.93574817E+00
-0.92971959E+00
-0.92739222E+00
-0.92635010E+00
-0.92503363E+00
-0.92424515E+00
-0.90906226E+00
-0.89591011E+00
-0.89454083E+00
-0.89341677E+00
-0.88973574E+00
-0.88862689E+00
-0.88812638E+00
-0.88376628E+00
-0.88255089E+00
-0.87495042E+00
-0.87456198E+00
-0.87315701E+00
-0.86687115E+00
-0.84077598E+00
-0.83924381E+00
-0.83831119E+00
-0.83364365E+00
-0.82706736E+00
-0.82258901E+00
-0.81827120E+00
-0.81401644E+00
-0.81350521E+00
-0.81102923E+00
-0.80861691E+00
-0.80742106E+00
-0.80635537E+00
-0.80514140E+00
-0.80192574E+00
-0.80096145E+00
-0.80000296E+00
-0.79580814E+00
-0.79529319E+00
-0.79212891E+00
-0.77251600E+00
-0.76503970E+00
-0.75795462E+00
-0.75113122E+00
-0.74966443E+00
-0.74809753E+00
-0.74713341E+00
-0.74179515E+00
-0.72843609E+00
-0.72496202E+00
-0.72355741E+00
-0.72115307E+00
-0.71586374E+00
-0.71314339E+00
-0.71292811E+00
-0.70888280E+00
-0.70731222E+00
-0.70536809E+00
-0.70330990E+00
-0.70038865E+00
-0.69842759E+00
-0.69407473E+00
-0.69380207E+00
-0.69178277E+00
-0.68318031E+00
-0.67584002E+00
-0.66751885E+00
-0.66237096E+00
-0.65133090E+00
-0.65125318E+00
-0.64627886E+00
-0.64535246E+00
-0.64427852E+00
-0.64282085E+00
-0.64162471E+00
-0.63827273E+00
-0.63479200E+00
-0.63051419E+00
-0.62781797E+00
-0.62211691E+00
-0.61878775E+00
-0.60991071E+00
-0.60864823E+00
-0.60117830E+00
-0.60016589E+00
-0.59780806E+00
-0.59331123E+00
-0.59176951E+00
-0.58790835E+00
-0.58751069E+00
-0.58417123E+00
-0.58412831E+00
-0.57932691E+00
-0.57572117E+00
-0.57335993E+00
-0.57288329E+00
-0.56854548E+00
-0.56847702E+00
-0.56665310E+00
-0.56227546E+00
-0.56136366E+00
-0.56055210E+00
-0.55770458E+00
-0.55639150E+00
-0.55284602E+00
-0.55100167E+00
-0.54583876E+00
-0.54458749E+00
-0.53705555E+00
-0.53451896E+00
-0.53321793E+00
-0.52861302E+00
-0.52675296E+00
-0.52427870E+00
-0.52399529E+00
-0.52250987E+00
-0.52242857E+00
-0.52145432E+00
-0.52055346E+00
-0.51929864E+00
-0.51551445E+00
-0.51516628E+00
-0.51254212E+00
-0.51113550E+00
-0.50895423E+00
-0.50849919E+00
-0.50585645E+00
-0.50377422E+00
-0.50183414E+00
-0.50160441E+00
-0.50136001E+00
-0.50046122E+00
-0.49699070E+00
-0.49189539E+00
-0.48846386E+00
-0.48715584E+00
-0.48572638E+00
-0.48494414E+00
-0.48386622E+00
-0.48262412E+00
-0.48009676E+00
-0.47974537E+00
-0.47778267E+00
-0.47765227E+00
-0.47497485E+00
-0.47362079E+00
-0.47293361E+00
-0.46990377E+00
-0.46655823E+00
-0.46652828E+00
-0.46580481E+00
-0.46484846E+00
-0.46469497E+00
-0.46367584E+00
-0.46266210E+00
-0.46116018E+00
-0.45988084E+00
-0.45895900E+00
-0.45861403E+00
-0.45687711E+00
-0.45563459E+00
-0.45476557E+00
-0.45277785E+00
-0.45198692E+00
-0.45175896E+00
-0.45055407E+00
-0.44650080E+00
-0.44359183E+00
-0.44206200E+00
-0.44062884E+00
-0.43944754E+00
-0.43751645E+00
-0.43678169E+00
-0.43528196E+00
-0.43516495E+00
-0.43393293E+00
-0.43387677E+00
-0.43218108E+00
-0.43120603E+00
-0.43077990E+00
-0.42976452E+00
-0.42948812E+00
-0.42826239E+00
-0.42761051E+00
-0.42699832E+00
-0.42633770E+00
-0.42591277E+00
-0.42573644E+00
-0.42371840E+00
-0.42328999E+00
-0.42294583E+00
-0.42048736E+00
-0.42005134E+00
-0.41996952E+00
-0.41854817E+00
-0.41579636E+00
-0.41562809E+00
-0.41242925E+00
-0.40975228E+00
-0.40762569E+00
-0.40727724E+00
-0.40645767E+00
-0.40513718E+00
-0.40415185E+00
-0.40243579E+00
-0.40195970E+00
-0.40061890E+00
-0.39857542E+00
-0.39806504E+00
-0.39739961E+00
-0.39681246E+00
-0.39644976E+00
-0.39596786E+00
-0.39456541E+00
-0.39198580E+00
-0.39043321E+00
-0.38972702E+00
-0.38815859E+00
-0.38792318E+00
-0.38772401E+00
-0.38670389E+00
-0.38623675E+00
-0.38500548E+00
-0.38455636E+00
-0.38331030E+00
-0.38313615E+00
-0.38227577E+00
-0.38068346E+00
-0.37719645E+00
-0.37671013E+00
-0.37574913E+00
-0.37417692E+00
-0.37279138E+00
-0.36901150E+00
-0.36813770E+00
-0.36709371E+00
-0.36648504E+00
-0.36511337E+00
-0.36440627E+00
-0.36261928E+00
-0.36159043E+00
-0.36008534E+00
-0.35777634E+00
-0.35671094E+00
-0.35499247E+00
-0.35403830E+00
-0.35310450E+00
-0.35225921E+00
-0.35164955E+00
-0.35046058E+00
-0.34615609E+00
-0.34581991E+00
-0.34432040E+00
-0.34100559E+00
-0.33924845E+00
-0.33880909E+00
-0.33651460E+00
-0.33530238E+00
-0.33377976E+00
-0.32955109E+00
-0.31484216E+00
-0.31414339E+00
-0.31252526E+00
-0.31186087E+00
-0.30968894E+00
-0.30779624E+00
-0.29718289E+00
-0.29678538E+00
-0.29253797E+00
-0.29136115E+00
-0.28848501E+00
-0.28703057E+00
-0.27945812E+00
-0.27815696E+00
-0.27721756E+00
-0.27478397E+00
-0.27345886E+00
-0.27262551E+00
-0.27183307E+00
-0.27076907E+00
-0.26915462E+00
-0.26771595E+00
-0.26616038E+00
-0.26361066E+00
-0.25941910E+00
-0.25792167E+00
-0.24068818E+00
-0.23886694E+00
-0.23764173E+00
-0.23595483E+00
-0.22601517E+00
-0.22362799E+00
-0.20846205E+00
-0.20671723E+00
-0.13289364E+00
-0.12219918E+00
-0.11864532E+00
-0.11165676E+00
-0.11096693E+00
-0.10781872E+00
-0.94848898E-01
-0.93685270E-01
-0.88710189E-01
-0.86233829E-01
-0.57312624E-01
-0.53863884E-01
-0.50110851E-01
-0.46359243E-01
-0.37681344E-01
-0.34659963E-01
-0.29827372E-01
-0.27428469E-01
-0.27245370E-01
-0.24825188E-01
-0.18454006E-01
-0.16463014E-01
-0.12873843E-01
-0.11767600E-01
-0.95282478E-02
-0.91611812E-02
-0.71859334E-02
-0.58579178E-02
-0.48333057E-02
-0.41100818E-02
-0.40006186E-02
-0.26687164E-02
-0.19466839E-02
-0.97409765E-03
-0.21057820E-03
 0.24175828E-03
 0.92458366E-03
 0.15366770E-02
 0.24974931E-02
 0.31077468E-02
 0.46599406E-02
 0.49630892E-02
 0.55937883E-02
 0.71759406E-02
 0.90366694E-02
 0.96915413E-02
 0.10270509E-01
 0.10933367E-01
 0.11569813E-01
 0.12555443E-01
 0.13510387E-01
 0.14233241E-01
 0.15979343E-01
 0.16853648E-01
 0.17841705E-01
 0.17972212E-01
 0.18883967E-01
 0.19345639E-01
 0.20688031E-01
 0.21286429E-01
 0.22057399E-01
 0.22371896E-01
 0.23329960E-01
 0.24110483E-01
 0.25590177E-01
 0.26430843E-01
 0.27710443E-01
 0.28794982E-01
 0.29980280E-01
 0.30368774E-01
 0.30969833E-01
 0.31124018E-01
 0.32196635E-01
 0.34350432E-01
 0.34930139E-01
 0.35779566E-01
 0.36321038E-01
 0.37031134E-01
 0.37548229E-01
 0.38082387E-01
 0.38304720E-01
 0.39169240E-01
 0.40089943E-01
 0.40600159E-01
 0.41121212E-01
 0.42282165E-01
 0.43286922E-01
 0.44319626E-01
 0.46290975E-01
 0.47574143E-01
 0.47815362E-01
 0.49156940E-01
 0.49589889E-01
 0.51819086E-01
 0.51958319E-01
 0.52709158E-01
 0.53749068E-01
 0.54287131E-01
 0.54412446E-01
 0.55553546E-01
 0.57019086E-01
 0.58326840E-01
 0.58806420E-01
 0.59758376E-01
 0.60558776E-01
 0.61377811E-01
 0.61895146E-01
 0.62290746E-01
 0.63199419E-01
 0.63552777E-01
 0.64689367E-01
 0.64820345E-01
 0.66285434E-01
 0.67606970E-01
 0.68712292E-01
 0.69396336E-01
 0.69641388E-01
 0.70985250E-01
 0.71227566E-01
 0.71848621E-01
 0.72555433E-01
 0.72728329E-01
 0.73255443E-01
 0.73487820E-01
 0.74584397E-01
 0.74742366E-01
 0.75801396E-01
 0.76751450E-01
 0.77312934E-01
 0.78878043E-01
 0.79811933E-01
 0.80671917E-01
 0.81018881E-01
 0.81770576E-01
 0.82055660E-01
 0.82318038E-01
 0.83586276E-01
 0.83684526E-01
 0.84472007E-01
 0.85128925E-01
 0.86571672E-01
 0.87572441E-01
 0.88356930E-01
 0.89049710E-01
 0.89338006E-01
 0.90807513E-01
 0.91137572E-01
 0.91653101E-01
 0.93002372E-01
 0.93571962E-01
 0.93946825E-01
 0.95475073E-01
 0.96313743E-01
 0.96808677E-01
 0.97891945E-01
 0.98357202E-01
 0.99397391E-01
 0.10002769E+00
 0.10036082E+00
 0.10145718E+00
 0.10198457E+00
 0.10316523E+00
 0.10385820E+00
 0.10465547E+00
 0.10553794E+00
 0.10614866E+00
 0.10661439E+00
 0.10704851E+00
 0.10913246E+00
 0.11037585E+00
 0.11070851E+00
 0.11166479E+00
 0.11315820E+00
 0.11370803E+00
 0.11449062E+00
 0.11568231E+00
 0.11598101E+00
 0.11708544E+00
 0.11829229E+00
 0.11866954E+00
 0.11944104E+00
 0.12024725E+00
 0.12101141E+00
 0.12169380E+00
 0.12208602E+00
 0.12233354E+00
 0.12361528E+00
 0.12399848E+00
 0.12526292E+00
 0.12597387E+00
 0.12669000E+00
 0.12671512E+00
 0.12707804E+00
 0.12813861E+00
 0.13040818E+00
 0.13083141E+00
 0.13102379E+00
 0.13180199E+00
 0.13256300E+00
 0.13356850E+00
 0.13424123E+00
 0.13430520E+00
 0.13493513E+00
 0.13527964E+00
 0.13627805E+00
 0.13660966E+00
 0.13783444E+00
 0.13898964E+00
 0.13932376E+00
 0.13950346E+00
 0.14034362E+00
 0.14039646E+00
 0.14097025E+00
 0.14113814E+00
 0.14228103E+00
 0.14271281E+00
 0.14369679E+00
 0.14431247E+00
 0.14455256E+00
 0.14554530E+00
 0.14634299E+00
 0.14726600E+00
 0.14818048E+00
 0.14841107E+00
 0.14879762E+00
 0.14994600E+00
 0.15073053E+00
 0.15200140E+00
 0.15321723E+00
 0.15378701E+00
 0.15414948E+00
 0.15433003E+00
 0.15578596E+00
 0.15650571E+00
 0.15729252E+00
 0.15752961E+00
 0.15778687E+00
 0.15873005E+00
 0.15947240E+00
 0.16063154E+00
 0.16137736E+00
 0.16183773E+00
 0.16257189E+00
 0.16305213E+00
 0.16387401E+00
 0.16472000E+00
 0.16506534E+00
 0.16534614E+00
 0.16568844E+00
 0.16631841E+00
 0.16677259E+00
 0.16766141E+00
 0.16858425E+00
 0.16885037E+00
 0.16920591E+00
 0.16998224E+00
 0.17065523E+00
 0.17125071E+00
 0.17235717E+00
 0.17298241E+00
 0.17300650E+00
 0.17390272E+00
 0.17444190E+00
 0.17568047E+00
 0.17607649E+00
 0.17693865E+00
 0.17744698E+00
 0.17879540E+00
 0.17896878E+00
 0.17910565E+00
 0.17956243E+00
 0.18022499E+00
 0.18064893E+00
 0.18121793E+00
 0.18165016E+00
 0.18208024E+00
 0.18314321E+00
 0.18357941E+00
 0.18477541E+00
 0.18545149E+00
 0.18613135E+00
 0.18636110E+00
 0.18654869E+00
 0.18812521E+00
 0.18853573E+00
 0.18918008E+00
 0.18946264E+00
 0.19080676E+00
 0.19102778E+00
 0.19114627E+00
 0.19191722E+00
 0.19220284E+00
 0.19256133E+00
 0.19303032E+00
 0.19395668E+00
 0.19495651E+00
 0.19622963E+00
 0.19685375E+00
 0.19728593E+00
 0.19784795E+00
 0.19869636E+00
 0.19920461E+00
 0.19980305E+00
 0.20027386E+00
 0.20184032E+00
 0.20226802E+00
 0.20290734E+00
 0.20372669E+00
 0.20435303E+00
 0.20459901E+00
 0.20550454E+00
 0.20663587E+00
 0.20826258E+00
 0.20857501E+00
 0.20947088E+00
 0.21026221E+00
 0.21042040E+00
 0.21124829E+00
 0.21134022E+00
 0.21200261E+00
 0.21228094E+00
 0.21323118E+00
 0.21386044E+00
 0.21506699E+00
 0.21548701E+00
 0.21631734E+00
 0.21718628E+00
 0.21732616E+00
 0.21907258E+00
 0.21954651E+00
 0.21986778E+00
 0.22097131E+00
 0.22113465E+00
 0.22193419E+00
 0.22289657E+00
 0.22329027E+00
 0.22345290E+00
 0.22447277E+00
 0.22479480E+00
 0.22569994E+00
 0.22608504E+00
 0.22679292E+00
 0.22692413E+00
 0.22799815E+00
 0.22882959E+00
 0.22909390E+00
 0.22988942E+00
 0.23045569E+00
 0.23096357E+00
 0.23209123E+00
 0.23268999E+00
 0.23347137E+00
 0.23406883E+00
 0.23486076E+00
 0.23525533E+00
 0.23606786E+00
 0.23641178E+00
 0.23693837E+00
 0.23821432E+00
 0.23865240E+00
 0.23975709E+00
 0.23990774E+00
 0.24050357E+00
 0.24233903E+00
 0.24245475E+00
 0.24303191E+00
 0.24378395E+00
 0.24432959E+00
 0.24549242E+00
 0.24620741E+00
 0.24634909E+00
 0.24692623E+00
 0.24772509E+00
 0.24818353E+00
 0.24824436E+00
 0.24943401E+00
 0.25019703E+00
 0.25070378E+00
 0.25131533E+00
 0.25170772E+00
 0.25223802E+00
 0.25289462E+00
 0.25342705E+00
 0.25373658E+00
 0.25395930E+00
 0.25404954E+00
 0.25560014E+00
 0.25578585E+00
 0.25681141E+00
 0.25697247E+00
 0.25780142E+00
 0.25853333E+00
 0.25876556E+00
 0.25986658E+00
 0.26060269E+00
 0.26121774E+00
 0.26192807E+00
 0.26198738E+00
 0.26234501E+00
 0.26317861E+00
 0.26384316E+00
 0.26406151E+00
 0.26475287E+00
 0.26645117E+00
 0.26691507E+00
 0.26725315E+00
 0.26779047E+00
 0.26840558E+00
 0.26859240E+00
 0.26929623E+00
 0.26963934E+00
 0.27005585E+00
 0.27034984E+00
 0.27159061E+00
 0.27236153E+00
 0.27248723E+00
 0.27370864E+00
 0.27384277E+00
 0.27498469E+00
 0.27541634E+00
 0.27583836E+00
 0.27715483E+00
 0.27824908E+00
 0.27866976E+00
 0.27891309E+00
 0.27978787E+00
 0.28129731E+00
 0.28228599E+00
 0.28280094E+00
 0.28307314E+00
 0.28379148E+00
 0.28451175E+00
 0.28574176E+00
 0.28635494E+00
 0.28667950E+00
 0.28724303E+00
 0.28747462E+00
 0.28776840E+00
 0.28896384E+00
 0.28912815E+00
 0.29035624E+00
 0.29123561E+00
 0.29149232E+00
 0.29226294E+00
 0.29372348E+00
 0.29401964E+00
 0.29412449E+00
 0.29526453E+00
 0.29598776E+00
 0.29626619E+00
 0.29741993E+00
 0.29812583E+00
 0.29852207E+00
 0.29958278E+00
 0.30045749E+00
 0.30078360E+00
 0.30155459E+00
 0.30240171E+00
 0.30325869E+00
 0.30405736E+00
 0.30459436E+00
 0.30475986E+00
 0.30541703E+00
 0.30676720E+00
 0.30701745E+00
 0.30743906E+00
 0.30843034E+00
 0.30898167E+00
 0.30985425E+00
 0.31067802E+00
 0.31118030E+00
 0.31160228E+00
 0.31238364E+00
 0.31403976E+00
 0.31556170E+00
 0.31600189E+00
 0.31614013E+00
 0.31675621E+00
 0.31702976E+00
 0.31717652E+00
 0.31876198E+00
 0.31890688E+00
 0.32000417E+00
 0.32056802E+00
 0.32103503E+00
 0.32201927E+00
 0.32332951E+00
 0.32433451E+00
 0.32460648E+00
 0.32483347E+00
 0.32548898E+00
 0.32596282E+00
 0.32662364E+00
 0.32740799E+00
 0.32812012E+00
 0.32845083E+00
 0.32958946E+00
 0.33046411E+00
 0.33050761E+00
 0.33149263E+00
 0.33165286E+00
 0.33231047E+00
 0.33286256E+00
 0.33381559E+00
 0.33441695E+00
 0.33502768E+00
 0.33542511E+00
 0.33573916E+00
 0.33714123E+00
 0.33729955E+00
 0.33834089E+00
 0.33958359E+00
 0.34013497E+00
 0.34097887E+00
 0.34205447E+00
 0.34281798E+00
 0.34367192E+00
 0.34424096E+00
 0.34575230E+00
 0.34583815E+00
 0.34609747E+00
 0.34718815E+00
 0.34845319E+00
 0.34964746E+00
 0.35001888E+00
 0.35039245E+00
 0.35088713E+00
 0.35198493E+00
 0.35279671E+00
 0.35335005E+00
 0.35493455E+00
 0.35568771E+00
 0.35667897E+00
 0.35764506E+00
 0.35838998E+00
 0.35880239E+00
 0.36041654E+00
 0.36118058E+00
 0.36132755E+00
 0.36283888E+00
 0.36313531E+00
 0.36405367E+00
 0.36511910E+00
 0.36593972E+00
 0.36613814E+00
 0.36738040E+00
 0.36816524E+00
 0.36837129E+00
 0.36912870E+00
 0.36998910E+00
 0.37070355E+00
 0.37093474E+00
 0.37198555E+00
 0.37342928E+00
 0.37388610E+00
 0.37511401E+00
 0.37598361E+00
 0.37768075E+00
 0.37889088E+00
 0.37949869E+00
 0.38068674E+00
 0.38120229E+00
 0.38170945E+00
 0.38204423E+00
 0.38413190E+00
 0.38469354E+00
 0.38568534E+00
 0.38615274E+00
 0.38705682E+00
 0.38777761E+00
 0.38811265E+00
 0.38953962E+00
 0.38992304E+00
 0.39202484E+00
 0.39299805E+00
 0.39419211E+00
 0.39527021E+00
 0.39650017E+00
 0.39768231E+00
 0.39893402E+00
 0.39921516E+00
 0.40028501E+00
 0.40184012E+00
 0.40316105E+00
 0.40527700E+00
 0.40579874E+00
 0.40710219E+00
 0.40792580E+00
 0.40880750E+00
 0.40916955E+00
 0.40996184E+00
 0.41253277E+00
 0.41392945E+00
 0.41429268E+00
 0.41544119E+00
 0.41715728E+00
 0.41852896E+00
 0.41950355E+00
 0.42021609E+00
 0.42287747E+00
 0.42368749E+00
 0.42573784E+00
 0.42603620E+00
 0.42737175E+00
 0.42804172E+00
 0.42923240E+00
 0.43145936E+00
 0.43174236E+00
 0.43220971E+00
 0.43268402E+00
 0.43440999E+00
 0.43635599E+00
 0.43683185E+00
 0.43786225E+00
 0.43953471E+00
 0.43983355E+00
 0.44141783E+00
 0.44312112E+00
 0.44384076E+00
 0.44642285E+00
 0.44769220E+00
 0.44892150E+00
 0.44988360E+00
 0.45106436E+00
 0.45272401E+00
 0.45416313E+00
 0.45594064E+00
 0.45742108E+00
 0.45826192E+00
 0.45934818E+00
 0.45985978E+00
 0.46279330E+00
 0.46319309E+00
 0.46467462E+00
 0.46560496E+00
 0.46662828E+00
 0.46905854E+00
 0.47018662E+00
 0.47127658E+00
 0.47250984E+00
 0.47391946E+00
 0.47533378E+00
 0.47929439E+00
 0.47998477E+00
 0.48124321E+00
 0.48155869E+00
 0.48321093E+00
 0.48366133E+00
 0.48400800E+00
 0.48486379E+00
 0.48597497E+00
 0.48795714E+00
 0.49027743E+00
 0.49341881E+00
 0.49397991E+00
 0.49576979E+00
 0.49872970E+00
 0.50002298E+00
 0.50222542E+00
 0.50316876E+00
 0.50406990E+00
 0.50417462E+00
 0.50657774E+00
 0.51020762E+00
 0.51041712E+00
 0.51190741E+00
 0.51274415E+00
 0.51618981E+00
 0.51632802E+00
 0.51904248E+00
 0.51920080E+00
 0.52014662E+00
 0.52070694E+00
 0.52313328E+00
 0.52500562E+00
 0.52627799E+00
 0.52674224E+00
 0.52812179E+00
 0.53078376E+00
 0.53199978E+00
 0.53253030E+00
 0.53361965E+00
 0.53662967E+00
 0.53717484E+00
 0.54123909E+00
 0.54264241E+00
 0.54331872E+00
 0.54616445E+00
 0.54846345E+00
 0.54898312E+00
 0.54966438E+00
 0.55271817E+00
 0.55434613E+00
 0.55516152E+00
 0.55848691E+00
 0.56004908E+00
 0.56052523E+00
 0.56213141E+00
 0.56550850E+00
 0.56673029E+00
 0.57069736E+00
 0.57192457E+00
 0.57491476E+00
 0.57721898E+00
 0.58111620E+00
 0.58187902E+00
 0.58747810E+00
 0.58851399E+00
 0.59009729E+00
 0.59151596E+00
 0.59302772E+00
 0.59662478E+00
 0.59962540E+00
 0.60215556E+00
 0.60455012E+00
 0.60783560E+00
 0.61134916E+00
 0.61335709E+00
 0.61666182E+00
 0.61906040E+00
 0.62281434E+00
 0.62523451E+00
 0.62604496E+00
 0.62952191E+00
 0.63178589E+00
 0.63206696E+00
 0.63333963E+00
 0.63520396E+00
 0.63620707E+00
 0.63706873E+00
 0.63852391E+00
 0.64003852E+00
 0.64111973E+00
 0.64196468E+00
 0.64274429E+00
 0.64526360E+00
 0.64684004E+00
 0.64883172E+00
 0.65001446E+00
 0.65155688E+00
 0.65255563E+00
 0.65363735E+00
 0.65488076E+00
 0.65582817E+00
 0.65625065E+00
 0.65903149E+00
 0.66035369E+00
 0.66206814E+00
 0.66353354E+00
 0.66475431E+00
 0.66683050E+00
 0.66687327E+00
 0.66844427E+00
 0.67160604E+00
 0.67194939E+00
 0.67426326E+00
 0.67484957E+00
 0.67606408E+00
 0.67941368E+00
 0.68083108E+00
 0.68133155E+00
 0.68274857E+00
 0.68334385E+00
 0.68404419E+00
 0.68445181E+00
 0.68680347E+00
 0.68815923E+00
 0.68903375E+00
 0.69014766E+00
 0.69126884E+00
 0.69294381E+00
 0.69308362E+00
 0.69498649E+00
 0.69614186E+00
 0.69663926E+00
 0.69734902E+00
 0.69838454E+00
 0.69985552E+00
 0.70065667E+00
 0.70288463E+00
 0.70420552E+00
 0.70494149E+00
 0.70772267E+00
 0.70882268E+00
 0.71010745E+00
 0.71269280E+00
 0.71309118E+00
 0.71412065E+00
 0.71483959E+00
 0.71624244E+00
 0.71667784E+00
 0.71881682E+00
 0.71920791E+00
 0.72113352E+00
 0.72205064E+00
 0.72452363E+00
 0.72483365E+00
 0.72570434E+00
 0.72614474E+00
 0.72744443E+00
 0.72858023E+00
 0.72988152E+00
 0.73100160E+00
 0.73195279E+00
 0.73250512E+00
 0.73289576E+00
 0.73542260E+00
 0.73563510E+00
 0.73658202E+00
 0.73845624E+00
 0.73941174E+00
 0.74092660E+00
 0.74172427E+00
 0.74356203E+00
 0.74431385E+00
 0.74563050E+00
 0.74676610E+00
 0.74741626E+00
 0.74760839E+00
 0.75012948E+00
 0.75026495E+00
 0.75102969E+00
 0.75178252E+00
 0.75358861E+00
 0.75471223E+00
 0.75710643E+00
 0.75795922E+00
 0.75913494E+00
 0.75951839E+00
 0.76108258E+00
 0.76347430E+00
 0.76419620E+00
 0.76542264E+00
 0.76687183E+00
 0.76872420E+00
 0.77001004E+00
 0.77108762E+00
 0.77256498E+00
 0.77398154E+00
 0.77519615E+00
 0.77690564E+00
 0.77882297E+00
 0.77945038E+00
 0.77999908E+00
 0.78182429E+00
 0.78280604E+00
 0.78341953E+00
 0.78369154E+00
 0.78508972E+00
 0.78657741E+00
 0.78728885E+00
 0.78899223E+00
 0.79123812E+00
 0.79154974E+00
 0.79292348E+00
 0.79461800E+00
 0.79647233E+00
 0.79735715E+00
 0.80164251E+00
 0.80219271E+00
 0.80465899E+00
 0.80524320E+00
 0.80666708E+00
 0.80829965E+00
 0.80907478E+00
 0.81027104E+00
 0.81379203E+00
 0.81423251E+00
 0.81493570E+00
 0.81744011E+00
 0.81777293E+00
 0.81881854E+00
 0.82076291E+00
 0.82164087E+00
 0.82240274E+00
 0.82293992E+00
 0.82399539E+00
 0.82703534E+00
 0.82730788E+00
 0.82832686E+00
 0.82963763E+00
 0.83167524E+00
 0.83456861E+00
 0.83573292E+00
 0.83727866E+00
 0.83870818E+00
 0.83916606E+00
 0.84025667E+00
 0.84067894E+00
 0.84124508E+00
 0.84174760E+00
 0.84288458E+00
 0.84481907E+00
 0.84527850E+00
 0.84696669E+00
 0.84837575E+00
 0.84926440E+00
 0.85148415E+00
 0.85229920E+00
 0.85385324E+00
 0.85522063E+00
 0.85674004E+00
 0.85752170E+00
 0.85988934E+00
 0.86016800E+00
 0.86263589E+00
 0.86505626E+00
 0.86587413E+00
 0.86826948E+00
 0.86839792E+00
 0.87060747E+00
 0.87220533E+00
 0.87514033E+00
 0.87678373E+00
 0.87888713E+00
 0.87951857E+00
 0.88169010E+00
 0.88477973E+00
 0.88554570E+00
 0.88593302E+00
 0.88819463E+00
 0.89057356E+00
 0.89283013E+00
 0.89466635E+00
 0.89678066E+00
 0.89828260E+00
 0.89956271E+00
 0.89960429E+00
 0.90181159E+00
 0.90213213E+00
 0.90313612E+00
 0.90576074E+00
 0.90790211E+00
 0.90947510E+00
 0.91036091E+00
 0.91217054E+00
 0.91502700E+00
 0.91705923E+00
 0.91751195E+00
 0.92095420E+00
 0.92255300E+00
 0.92471489E+00
 0.92984464E+00
 0.93037741E+00
 0.93231753E+00
 0.93310697E+00
 0.93375162E+00
 0.93411171E+00
 0.93609205E+00
 0.93893598E+00
 0.93996114E+00
 0.94090823E+00
 0.94196748E+00
 0.94401906E+00
 0.94440513E+00
 0.94576764E+00
 0.94730139E+00
 0.94847339E+00
 0.95262484E+00
 0.95543182E+00
 0.95621522E+00
 0.95912420E+00
 0.96156701E+00
 0.96241113E+00
 0.96345328E+00
 0.96477770E+00
 0.96520233E+00
 0.96673091E+00
 0.96730215E+00
 0.96919309E+00
 0.97048879E+00
 0.97352244E+00
 0.97398410E+00
 0.97532737E+00
 0.97813206E+00
 0.97954357E+00
 0.98038513E+00
 0.98270855E+00
 0.98495995E+00
 0.98610831E+00
 0.98699563E+00
 0.98792208E+00
 0.99258542E+00
 0.99285762E+00
 0.99617849E+00
 0.99705733E+00
 0.99811349E+00
 0.99892782E+00
 0.99992675E+00
 0.10008374E+01
 0.10015029E+01
 0.10031469E+01
 0.10038661E+01
 0.10045699E+01
 0.10082323E+01
 0.10085950E+01
 0.10091546E+01
 0.10096714E+01
 0.10115372E+01
 0.10137744E+01
 0.10142906E+01
 0.10160977E+01
 0.10172044E+01
 0.10182791E+01
 0.10192439E+01
 0.10206192E+01
 0.10226370E+01
 0.10252788E+01
 0.10260259E+01
 0.10270013E+01
 0.10286402E+01
 0.10298742E+01
 0.10315965E+01
 0.10333607E+01
 0.10350354E+01
 0.10377151E+01
 0.10395380E+01
 0.10400103E+01
 0.10415777E+01
 0.10427820E+01
 0.10434850E+01
 0.10442323E+01
 0.10455312E+01
 0.10462719E+01
 0.10497811E+01
 0.10506564E+01
 0.10511488E+01
 0.10542652E+01
 0.10558939E+01
 0.10571366E+01
 0.10597272E+01
 0.10611774E+01
 0.10639066E+01
 0.10650308E+01
 0.10673438E+01
 0.10678835E+01
 0.10697889E+01
 0.10700314E+01
 0.10720362E+01
 0.10745089E+01
 0.10759207E+01
 0.10773413E+01
 0.10778677E+01
 0.10791707E+01
 0.10807806E+01
 0.10823496E+01
 0.10838976E+01
 0.10854108E+01
 0.10867428E+01
 0.10874279E+01
 0.10882226E+01
 0.10913251E+01
 0.10954774E+01
 0.10963443E+01
 0.10982547E+01
 0.11020668E+01
 0.11024153E+01
 0.11053229E+01
 0.11075365E+01
 0.11082402E+01
 0.11094713E+01
 0.11144365E+01
 0.11152599E+01
 0.11162418E+01
 0.11181747E+01
 0.11191208E+01
 0.11228099E+01
 0.11231378E+01
 0.11241663E+01
 0.11264819E+01
 0.11296758E+01
 0.11304714E+01
 0.11315358E+01
 0.11335468E+01
 0.11350280E+01
 0.11354988E+01
 0.11375169E+01
 0.11378583E+01
 0.11387459E+01
 0.11405268E+01
 0.11429456E+01
 0.11443182E+01
 0.11452889E+01
 0.11461565E+01
 0.11479267E+01
 0.11487948E+01
 0.11503232E+01
 0.11525101E+01
 0.11559875E+01
 0.11571878E+01
 0.11589857E+01
 0.11600809E+01
 0.11612557E+01
 0.11635870E+01
 0.11641123E+01
 0.11657104E+01
 0.11672812E+01
 0.11690936E+01
 0.11700950E+01
 0.11708922E+01
 0.11741748E+01
 0.11751039E+01
 0.11760192E+01
 0.11765784E+01
 0.11802020E+01
 0.11814440E+01
 0.11826472E+01
 0.11849664E+01
 0.11857694E+01
 0.11865554E+01
 0.11884185E+01
 0.11889835E+01
 0.11915696E+01
 0.11923620E+01
 0.11964507E+01
 0.11973747E+01
 0.12010715E+01
 0.12031567E+01
 0.12043584E+01
 0.12051447E+01
 0.12062313E+01
 0.12119175E+01
 0.12124383E+01
 0.12162385E+01
 0.12164059E+01
 0.12188130E+01
 0.12195084E+01
 0.12215628E+01
 0.12221385E+01
 0.12256160E+01
 0.12263332E+01
 0.12264333E+01
 0.12303865E+01
 0.12316101E+01
 0.12329977E+01
 0.12345512E+01
 0.12352434E+01
 0.12357724E+01
 0.12362369E+01
 0.12392272E+01
 0.12408771E+01
 0.12415729E+01
 0.12434239E+01
 0.12451044E+01
 0.12460406E+01
 0.12477979E+01
 0.12493721E+01
 0.12497287E+01
 0.12511172E+01
 0.12523410E+01
 0.12527345E+01
 0.12544796E+01
 0.12555693E+01
 0.12565355E+01
 0.12588079E+01
 0.12595268E+01
 0.12599370E+01
 0.12602769E+01
 0.12612877E+01
 0.12623981E+01
 0.12637669E+01
 0.12642278E+01
 0.12660061E+01
 0.12668126E+01
 0.12679032E+01
 0.12694053E+01
 0.12712916E+01
 0.12726990E+01
 0.12733502E+01
 0.12756363E+01
 0.12760355E+01
 0.12778939E+01
 0.12795839E+01
 0.12811930E+01
 0.12821084E+01
 0.12840801E+01
 0.12851200E+01
 0.12853290E+01
 0.12870838E+01
 0.12873642E+01
 0.12878271E+01
 0.12893993E+01
 0.12924900E+01
 0.12941562E+01
 0.12949973E+01
 0.12982875E+01
 0.12994963E+01
 0.12998400E+01
 0.13014181E+01
 0.13032102E+01
 0.13042262E+01
 0.13055874E+01
 0.13058418E+01
 0.13071276E+01
 0.13078964E+01
 0.13112345E+01
 0.13124173E+01
 0.13150449E+01
 0.13158534E+01
 0.13184012E+01
 0.13197804E+01
 0.13201227E+01
 0.13206548E+01
 0.13247271E+01
 0.13266688E+01
 0.13274806E+01
 0.13280946E+01
 0.13309411E+01
 0.13313794E+01
 0.13323241E+01
 0.13358957E+01
 0.13361985E+01
 0.13384149E+01
 0.13408741E+01
 0.13411982E+01
 0.13422076E+01
 0.13433206E+01
 0.13448124E+01
 0.13456619E+01
 0.13473289E+01
 0.13497200E+01
 0.13521454E+01
 0.13527993E+01
 0.13532040E+01
 0.13543913E+01
 0.13555962E+01
 0.13585465E+01
 0.13593151E+01
 0.13598828E+01
 0.13615594E+01
 0.13628623E+01
 0.13647364E+01
 0.13654442E+01
 0.13689095E+01
 0.13697738E+01
 0.13716405E+01
 0.13732409E+01
 0.13748553E+01
 0.13753200E+01
 0.13761814E+01
 0.13775636E+01
 0.13795016E+01
 0.13828011E+01
 0.13847886E+01
 0.13865183E+01
 0.13880990E+01
 0.13910634E+01
 0.13921745E+01
 0.13932837E+01
 0.13959624E+01
 0.14001911E+01
 0.14015656E+01
 0.14024311E+01
 0.14043579E+01
 0.14052879E+01
 0.14068892E+01
 0.14092407E+01
 0.14099763E+01
 0.14138412E+01
 0.14153870E+01
 0.14170483E+01
 0.14229849E+01
 0.14253717E+01
 0.14260393E+01
 0.14302507E+01
 0.14361185E+01
 0.14381090E+01
 0.14417883E+01
 0.14452861E+01
 0.14474954E+01
 0.14524828E+01
 0.14555059E+01
 0.14570612E+01
 0.14598081E+01
 0.14604808E+01
 0.14619150E+01
 0.14626487E+01
 0.14653970E+01
 0.14680481E+01
 0.14697875E+01
 0.14715508E+01
 0.14727872E+01
 0.14742475E+01
 0.14760549E+01
 0.14778395E+01
 0.14787011E+01
 0.14801949E+01
 0.14824333E+01
 0.14855123E+01
 0.14875377E+01
 0.14895540E+01
 0.14914602E+01
 0.14938216E+01
 0.14969252E+01
 0.15021784E+01
 0.15050297E+01
 0.15074956E+01
 0.15086980E+01
 0.15099805E+01
 0.15114499E+01
 0.15135113E+01
 0.15161535E+01
 0.15215983E+01
 0.15254286E+01
 0.15289658E+01
 0.15295385E+01
 0.15345092E+01
 0.15368527E+01
 0.15375986E+01
 0.15393191E+01
 0.15402232E+01
 0.15421185E+01
 0.15463392E+01
 0.15481708E+01
 0.15511345E+01
 0.15552288E+01
 0.15569650E+01
 0.15593789E+01
 0.15602832E+01
 0.15626088E+01
 0.15659142E+01
 0.15671082E+01
 0.15698967E+01
 0.15718877E+01
 0.15754388E+01
 0.15780933E+01
 0.15791664E+01
 0.15843072E+01
 0.15861668E+01
 0.15892315E+01
 0.15907338E+01
 0.15916155E+01
 0.15927858E+01
 0.15939359E+01
 0.15952015E+01
 0.15966801E+01
 0.15970408E+01
 0.15985853E+01
 0.16018411E+01
 0.16034947E+01
 0.16060385E+01
 0.16084846E+01
 0.16118073E+01
 0.16147756E+01
 0.16158651E+01
 0.16192581E+01
 0.16236573E+01
 0.16285834E+01
 0.16331206E+01
 0.16343613E+01
 0.16358826E+01
 0.16382761E+01
 0.16399628E+01
 0.16415683E+01
 0.16447774E+01
 0.16452308E+01
 0.16457535E+01
 0.16477242E+01
 0.16526809E+01
 0.16540416E+01
 0.16568260E+01
 0.16591957E+01
 0.16607448E+01
 0.16624049E+01
 0.16640326E+01
 0.16646091E+01
 0.16669732E+01
 0.16693387E+01
 0.16704905E+01
 0.16729107E+01
 0.16741459E+01
 0.16768655E+01
 0.16777761E+01
 0.16820742E+01
 0.16842487E+01
 0.16872536E+01
 0.16882458E+01
 0.16910368E+01
 0.16955560E+01
 0.16963748E+01
 0.16984853E+01
 0.17012771E+01
 0.17023693E+01
 0.17042079E+01
 0.17049811E+01
 0.17068576E+01
 0.17079746E+01
 0.17105973E+01
 0.17130490E+01
 0.17136096E+01
 0.17151163E+01
 0.17182508E+01
 0.17192840E+01
 0.17209539E+01
 0.17235777E+01
 0.17247561E+01
 0.17264412E+01
 0.17270650E+01
 0.17281193E+01
 0.17291347E+01
 0.17296820E+01
 0.17304759E+01
 0.17328454E+01
 0.17332426E+01
 0.17356576E+01
 0.17375858E+01
 0.17396020E+01
 0.17412729E+01
 0.17423716E+01
 0.17456961E+01
 0.17492525E+01
 0.17502495E+01
 0.17518074E+01
 0.17530758E+01
 0.17543951E+01
 0.17548993E+01
 0.17566571E+01
 0.17573291E+01
 0.17582817E+01
 0.17593157E+01
 0.17616498E+01
 0.17622626E+01
 0.17630870E+01
 0.17639358E+01
 0.17664116E+01
 0.17684729E+01
 0.17694522E+01
 0.17706948E+01
 0.17714568E+01
 0.17720459E+01
 0.17734975E+01
 0.17737208E+01
 0.17749055E+01
 0.17773459E+01
 0.17777252E+01
 0.17783995E+01
 0.17803062E+01
 0.17829545E+01
 0.17849216E+01
 0.17862494E+01
 0.17878189E+01
 0.17893379E+01
 0.17905223E+01
 0.17922481E+01
 0.17936484E+01
 0.17948788E+01
 0.17960254E+01
 0.17974609E+01
 0.17978743E+01
 0.17990988E+01
 0.18007095E+01
 0.18010195E+01
 0.18018596E+01
 0.18030698E+01
 0.18041673E+01
 0.18055809E+01
 0.18066003E+01
 0.18072868E+01
 0.18089859E+01
 0.18097480E+01
 0.18111946E+01
 0.18137389E+01
 0.18151581E+01
 0.18163691E+01
 0.18170388E+01
 0.18189289E+01
 0.18201134E+01
 0.18234795E+01
 0.18240616E+01
 0.18264218E+01
 0.18281638E+01
 0.18301788E+01
 0.18307801E+01
 0.18352435E+01
 0.18357759E+01
 0.18382248E+01
 0.18399992E+01
 0.18412186E+01
 0.18437677E+01
 0.18447087E+01
 0.18455938E+01
 0.18468932E+01
 0.18486396E+01
 0.18513911E+01
 0.18526773E+01
 0.18535015E+01
 0.18545138E+01
 0.18562974E+01
 0.18613006E+01
 0.18618841E+01
 0.18650964E+01
 0.18655387E+01
 0.18666197E+01
 0.18679123E+01
 0.18722996E+01
 0.18744667E+01
 0.18757844E+01
 0.18763824E+01
 0.18798145E+01
 0.18824980E+01
 0.18838259E+01
 0.18849987E+01
 0.18868306E+01
 0.18870014E+01
 0.18894706E+01
 0.18905954E+01
 0.18934968E+01
 0.18954238E+01
 0.18959027E+01
 0.18964189E+01
 0.18971113E+01
 0.18984742E+01
 0.19022176E+01
 0.19031327E+01
 0.19048621E+01
 0.19053338E+01
 0.19064994E+01
 0.19080052E+01
 0.19095680E+01
 0.19113495E+01
 0.19133094E+01
 0.19183415E+01
 0.19200678E+01
 0.19208266E+01
 0.19223017E+01
 0.19256601E+01
 0.19273530E+01
 0.19308628E+01
 0.19328813E+01
 0.19357097E+01
 0.19370433E+01
 0.19396601E+01
 0.19403068E+01
 0.19472314E+01
 0.19483546E+01
 0.19519143E+01
 0.19527452E+01
 0.19553065E+01
 0.19563698E+01
 0.19583490E+01
 0.19597127E+01
 0.19603394E+01
 0.19638386E+01
 0.19658550E+01
 0.19709111E+01
 0.19751640E+01
 0.19768223E+01
 0.19777964E+01
 0.19823316E+01
 0.19829878E+01
 0.19857381E+01
 0.19872430E+01
 0.19897965E+01
 0.19921230E+01
 0.19936985E+01
 0.19962377E+01
 0.19990447E+01
 0.20000875E+01
 0.20046471E+01
 0.20097039E+01
 0.20104330E+01
 0.20114217E+01
 0.20134565E+01
 0.20137216E+01
 0.20165020E+01
 0.20187060E+01
 0.20193503E+01
 0.20228874E+01
 0.20239903E+01
 0.20258020E+01
 0.20279354E+01
 0.20301940E+01
 0.20307902E+01
 0.20312386E+01
 0.20337734E+01
 0.20389304E+01
 0.20400052E+01
 0.20413139E+01
 0.20418753E+01
 0.20443940E+01
 0.20453481E+01
 0.20476222E+01
 0.20480905E+01
 0.20500458E+01
 0.20501853E+01
 0.20514193E+01
 0.20535174E+01
 0.20546844E+01
 0.20582101E+01
 0.20596545E+01
 0.20601308E+01
 0.20644954E+01
 0.20653747E+01
 0.20709711E+01
 0.20737481E+01
 0.20741029E+01
 0.20765955E+01
 0.20780899E+01
 0.20797960E+01
 0.20818421E+01
 0.20845941E+01
 0.20850445E+01
 0.20917601E+01
 0.20937841E+01
 0.20950250E+01
 0.20958857E+01
 0.20974146E+01
 0.20988283E+01
 0.21040042E+01
 0.21046087E+01
 0.21060765E+01
 0.21103240E+01
 0.21110227E+01
 0.21123200E+01
 0.21140216E+01
 0.21153378E+01
 0.21171760E+01
 0.21185055E+01
 0.21204734E+01
 0.21226388E+01
 0.21230147E+01
 0.21266629E+01
 0.21269115E+01
 0.21288398E+01
 0.21299291E+01
 0.21329345E+01
 0.21344884E+01
 0.21372119E+01
 0.21385619E+01
 0.21397627E+01
 0.21407651E+01
 0.21413961E+01
 0.21430839E+01
 0.21457572E+01
 0.21465311E+01
 0.21494720E+01
 0.21512414E+01
 0.21519772E+01
 0.21531435E+01
 0.21541474E+01
 0.21561373E+01
 0.21571228E+01
 0.21593345E+01
 0.21642023E+01
 0.21645976E+01
 0.21652702E+01
 0.21681028E+01
 0.21725088E+01
 0.21734944E+01
 0.21745337E+01
 0.21815980E+01
 0.21824288E+01
 0.21864743E+01
 0.21874208E+01
 0.21890453E+01
 0.21896866E+01
 0.21930727E+01
 0.21945481E+01
 0.21970252E+01
 0.22017539E+01
 0.22027981E+01
 0.22065296E+01
 0.22085437E+01
 0.22089992E+01
 0.22119275E+01
 0.22125651E+01
 0.22139526E+01
 0.22168659E+01
 0.22186414E+01
 0.22205865E+01
 0.22220099E+01
 0.22268756E+01
 0.22291793E+01
 0.22308185E+01
 0.22320727E+01
 0.22331964E+01
 0.22360814E+01
 0.22365645E+01
 0.22408990E+01
 0.22422002E+01
 0.22442617E+01
 0.22485189E+01
 0.22503287E+01
 0.22513619E+01
 0.22542869E+01
 0.22564416E+01
 0.22592104E+01
 0.22614492E+01
 0.22628967E+01
 0.22686248E+01
 0.22743728E+01
 0.22761604E+01
 0.22784675E+01
 0.22839167E+01
 0.22852569E+01
 0.22910078E+01
 0.22932014E+01
 0.22948247E+01
 0.22984850E+01
 0.23017694E+01
 0.23036646E+01
 0.23069232E+01
 0.23081666E+01
 0.23113621E+01
 0.23129771E+01
 0.23142213E+01
 0.23194770E+01
 0.23217247E+01
 0.23224507E+01
 0.23231989E+01
 0.23252440E+01
 0.23299798E+01
 0.23313379E+01
 0.23335187E+01
 0.23363690E+01
 0.23386521E+01
 0.23405688E+01
 0.23421113E+01
 0.23438162E+01
 0.23459845E+01
 0.23484621E+01
 0.23499241E+01
 0.23538368E+01
 0.23569878E+01
 0.23581656E+01
 0.23607042E+01
 0.23610748E+01
 0.23656188E+01
 0.23667764E+01
 0.23684559E+01
 0.23703421E+01
 0.23739202E+01
 0.23752873E+01
 0.23780313E+01
 0.23799679E+01
 0.23823521E+01
 0.23854731E+01
 0.23911321E+01
 0.23918378E+01
 0.23932115E+01
 0.23945424E+01
 0.23974127E+01
 0.23981035E+01
 0.23995243E+01
 0.24002707E+01
 0.24024731E+01
 0.24050862E+01
 0.24071104E+01
 0.24089656E+01
 0.24139238E+01
 0.24166816E+01
 0.24181936E+01
 0.24194422E+01
 0.24204286E+01
 0.24228307E+01
 0.24241215E+01
 0.24274655E+01
 0.24288271E+01
 0.24345259E+01
 0.24353049E+01
 0.24381320E+01
 0.24389628E+01
 0.24418234E+01
 0.24460127E+01
 0.24517813E+01
 0.24528889E+01
 0.24536794E+01
 0.24549347E+01
 0.24557660E+01
 0.24585017E+01
 0.24591408E+01
 0.24647651E+01
 0.24694596E+01
 0.24728967E+01
 0.24749443E+01
 0.24766540E+01
 0.24783525E+01
 0.24839114E+01
 0.24862820E+01
 0.24884793E+01
 0.24910064E+01
 0.24943730E+01
 0.24955010E+01
 0.24958708E+01
 0.24973637E+01
 0.24984498E+01
 0.25015627E+01
 0.25108228E+01
 0.25122309E+01
 0.25135176E+01
 0.25165478E+01
 0.25173890E+01
 0.25197070E+01
 0.25232097E+01
 0.25243212E+01
 0.25339509E+01
 0.25427061E+01
 0.25430930E+01
 0.25471108E+01
 0.25551321E+01
 0.25568402E+01
 0.25596108E+01
 0.25610310E+01
 0.25641651E+01
 0.25644967E+01
 0.25675174E+01
 0.25687662E+01
 0.25713524E+01
 0.25715142E+01
 0.25744590E+01
 0.25760055E+01
 0.25800103E+01
 0.25842401E+01
 0.25902480E+01
 0.25953451E+01
 0.25979709E+01
 0.26008433E+01
 0.26065700E+01
 0.26116775E+01
 0.26162396E+01
 0.26193803E+01
 0.26225433E+01
 0.26231268E+01
 0.26261659E+01
 0.26283917E+01
 0.26321648E+01
 0.26353306E+01
 0.26355231E+01
 0.26357069E+01
 0.26383834E+01
 0.26430038E+01
 0.26448226E+01
 0.26487592E+01
 0.26499117E+01
 0.26563230E+01
 0.26656967E+01
 0.26666893E+01
 0.26670969E+01
 0.26695227E+01
 0.26743256E+01
 0.26778511E+01
 0.26782532E+01
 0.26821318E+01
 0.26835335E+01
 0.26840324E+01
 0.26854459E+01
 0.26864322E+01
 0.26905852E+01
 0.26926834E+01
 0.26967554E+01
 0.26984304E+01
 0.26997393E+01
 0.27023348E+01
 0.27041019E+01
 0.27052170E+01
 0.27062257E+01
 0.27081396E+01
 0.27105741E+01
 0.27158811E+01
 0.27163117E+01
 0.27181112E+01
 0.27199621E+01
 0.27226926E+01
 0.27269997E+01
 0.27282184E+01
 0.27294578E+01
 0.27309297E+01
 0.27326885E+01
 0.27391438E+01
 0.27412613E+01
 0.27490824E+01
 0.27564995E+01
 0.27600186E+01
 0.27610954E+01
 0.27629340E+01
 0.27659984E+01
 0.27683253E+01
 0.27699483E+01
 0.27779586E+01
 0.27813436E+01
 0.27843296E+01
 0.27888426E+01
 0.27907860E+01
 0.27942296E+01
 0.27971409E+01
 0.28012768E+01
 0.28019984E+01
 0.28051586E+01
 0.28134699E+01
 0.28153221E+01
 0.28156594E+01
 0.28172670E+01
 0.28178284E+01
 0.28229748E+01
 0.28259649E+01
 0.28313454E+01
 0.28328227E+01
 0.28362760E+01
 0.28367966E+01
 0.28426117E+01
 0.28429342E+01
 0.28471690E+01
 0.28489332E+01
 0.28527662E+01
 0.28556816E+01
 0.28574556E+01
 0.28600535E+01
 0.28622152E+01
 0.28639545E+01
 0.28672131E+01
 0.28676246E+01
 0.28710244E+01
 0.28744212E+01
 0.28775428E+01
 0.28918892E+01
 0.28934573E+01
 0.28936401E+01
 0.28964234E+01
 0.28971621E+01
 0.29008762E+01
 0.29037962E+01
 0.29043240E+01
 0.29062325E+01
 0.29085038E+01
 0.29151002E+01
 0.29216949E+01
 0.29227359E+01
 0.29270777E+01
 0.29306452E+01
 0.29323209E+01
 0.29349527E+01
 0.29435519E+01
 0.29466584E+01
 0.29510262E+01
 0.29527384E+01
 0.29530553E+01
 0.29618481E+01
 0.29622988E+01
 0.29628428E+01
 0.29670378E+01
 0.29738310E+01
 0.29812413E+01
 0.29844286E+01
 0.29880919E+01
 0.29899356E+01
 0.29960702E+01
 0.30027435E+01
 0.30059950E+01
 0.30064296E+01
 0.30087132E+01
 0.30126511E+01
 0.30227500E+01
 0.30257915E+01
 0.30325440E+01
 0.30362651E+01
 0.30457444E+01
 0.30495439E+01
 0.30532523E+01
 0.30541933E+01
 0.30622180E+01
 0.30673988E+01
 0.30733110E+01
 0.30783237E+01
 0.30821060E+01
 0.30854170E+01
 0.30881210E+01
 0.30939247E+01
 0.30993350E+01
 0.31108064E+01
 0.31123473E+01
 0.31242033E+01
 0.31283937E+01
 0.31339252E+01
 0.31364095E+01
 0.31411638E+01
 0.31448194E+01
 0.31550006E+01
 0.31565868E+01
 0.31648365E+01
 0.31665292E+01
 0.31704505E+01
 0.31723788E+01
 0.31741890E+01
 0.31878572E+01
 0.31988573E+01
 0.32033671E+01
 0.32090009E+01
 0.32109259E+01
 0.32175653E+01
 0.32225994E+01
 0.32274210E+01
 0.32362478E+01
 0.32436338E+01
 0.32497949E+01
 0.32533207E+01
 0.32553458E+01
 0.32578787E+01
 0.32623785E+01
 0.32646516E+01
 0.32714114E+01
 0.32750143E+01
 0.32762916E+01
 0.32827838E+01
 0.32830350E+01
 0.32862354E+01
 0.32943188E+01
 0.32989477E+01
 0.33060444E+01
 0.33088655E+01
 0.33198839E+01
 0.33266663E+01
 0.33286071E+01
 0.33332350E+01
 0.33349215E+01
 0.33371744E+01
 0.33409070E+01
 0.33449150E+01
 0.33608090E+01
 0.33611945E+01
 0.33619406E+01
 0.33715090E+01
 0.33869987E+01
 0.33958737E+01
 0.34082691E+01
 0.34121125E+01
 0.34161399E+01
 0.34236735E+01
 0.34256540E+01
 0.34425108E+01
 0.34504868E+01
 0.34572822E+01
 0.34615121E+01
 0.34728246E+01
 0.34750457E+01
 0.34790074E+01
 0.34795679E+01
 0.34811649E+01
 0.34876512E+01
 0.34883592E+01
 0.34948964E+01
 0.34969370E+01
 0.34991456E+01
 0.34995091E+01
 0.35066902E+01
 0.35078585E+01
 0.35151712E+01
 0.35204267E+01
 0.35223803E+01
 0.35278640E+01
 0.35358436E+01
 0.35372557E+01
 0.35423794E+01
 0.35490157E+01
 0.35579241E+01
 0.35734994E+01
 0.35883893E+01
 0.35895800E+01
 0.35961675E+01
 0.39074794E+01
 0.39093199E+01
 0.39325138E+01
 0.39334165E+01
 0.39366502E+01
 0.39376801E+01
 0.39456707E+01
 0.39621657E+01
 0.39701832E+01
 0.39732807E+01
 0.39784215E+01
 0.39885421E+01
 0.39917366E+01
 0.39930674E+01
 0.40057966E+01
 0.40072550E+01
 0.40133029E+01
 0.40135601E+01
 0.40252238E+01
 0.40364400E+01
 0.40533358E+01
 0.40612382E+01
 0.41315398E+01
 0.41469707E+01
 0.42116674E+01
 0.42268678E+01
 0.42392269E+01
 0.42514723E+01
 0.42589271E+01
 0.42602374E+01
 0.42737593E+01
 0.42745408E+01
 0.42845679E+01
 0.42849625E+01
 0.42926377E+01
 0.42945282E+01
 0.43003436E+01
 0.43027615E+01
 0.43088232E+01
 0.43225152E+01
 0.43305149E+01
 0.43389484E+01
 0.43432595E+01
 0.43439469E+01
 0.43473626E+01
 0.43492287E+01
 0.43540951E+01
 0.43556907E+01
 0.43626986E+01
 0.43682944E+01
 0.43716489E+01
 0.43753606E+01
 0.43837653E+01
 0.43861080E+01
 0.43942920E+01
 0.43957411E+01
 0.43977669E+01
 0.44010664E+01
 0.44079201E+01
 0.44107191E+01
 0.44266959E+01
 0.44328574E+01
 0.44380332E+01
 0.44385174E+01
 0.44477835E+01
 0.44529990E+01
 0.44607240E+01
 0.44670074E+01
 0.44681257E+01
 0.44697313E+01
 0.44725782E+01
 0.44728393E+01
 0.44763207E+01
 0.44793397E+01
 0.44864757E+01
 0.44952223E+01
 0.44979360E+01
 0.45042201E+01
 0.45071371E+01
 0.45094514E+01
 0.45136725E+01
 0.45213556E+01
 0.45233739E+01
 0.45274345E+01
 0.45336519E+01
 0.45346298E+01
 0.45380380E+01
 0.45511512E+01
 0.45535238E+01
 0.45651017E+01
 0.45709654E+01
 0.45775303E+01
 0.45793913E+01
 0.45828086E+01
 0.45863493E+01
 0.45911246E+01
 0.45982853E+01
 0.46052890E+01
 0.46097621E+01
 0.46126580E+01
 0.46138454E+01
 0.46276177E+01
 0.46356942E+01
 0.46364847E+01
 0.46445979E+01
 0.46501433E+01
 0.46541986E+01
 0.46565357E+01
 0.46673531E+01
 0.46876582E+01
 0.46897567E+01
 0.46908050E+01
 0.47156497E+01
 0.47187263E+01
 0.47237000E+01
 0.47345585E+01
 0.47421744E+01
 0.47449976E+01
 0.47522365E+01
 0.47564589E+01
 0.47756128E+01
 0.47794885E+01
 0.47984456E+01
 0.48065663E+01
 0.48161474E+01
 0.48244792E+01
 0.49012257E+01
 0.49344842E+01
 0.49345189E+01
 0.49380791E+01
 0.49605304E+01
 0.49624241E+01
 0.50012663E+01
 0.50118068E+01
 0.50128366E+01
 0.50172678E+01
 0.51239271E+01
 0.53349320E+01
 0.56614397E+01
 0.56656116E+01
 0.69594238E+01
 0.69799230E+01
 0.70559909E+01
 0.72603509E+01
 0.78539898E+01
 0.81412819E+01
