     192    545        0.00015
     245    520        0.00011
     259    497       -0.00011
     270    545        0.00016
     287    545        0.00011
     290    595       -0.00010
     290    598       -0.00011
     290    718       -0.00011
     290    720       -0.00011
     290    725       -0.00011
     291    520        0.00012
     291    525       -0.00013
     295    523        0.00015
     295    524        0.00013
     295    525       -0.00018
     295    538        0.00011
     295    544        0.00012
     295    545       -0.00016
     295    595       -0.00012
     295    598       -0.00011
     297    536        0.00011
     299    561       -0.00011
     300    526        0.00013
     302    518        0.00011
     302    520        0.00025
     302    525       -0.00010
     302    816        0.00011
     305    520        0.00031
     305    523       -0.00018
     305    524       -0.00011
     307    523       -0.00017
     307    526       -0.00014
     307    538       -0.00013
     309    520        0.00015
     309    523       -0.00017
     309    639       -0.00010
     309    731        0.00011
     311    520       -0.00013
     311    523        0.00011
     313    518        0.00013
     313    520        0.00013
     313    524        0.00010
     313    525       -0.00012
     313    538        0.00010
     313    545       -0.00016
     317    518        0.00011
     317    520        0.00013
     317    525       -0.00014
     317    536       -0.00010
     317    614       -0.00010
     317    674       -0.00011
     317    715        0.00010
     317    723        0.00012
     317    725       -0.00012
     317    741       -0.00011
     317    752       -0.00011
     318    505        0.00013
     323    545        0.00017
     323    596        0.00014
     323    597        0.00011
     323    789       -0.00010
     323    800        0.00016
     325    523       -0.00015
     325    525        0.00014
     325    535       -0.00012
     325    536       -0.00014
     325    538       -0.00011
     325    575       -0.00010
     325    595       -0.00013
     325    598       -0.00013
     325    624       -0.00013
     325    648        0.00010
     325    750        0.00013
     325    778        0.00014
     325    782       -0.00011
     325    787       -0.00016
     330    495       -0.00028
     330    496        0.00026
     330    497       -0.00012
     330    500        0.00025
     330    507       -0.00019
     330    530        0.00016
     330    533       -0.00011
     330    539       -0.00015
     330    540        0.00014
     330    542        0.00014
     330    545       -0.00014
     330    550        0.00012
     330    555       -0.00015
     330    557        0.00026
     330    559        0.00019
     330    562        0.00025
     330    588        0.00016
     334    536        0.00011
     334    557        0.00013
     334    561       -0.00024
     334    563       -0.00020
     334    591        0.00012
     334    598       -0.00011
     334    765        0.00011
     334    800        0.00012
     335    495        0.00016
     335    555       -0.00012
     335    557        0.00014
     335    559        0.00014
     335    562        0.00018
     335    588        0.00010
     335    590       -0.00015
     337    524        0.00010
     339    521        0.00012
     339    525       -0.00015
     339    538        0.00010
     339    539       -0.00012
     339    545       -0.00013
     339    548        0.00011
     339    549       -0.00015
     339    551       -0.00020
     339    614        0.00014
     339    622       -0.00018
     339    658       -0.00012
     339    664       -0.00013
     339    667        0.00011
     339    670       -0.00013
     339    674       -0.00017
     339    676       -0.00011
     339    694       -0.00011
     339    800       -0.00011
     339    853        0.00011
     339   1014       -0.00010
     341    497       -0.00014
     341    498       -0.00016
     341    499        0.00013
     341    500       -0.00015
     342    520        0.00020
     342    664        0.00011
     342    670        0.00010
     342    674        0.00019
     342    681        0.00011
     342    761        0.00011
     342    853       -0.00012
     345    517       -0.00012
     345    518        0.00014
     345    523        0.00013
     345    531        0.00012
     345    544        0.00020
     345    545       -0.00028
     345    548        0.00012
     345    554        0.00010
     345    561        0.00013
     345    587       -0.00012
     345    672        0.00015
     345    674        0.00017
     345    676        0.00011
     345    761        0.00012
     345    856        0.00010
     345    858        0.00011
     345    893        0.00010
     347    525       -0.00016
     347    526       -0.00018
     347    575        0.00012
     347    585       -0.00010
     347    659       -0.00010
     347    668        0.00012
     349    495       -0.00023
     349    497       -0.00015
     349    500        0.00013
     349    504       -0.00039
     349    507       -0.00010
     349    513       -0.00015
     349    530       -0.00014
     351    495        0.00012
     351    499        0.00015
     351    504        0.00019
     351    520       -0.00011
     352    499       -0.00021
     352    500       -0.00020
     352    593       -0.00016
     352    647       -0.00012
     356    597       -0.00010
     356    625       -0.00011
     358    495       -0.00028
     358    499       -0.00019
     358    513        0.00014
     358    520       -0.00010
     358    573       -0.00012
     358    578       -0.00013
     358    599       -0.00011
     359    495        0.00011
     359    496       -0.00015
     359    499       -0.00019
     359    500       -0.00024
     359    555       -0.00015
     359    557        0.00014
     359    569       -0.00013
     359    573       -0.00019
     360    499       -0.00014
     360    504        0.00011
     360    520        0.00022
     360    545       -0.00026
     360    573       -0.00014
     360    587       -0.00012
     360    591        0.00010
     360    674        0.00012
     362    495       -0.00014
     362    500        0.00016
     362    557       -0.00010
     363    497        0.00012
     363    498       -0.00014
     364    500        0.00010
     364    519        0.00010
     365    497       -0.00012
     365    499       -0.00013
     365    500        0.00021
     365    501        0.00013
     365    508        0.00013
     366    523       -0.00016
     366    524       -0.00012
     366    525        0.00018
     368    517        0.00012
     368    518       -0.00016
     368    520       -0.00032
     368    523        0.00026
     368    524        0.00013
     368    575       -0.00010
     368    731        0.00013
     368    766        0.00012
     368    844        0.00010
     368    943        0.00010
     368    978        0.00015
     368   1007        0.00011
     369    545        0.00013
     369    548        0.00016
     369    676        0.00012
     369    710       -0.00011
     369    723        0.00014
     369    726        0.00013
     369    731        0.00021
     369    750        0.00011
     369    762        0.00016
     369    766        0.00018
     369    769        0.00011
     369    817        0.00012
     370    495       -0.00018
     370    501       -0.00013
     371    544       -0.00019
     371    547       -0.00014
     371    548       -0.00011
     371    674       -0.00022
     371    691       -0.00011
     371    718       -0.00011
     371    761       -0.00013
     374    526       -0.00010
     374    536       -0.00011
     374    752       -0.00014
     374    762       -0.00011
     375    545       -0.00010
     375    752       -0.00012
     376    495        0.00030
     376    496        0.00019
     376    499        0.00023
     376    504        0.00030
     376    505        0.00017
     376    513        0.00018
     376    534        0.00010
     376    540        0.00011
     376    548        0.00012
     376    555       -0.00010
     376    562       -0.00013
     376    564        0.00014
     376    578        0.00012
     376    582       -0.00013
     376    598        0.00010
     376    601       -0.00011
     376    602       -0.00013
     376    614       -0.00011
     376    622        0.00014
     376    633       -0.00011
     376    668        0.00010
     376    670        0.00010
     376    745        0.00010
     376   1012       -0.00010
     378    495       -0.00032
     378    496       -0.00015
     378    499       -0.00019
     378    504       -0.00022
     378    505       -0.00015
     378    513       -0.00012
     378    520        0.00011
     378    544        0.00013
     378    545        0.00016
     378    551        0.00013
     378    564       -0.00015
     378    569        0.00011
     378    575        0.00020
     378    587        0.00012
     378    595        0.00013
     378    597       -0.00014
     378    598        0.00015
     378    600       -0.00011
     378    601       -0.00013
     378    627       -0.00010
     378    762       -0.00013
     380    495        0.00038
     380    496       -0.00013
     380    497        0.00022
     380    500       -0.00027
     380    501       -0.00017
     380    507        0.00020
     380    526        0.00014
     380    530       -0.00025
     380    531       -0.00010
     380    533        0.00014
     380    534        0.00012
     380    542       -0.00013
     380    557       -0.00013
     380    588        0.00012
     380    592        0.00010
     380    595       -0.00011
     380    598        0.00011
     380    599        0.00011
     380    602        0.00013
     380    673        0.00010
     383    495       -0.00016
     383    499       -0.00032
     383    500       -0.00024
     383    504        0.00013
     383    524       -0.00017
     383    525       -0.00011
     383    573        0.00010
     383    598       -0.00011
     383    599       -0.00017
     386    518       -0.00014
     386    520       -0.00033
     386    544        0.00018
     386    545       -0.00018
     386    549        0.00010
     386    574       -0.00010
     386    575       -0.00012
     386    674        0.00017
     386    853       -0.00012
     386    858        0.00010
     389    510       -0.00015
     389    520        0.00015
     389    524        0.00012
     389    531        0.00023
     389    538       -0.00010
     389    545        0.00030
     389    548        0.00013
     389    549       -0.00010
     389    574        0.00011
     389    582        0.00011
     389    602        0.00010
     389    608       -0.00015
     389    611       -0.00012
     389    614        0.00015
     389    617        0.00011
     389    622       -0.00021
     389    638        0.00010
     389    676        0.00013
     389    708       -0.00013
     389    710       -0.00014
     389    725       -0.00012
     389    731        0.00014
     389    762        0.00012
     389    818        0.00010
     389    837        0.00013
     389    847        0.00011
     393    752       -0.00013
     395    496        0.00011
     395    497        0.00022
     395    498        0.00024
     395    504       -0.00010
     395    505        0.00011
     395    507        0.00012
     396    519        0.00012
     397    540        0.00010
     397    545        0.00023
     397    548        0.00011
     397    549       -0.00010
     397    551       -0.00012
     397    561       -0.00018
     397    568        0.00013
     397    574        0.00013
     397    585        0.00020
     397    587        0.00016
     397    601       -0.00011
     397    609       -0.00015
     397    622       -0.00015
     397    629        0.00014
     397    648       -0.00011
     397    657       -0.00015
     397    659        0.00014
     397    752       -0.00010
     397    761        0.00013
     397    844       -0.00010
     397    848        0.00010
     397    853       -0.00011
     397    905       -0.00017
     397    919       -0.00012
     398    496       -0.00023
     398    504        0.00041
     398    505       -0.00029
     398    510        0.00010
     398    524       -0.00020
     398    530        0.00013
     398    534        0.00028
     398    542       -0.00021
     398    545       -0.00019
     398    549        0.00010
     398    550        0.00011
     398    554       -0.00013
     398    555        0.00012
     398    558        0.00016
     398    559       -0.00017
     398    561       -0.00018
     398    562       -0.00020
     398    563       -0.00011
     398    564        0.00010
     398    575       -0.00022
     398    587       -0.00015
     398    596       -0.00015
     398    599        0.00015
     398    601        0.00013
     398    607        0.00012
     398    608        0.00017
     398    610        0.00017
     398    617       -0.00016
     398    625       -0.00010
     398    633       -0.00011
     398    635       -0.00011
     398    636        0.00015
     398    638        0.00014
     398    643       -0.00013
     398    647       -0.00014
     398    653       -0.00010
     398    655        0.00018
     398    656       -0.00010
     398    661       -0.00011
     398    669        0.00010
     398    681        0.00010
     398    691       -0.00011
     399    504       -0.00030
     399    505        0.00011
     399    520       -0.00010
     399    525        0.00016
     399    526        0.00015
     399    531       -0.00016
     399    534       -0.00011
     399    540       -0.00010
     399    541       -0.00011
     399    545       -0.00038
     399    548       -0.00034
     399    549        0.00015
     399    550        0.00018
     399    557        0.00026
     399    561       -0.00022
     399    563       -0.00018
     399    575       -0.00018
     399    576        0.00010
     399    581        0.00010
     399    585       -0.00012
     399    586       -0.00012
     399    587       -0.00016
     399    591        0.00011
     399    595       -0.00014
     399    598       -0.00018
     399    602       -0.00015
     399    608        0.00013
     399    611        0.00014
     399    614       -0.00013
     399    616        0.00012
     399    617       -0.00011
     399    622        0.00013
     399    624        0.00014
     399    625       -0.00014
     399    638        0.00017
     399    642       -0.00016
     399    648       -0.00015
     399    655        0.00015
     399    657       -0.00013
     399    661       -0.00012
     399    672       -0.00012
     399    674       -0.00011
     399    766       -0.00011
     399    767       -0.00011
     400    510       -0.00013
     400    520       -0.00010
     400    523       -0.00011
     400    539       -0.00010
     400    545        0.00010
     400    574        0.00010
     400    585        0.00011
     400    614        0.00011
     400    622       -0.00010
     400    659        0.00010
     400    664       -0.00013
     400    670       -0.00011
     400    676       -0.00014
     400    694       -0.00012
     400    698       -0.00010
     400    710        0.00011
     400    720        0.00010
     400    731       -0.00013
     400    841        0.00014
     400    852       -0.00011
     401    504       -0.00013
     401    510        0.00013
     401    520        0.00010
     401    523        0.00012
     401    545       -0.00011
     401    548       -0.00010
     401    574       -0.00014
     401    585       -0.00012
     401    614       -0.00012
     401    622        0.00010
     401    658        0.00011
     401    659       -0.00011
     401    664        0.00014
     401    667       -0.00010
     401    670        0.00013
     401    675        0.00011
     401    676        0.00015
     401    694        0.00010
     401    698        0.00011
     401    710       -0.00012
     401    731        0.00015
     401    841       -0.00015
     401    852        0.00012
     401   1014       -0.00010
     403    544       -0.00010
     403    563        0.00012
     403    762        0.00012
     406    500        0.00012
     406    507       -0.00021
     406    510       -0.00021
     406    515        0.00011
     406    525        0.00013
     406    531        0.00010
     406    534        0.00010
     406    539        0.00015
     406    540        0.00011
     406    541        0.00010
     406    545        0.00010
     406    549       -0.00011
     406    555        0.00017
     406    563       -0.00011
     406    604       -0.00011
     406    608       -0.00015
     406    611       -0.00011
     406    614        0.00017
     406    622       -0.00016
     406    635        0.00011
     406    658       -0.00013
     406    731       -0.00012
     406    800       -0.00012
     406    832        0.00011
     407    497       -0.00015
     407    500        0.00026
     407    504       -0.00016
     407    507       -0.00034
     407    510        0.00013
     407    513       -0.00011
     407    515        0.00017
     407    533        0.00011
     407    548       -0.00020
     407    551        0.00010
     407    564       -0.00012
     407    569        0.00013
     407    586       -0.00011
     407    610        0.00012
     407    675        0.00010
     409    531       -0.00012
     409    549       -0.00012
     409    569        0.00012
     409    575        0.00011
     409    581       -0.00019
     409    626       -0.00013
     409    664       -0.00010
     409    676       -0.00011
     409    731       -0.00012
     409    762       -0.00012
     410    507       -0.00024
     410    513       -0.00011
     410    515        0.00013
     410    555        0.00010
     410    564       -0.00011
     411    499        0.00012
     411    507       -0.00022
     411    513       -0.00011
     411    515        0.00013
     411    555        0.00012
     411    564       -0.00012
     412    507        0.00015
     412    509        0.00011
     412    534       -0.00011
     412    544        0.00010
     412    560       -0.00010
     412    567       -0.00013
     413    507       -0.00012
     413    509       -0.00013
     413    525        0.00010
     413    538       -0.00012
     413    550       -0.00012
     413    557       -0.00011
     413    567        0.00015
     413    598        0.00011
     413    629       -0.00011
     413    643        0.00012
     414    509       -0.00013
     414    521        0.00011
     414    525       -0.00014
     414    530        0.00012
     414    531       -0.00017
     414    542       -0.00013
     414    544        0.00023
     414    548       -0.00020
     414    549        0.00019
     414    551        0.00025
     414    555       -0.00018
     414    556       -0.00012
     414    562       -0.00019
     414    606       -0.00018
     414    608        0.00012
     414    609        0.00012
     414    611        0.00010
     414    614       -0.00016
     414    617       -0.00013
     414    622        0.00017
     414    631       -0.00010
     414    637       -0.00011
     414    648       -0.00016
     414    658        0.00015
     414    682       -0.00011
     414    708        0.00011
     414    710        0.00010
     414    762       -0.00010
     414    786        0.00012
     414    795       -0.00010
     414    796       -0.00012
     414    919       -0.00014
     416    495       -0.00013
     416    496        0.00015
     416    498        0.00015
     416    499       -0.00048
     416    504       -0.00014
     416    505       -0.00020
     416    506       -0.00010
     416    507        0.00011
     416    508       -0.00014
     416    513        0.00014
     416    530        0.00017
     416    531        0.00012
     416    535        0.00010
     416    542        0.00015
     416    555       -0.00012
     416    557        0.00011
     416    602       -0.00010
     416    621        0.00012
     418    500        0.00014
     418    509       -0.00012
     418    561        0.00011
     418    571       -0.00010
     418    582        0.00011
     418    600       -0.00011
     419    496        0.00011
     419    581        0.00011
     420    496        0.00013
     420    497       -0.00010
     420    500       -0.00012
     420    530       -0.00012
     420    544        0.00012
     420    576        0.00011
     420    581        0.00015
     420    674       -0.00010
     422    495        0.00014
     422    496        0.00024
     422    497       -0.00026
     422    499       -0.00059
     422    501        0.00014
     422    502       -0.00010
     422    505       -0.00014
     422    508        0.00012
     422    515        0.00012
     422    524       -0.00012
     422    525       -0.00012
     422    548       -0.00012
     423    499        0.00014
     423    500       -0.00013
     423    545       -0.00013
     423    548       -0.00012
     423    549        0.00011
     423    575       -0.00015
     423    581        0.00011
     423    625       -0.00010
     423    710        0.00012
     423    715       -0.00011
     423    718        0.00014
     423    720        0.00012
     423    723       -0.00012
     423    725        0.00015
     423    789        0.00011
     423    795       -0.00010
     424    496        0.00049
     424    497       -0.00019
     424    499       -0.00017
     424    500       -0.00045
     424    515        0.00018
     424    524       -0.00012
     424    526        0.00017
     424    530       -0.00014
     424    548       -0.00013
     424    555        0.00010
     424    557       -0.00011
     424    602        0.00016
     426    496        0.00013
     426    497       -0.00012
     426    500       -0.00019
     426    501       -0.00013
     426    502       -0.00013
     429    499       -0.00010
     429    530       -0.00011
     429    535       -0.00010
     429    544        0.00015
     430    495        0.00012
     430    499        0.00011
     430    510        0.00013
     430    520       -0.00012
     430    523       -0.00014
     430    524       -0.00012
     430    525        0.00010
     430    531       -0.00016
     430    535        0.00011
     430    536        0.00013
     430    544       -0.00017
     430    547       -0.00012
     430    549       -0.00017
     430    551       -0.00013
     430    585        0.00016
     430    587        0.00012
     430    625        0.00014
     430    674       -0.00015
     430    808        0.00021
     430    810       -0.00012
     430    813        0.00011
     430    832       -0.00011
     430    932       -0.00011
     433    510       -0.00019
     433    520        0.00021
     433    521       -0.00012
     433    523       -0.00012
     433    525        0.00019
     433    531        0.00013
     433    549        0.00015
     433    551        0.00013
     433    556       -0.00011
     433    583        0.00011
     433    609        0.00013
     433    614       -0.00012
     433    616        0.00011
     433    664        0.00010
     433    676        0.00016
     433    765        0.00010
     433    840       -0.00010
     433    844        0.00010
     435    534       -0.00019
     435    535        0.00015
     435    536        0.00011
     435    542       -0.00029
     435    544       -0.00012
     435    635        0.00013
     435    640       -0.00010
     436    553        0.00011
     436    568        0.00012
     437    496        0.00016
     437    517        0.00013
     437    518       -0.00011
     437    536        0.00011
     437    542        0.00012
     437    544       -0.00015
     437    545        0.00011
     437    547       -0.00013
     437    549       -0.00022
     437    551       -0.00018
     437    556        0.00014
     437    557       -0.00011
     437    561        0.00014
     437    563        0.00017
     437    585        0.00013
     437    619        0.00013
     437    674       -0.00017
     437    710       -0.00017
     437    731        0.00012
     437    762        0.00013
     437    766        0.00011
     437    796       -0.00011
     437    819       -0.00011
     437    830       -0.00011
     437    832       -0.00013
     437    853        0.00010
     438    502       -0.00016
     439    497       -0.00012
     439    498       -0.00013
     439    508        0.00011
     439    509       -0.00011
     439    520       -0.00015
     439    523        0.00018
     439    524        0.00010
     439    525       -0.00017
     439    526       -0.00018
     439    548        0.00018
     439    549       -0.00017
     439    550       -0.00011
     439    551       -0.00013
     439    557       -0.00011
     439    562        0.00013
     439    575        0.00010
     439    631       -0.00010
     439    656        0.00011
     439    659       -0.00010
     439    676       -0.00011
     439    710       -0.00013
     439    714        0.00010
     439    766        0.00011
     439    789        0.00011
     439    796       -0.00010
     439    817        0.00013
     439    891       -0.00011
     440    497        0.00011
     441    496       -0.00027
     441    497       -0.00088
     441    498       -0.00044
     441    499        0.00025
     441    500        0.00013
     441    501        0.00033
     441    502       -0.00019
     441    503        0.00016
     441    504       -0.00051
     441    505       -0.00057
     441    507       -0.00039
     441    513       -0.00012
     441    525       -0.00011
     441    526       -0.00026
     441    530        0.00026
     441    534        0.00016
     441    539       -0.00013
     441    540        0.00022
     441    543       -0.00013
     441    544       -0.00021
     441    548        0.00015
     441    550        0.00010
     441    555       -0.00015
     441    557        0.00010
     441    593        0.00010
     441    612       -0.00011
     441    618       -0.00015
     441    631        0.00022
     441    632       -0.00012
     441    635       -0.00015
     441    647        0.00013
     442    497        0.00021
     442    501       -0.00028
     442    507        0.00012
     443    533       -0.00011
     444    522        0.00011
     445    505        0.00010
     445    510        0.00023
     445    517        0.00018
     445    518       -0.00029
     445    519       -0.00010
     445    520       -0.00061
     445    523        0.00011
     445    531       -0.00021
     445    535        0.00019
     445    536        0.00020
     445    542        0.00010
     445    551       -0.00012
     445    556        0.00014
     445    557       -0.00016
     445    573        0.00012
     445    604       -0.00021
     445    607       -0.00013
     445    608       -0.00015
     445    611       -0.00011
     445    614        0.00012
     445    619       -0.00010
     445    622       -0.00014
     445    657       -0.00010
     445    659        0.00011
     445    674        0.00012
     445    704        0.00011
     445    709       -0.00010
     445    761        0.00012
     445    762        0.00011
     445    813       -0.00011
     445    841        0.00013
     446    495       -0.00016
     446    497       -0.00016
     446    498       -0.00013
     446    530       -0.00011
     446    540        0.00010
     446    546        0.00011
     446    550        0.00011
     446    628        0.00011
     446    631       -0.00015
     446    643        0.00010
     446    672        0.00011
     446    673        0.00010
     447    499        0.00015
     447    505       -0.00016
     447    507        0.00015
     447    509       -0.00021
     447    518        0.00016
     447    520        0.00022
     447    523       -0.00012
     447    535       -0.00016
     447    536       -0.00012
     447    542       -0.00012
     447    554       -0.00016
     447    617        0.00012
     447    678       -0.00012
     447    684       -0.00011
     447    762       -0.00013
     448    496       -0.00021
     448    498       -0.00011
     448    499       -0.00019
     448    507       -0.00010
     448    509        0.00024
     448    517       -0.00015
     448    518        0.00022
     448    520        0.00037
     448    531        0.00018
     448    536       -0.00017
     448    539       -0.00013
     448    548       -0.00013
     448    551        0.00012
     448    568       -0.00012
     448    595        0.00011
     448    659       -0.00011
     448    666        0.00012
     448    722        0.00010
     448    762       -0.00010
     448    905       -0.00016
     449    495        0.00011
     449    496        0.00014
     449    497        0.00018
     449    498        0.00016
     449    499        0.00027
     449    501       -0.00025
     449    502        0.00016
     449    505       -0.00018
     449    507        0.00033
     449    508        0.00011
     449    509        0.00015
     449    534        0.00014
     449    540       -0.00010
     449    542       -0.00013
     450    495       -0.00042
     450    496       -0.00021
     450    497       -0.00014
     450    499       -0.00045
     450    500       -0.00026
     450    504       -0.00012
     450    505        0.00035
     450    506        0.00016
     450    507       -0.00060
     450    515        0.00020
     450    530        0.00023
     450    531        0.00021
     450    533       -0.00011
     450    534       -0.00025
     450    539       -0.00012
     450    540        0.00015
     450    541        0.00011
     450    542        0.00026
     450    564        0.00010
     450    588       -0.00015
     450    635        0.00012
     450    670       -0.00011
     450    696        0.00013
     450    709       -0.00011
     452    495       -0.00017
     452    520        0.00013
     452    523       -0.00014
     452    524       -0.00011
     452    525        0.00017
     452    531        0.00013
     452    535       -0.00012
     452    536       -0.00012
     452    539       -0.00012
     452    545       -0.00017
     452    571       -0.00012
     452    574       -0.00011
     452    581       -0.00011
     452    586       -0.00011
     452    587       -0.00012
     452    595       -0.00012
     452    600        0.00011
     452    601        0.00018
     452    604        0.00022
     452    607        0.00011
     452    608        0.00014
     452    611        0.00013
     452    668       -0.00012
     452    672        0.00017
     452    675       -0.00011
     452    682       -0.00013
     452    718        0.00011
     452    774       -0.00011
     452    776       -0.00013
     452    795       -0.00012
     452    847       -0.00015
     452    856        0.00011
     452    886        0.00014
     452    975        0.00012
     452   1005        0.00011
     452   1014        0.00013
     453    495        0.00029
     453    497        0.00029
     453    500        0.00016
     453    507        0.00028
     453    513        0.00019
     453    515       -0.00014
     453    530       -0.00010
     454    495       -0.00053
     454    497       -0.00124
     454    498       -0.00056
     454    500       -0.00019
     454    501        0.00017
     454    502       -0.00011
     454    504        0.00011
     454    505       -0.00016
     454    507       -0.00037
     454    513       -0.00041
     454    515        0.00016
     454    530        0.00015
     454    531        0.00014
     454    535        0.00011
     454    539       -0.00016
     454    540        0.00014
     454    542        0.00011
     454    557        0.00011
     454    578        0.00010
     454    588        0.00013
     454    598        0.00023
     454    599        0.00012
     454    602        0.00013
     454    603       -0.00013
     454    610        0.00011
     454    612       -0.00015
     454    618       -0.00017
     454    625        0.00012
     454    647        0.00015
     454    648       -0.00010
     454    750       -0.00011
     455    495        0.00027
     455    496        0.00012
     455    497        0.00053
     455    498        0.00023
     455    505        0.00017
     455    507        0.00013
     455    509        0.00040
     455    511        0.00011
     455    513        0.00012
     455    530       -0.00011
     456    495        0.00077
     456    496        0.00039
     456    497        0.00108
     456    498        0.00039
     456    499        0.00024
     456    500       -0.00026
     456    501       -0.00028
     456    502        0.00015
     456    503       -0.00010
     456    505        0.00048
     456    507        0.00041
     456    513        0.00026
     456    515       -0.00011
     456    524       -0.00017
     456    525       -0.00015
     456    526        0.00012
     456    530       -0.00021
     456    534        0.00021
     456    535       -0.00015
     456    538       -0.00013
     456    539        0.00013
     456    542       -0.00015
     456    602       -0.00011
     456    605       -0.00011
     456    610       -0.00015
     456    635       -0.00011
     456    746       -0.00011
     456    750        0.00012
     457    497        0.00019
     457    503       -0.00021
     457    558       -0.00015
     457    586        0.00010
     458    495       -0.00036
     458    496       -0.00033
     458    497       -0.00116
     458    498       -0.00042
     458    499       -0.00027
     458    500       -0.00024
     458    504        0.00049
     458    505       -0.00027
     458    507        0.00033
     458    508        0.00012
     458    513        0.00021
     458    515       -0.00067
     458    521       -0.00014
     458    524        0.00019
     458    525        0.00025
     458    526       -0.00037
     458    528       -0.00026
     458    530        0.00079
     458    531        0.00043
     458    532        0.00018
     458    533       -0.00046
     458    534       -0.00067
     458    535        0.00019
     458    537       -0.00022
     458    538        0.00020
     458    539       -0.00030
     458    540        0.00021
     458    541        0.00013
     458    542        0.00045
     458    544       -0.00017
     458    545       -0.00028
     458    548        0.00017
     458    549        0.00011
     458    550        0.00017
     458    553       -0.00021
     458    555       -0.00028
     458    556       -0.00016
     458    557        0.00030
     458    560       -0.00011
     458    561       -0.00018
     458    562       -0.00029
     458    564        0.00028
     458    565       -0.00010
     458    567       -0.00020
     458    569       -0.00014
     458    570        0.00019
     458    575       -0.00010
     458    576       -0.00010
     458    585       -0.00012
     458    586        0.00012
     458    588       -0.00031
     458    590        0.00011
     458    595        0.00012
     458    625       -0.00012
     458    627       -0.00020
     458    630        0.00014
     458    631       -0.00020
     458    633        0.00025
     458    635        0.00012
     458    645        0.00011
     458    647       -0.00017
     458    681       -0.00012
     458    684       -0.00011
     458    687       -0.00020
     458    690       -0.00013
     458    692       -0.00012
     458    696       -0.00019
     458    697        0.00012
     458    705        0.00012
     458    723        0.00012
     458    730       -0.00012
     458    738        0.00014
     458    739       -0.00016
     458    762        0.00010
     458    769       -0.00011
     458    773        0.00012
     458    782       -0.00023
     458    786       -0.00018
     458    789        0.00012
     458    795       -0.00015
     458    834       -0.00010
     458    886        0.00010
     458   1459       -0.00010
     459    495       -0.00078
     459    497        0.00061
     459    498        0.00028
     459    499        0.00011
     459    503        0.00012
     459    504       -0.00065
     459    505        0.00012
     459    507       -0.00041
     459    508       -0.00014
     459    513       -0.00011
     459    515        0.00045
     459    520       -0.00012
     459    526       -0.00016
     459    530        0.00013
     459    542        0.00010
     459    544       -0.00011
     459    548        0.00011
     459    557        0.00011
     459    564        0.00012
     459    588       -0.00024
     459    613        0.00010
     459    647       -0.00010
     460    496       -0.00014
     460    497       -0.00016
     460    498       -0.00016
     460    501        0.00011
     460    503       -0.00013
     460    504       -0.00016
     460    507       -0.00011
     460    508       -0.00016
     460    514        0.00014
     460    515        0.00014
     461    495       -0.00069
     461    496        0.00090
     461    497        0.00024
     461    498        0.00020
     461    499        0.00058
     461    500       -0.00044
     461    503       -0.00013
     461    504       -0.00016
     461    506        0.00019
     461    508        0.00036
     461    513       -0.00018
     461    514       -0.00028
     461    515        0.00022
     461    516        0.00021
     461    524       -0.00011
     461    526        0.00013
     461    528        0.00011
     461    530       -0.00023
     461    531       -0.00014
     461    532       -0.00013
     461    533        0.00017
     461    534        0.00020
     461    544       -0.00010
     461    552        0.00010
     461    570        0.00011
     462    495        0.00028
     462    499       -0.00020
     462    500        0.00026
     462    508       -0.00014
     462    520        0.00017
     462    523       -0.00024
     462    524       -0.00013
     462    531       -0.00011
     462    570       -0.00011
     462    575        0.00020
     462    672        0.00010
     463    496        0.00027
     463    497        0.00016
     463    498       -0.00013
     463    506       -0.00011
     463    508        0.00015
     463    516        0.00011
     463    528        0.00013
     463    535       -0.00012
     463    558       -0.00029
     463    559       -0.00015
     463    561       -0.00011
     463    566       -0.00011
     463    576        0.00018
     463    579       -0.00015
     463    580        0.00019
     463    586        0.00015
     463    588        0.00013
     464    495       -0.00015
     464    496        0.00034
     464    499        0.00012
     464    530       -0.00011
     465    496       -0.00248
     465    497        0.00054
     465    498       -0.00022
     465    499        0.00062
     465    500       -0.00044
     465    501       -0.00034
     465    502        0.00021
     465    503       -0.00025
     465    504        0.00097
     465    505        0.00081
     465    513        0.00032
     465    524        0.00035
     465    525        0.00037
     465    526       -0.00017
     465    528       -0.00019
     465    530        0.00042
     465    531        0.00017
     465    533       -0.00021
     465    534       -0.00049
     465    537       -0.00015
     465    542        0.00012
     465    562       -0.00014
     465    564        0.00012
     465    567       -0.00014
     465    570        0.00021
     465    571        0.00016
     465    573        0.00036
     465    574       -0.00018
     465    575       -0.00012
     465    581       -0.00012
     465    585       -0.00013
     465    586        0.00012
     465    590       -0.00012
     465    591        0.00010
     465    595        0.00014
     465    597        0.00010
     465    600        0.00017
     465    602       -0.00022
     465    605       -0.00012
     465    621        0.00018
     465    670       -0.00011
     465    782       -0.00014
     465    786       -0.00011
     466    496        0.00094
     466    497       -0.00032
     466    498        0.00015
     466    499       -0.00073
     466    500        0.00017
     466    504       -0.00078
     466    505       -0.00047
     466    506       -0.00014
     466    507        0.00030
     466    508       -0.00012
     466    513        0.00024
     466    514        0.00016
     466    515       -0.00047
     466    521       -0.00012
     466    526       -0.00011
     466    528       -0.00010
     466    530        0.00020
     466    531        0.00013
     466    533       -0.00011
     466    540       -0.00017
     466    542        0.00011
     466    543        0.00012
     466    544        0.00011
     466    559        0.00010
     466    560        0.00017
     466    562        0.00031
     466    564       -0.00030
     466    565        0.00013
     466    567        0.00026
     466    568        0.00019
     466    570       -0.00019
     466    573       -0.00028
     466    575        0.00015
     466    576        0.00021
     466    577       -0.00010
     466    582        0.00014
     466    588        0.00010
     466    597       -0.00012
     466    598       -0.00018
     466    599       -0.00019
     466    608       -0.00011
     466    613        0.00017
     466    650        0.00011
     466    653        0.00012
     467    495        0.00100
     467    496       -0.00095
     467    497        0.00166
     467    498        0.00071
     467    499        0.00103
     467    500       -0.00105
     467    501        0.00010
     467    504       -0.00129
     467    505        0.00211
     467    506       -0.00021
     467    507        0.00091
     467    508       -0.00017
     467    513        0.00083
     467    515        0.00028
     467    524        0.00015
     467    526        0.00018
     467    530       -0.00016
     467    534       -0.00026
     467    542        0.00033
     467    548       -0.00012
     467    554        0.00016
     467    557        0.00029
     467    558       -0.00010
     467    559        0.00027
     467    560        0.00018
     467    562        0.00051
     467    564       -0.00032
     467    565        0.00013
     467    566        0.00012
     467    567        0.00029
     467    568        0.00012
     467    569        0.00014
     467    570       -0.00032
     467    571       -0.00014
     467    573       -0.00023
     467    575        0.00013
     467    576        0.00020
     467    577       -0.00014
     467    578        0.00014
     467    581        0.00018
     467    585        0.00026
     467    586       -0.00036
     467    588        0.00051
     467    591       -0.00010
     467    595       -0.00020
     467    597       -0.00012
     467    602        0.00021
     467    603       -0.00018
     467    615       -0.00013
     467    617        0.00015
     467    618       -0.00021
     467    621        0.00022
     467    623        0.00013
     467    625        0.00019
     467    628        0.00016
     467    630       -0.00014
     467    631        0.00030
     467    636       -0.00012
     467    641        0.00011
     467    647        0.00033
     467    648       -0.00016
     467    649       -0.00013
     467    653        0.00017
     467    654       -0.00011
     467    657       -0.00012
     467    660       -0.00013
     467    671       -0.00011
     467    675        0.00013
     467    695        0.00012
     467    697       -0.00011
     467    782       -0.00013
     468    495       -0.00043
     468    496        0.00061
     468    497       -0.00059
     468    498       -0.00021
     468    501        0.00030
     468    502       -0.00016
     468    504        0.00051
     468    505       -0.00073
     468    507       -0.00031
     468    513       -0.00045
     468    534        0.00019
     468    542       -0.00016
     468    557       -0.00014
     468    559       -0.00013
     468    562       -0.00021
     468    564        0.00016
     468    567       -0.00016
     468    570        0.00019
     468    585       -0.00010
     468    586        0.00012
     468    588       -0.00017
     468    647       -0.00012
     469    495        0.00011
     469    496        0.00094
     469    497        0.00023
     469    498        0.00045
     469    499        0.00010
     469    500        0.00044
     469    501        0.00025
     469    504       -0.00075
     469    505       -0.00010
     469    506       -0.00016
     469    507        0.00021
     469    508       -0.00024
     469    513        0.00011
     469    514        0.00018
     469    515        0.00020
     469    516       -0.00013
     469    524       -0.00014
     469    525       -0.00013
     469    526        0.00022
     469    530       -0.00027
     469    544        0.00012
     469    548       -0.00011
     469    562        0.00016
     469    564       -0.00014
     469    588        0.00016
     469    617        0.00012
     469    618       -0.00012
     469    621       -0.00013
     469    646       -0.00011
     469    647        0.00015
     470    495       -0.00061
     470    496        0.00027
     470    497        0.00023
     470    498       -0.00061
     470    499        0.00023
     470    500       -0.00038
     470    501       -0.00052
     470    503        0.00059
     470    504       -0.00015
     470    506        0.00026
     470    508        0.00070
     470    514       -0.00071
     470    516        0.00029
     470    528       -0.00017
     470    530        0.00011
     470    531        0.00011
     470    535        0.00011
     470    537       -0.00012
     470    558        0.00019
     470    559        0.00018
     470    570       -0.00015
     470    579        0.00012
     470    590       -0.00012
     470    615        0.00013
     470    620        0.00012
     470    637       -0.00011
     471    495        0.00090
     471    496       -0.00118
     471    497       -0.00108
     471    498       -0.00095
     471    501       -0.00074
     471    502        0.00042
     471    503       -0.00013
     471    504       -0.00021
     471    505        0.00010
     471    506        0.00073
     471    507       -0.00025
     471    508        0.00131
     471    513        0.00013
     471    514       -0.00091
     471    515        0.00016
     471    516        0.00080
     471    517       -0.00012
     471    526       -0.00020
     471    530        0.00037
     471    531        0.00021
     471    532       -0.00016
     471    534       -0.00015
     471    537       -0.00016
     471    538        0.00012
     471    539       -0.00011
     471    540        0.00017
     471    542        0.00019
     471    557        0.00012
     471    558       -0.00012
     471    567        0.00015
     471    568        0.00013
     471    576        0.00019
     471    582        0.00011
     471    591        0.00011
     471    598       -0.00014
     471    599       -0.00014
     471    603        0.00014
     471    610       -0.00013
     472    495        0.00087
     472    496       -0.00087
     472    497       -0.00076
     472    498       -0.00043
     472    499       -0.00012
     472    500        0.00015
     472    501       -0.00036
     472    502        0.00012
     472    503       -0.00028
     472    506        0.00027
     472    507       -0.00020
     472    508        0.00059
     472    514       -0.00042
     472    515        0.00013
     472    516        0.00022
     472    530        0.00018
     472    542        0.00010
     473    496        0.00291
     473    497        0.00425
     473    498        0.00363
     473    499       -0.00023
     473    500       -0.00044
     473    501        0.00028
     473    503       -0.00019
     473    504       -0.00203
     473    506       -0.00040
     473    507        0.00154
     473    514       -0.00021
     473    515       -0.00104
     473    516        0.00027
     473    520        0.00029
     473    524        0.00041
     473    525        0.00028
     473    526        0.00024
     473    527        0.00021
     473    530       -0.00044
     473    531       -0.00017
     473    532       -0.00017
     473    533        0.00022
     473    535       -0.00014
     473    538       -0.00017
     473    539        0.00026
     473    540       -0.00037
     473    541       -0.00032
     473    542       -0.00048
     473    543        0.00014
     473    544        0.00035
     473    545        0.00026
     473    546       -0.00012
     473    548       -0.00035
     473    550       -0.00030
     473    551        0.00012
     473    553        0.00026
     473    555        0.00032
     473    556        0.00020
     473    557       -0.00027
     473    560        0.00019
     473    562        0.00022
     473    564       -0.00018
     473    569        0.00018
     473    571        0.00011
     473    573        0.00013
     473    574       -0.00013
     473    584       -0.00014
     473    586       -0.00011
     473    588        0.00028
     473    590       -0.00011
     473    592        0.00020
     473    593       -0.00023
     473    595       -0.00012
     473    596       -0.00013
     473    598        0.00022
     473    599        0.00020
     473    601        0.00014
     473    602        0.00014
     473    610        0.00025
     473    612       -0.00020
     473    618       -0.00015
     473    625        0.00016
     473    631        0.00025
     473    633       -0.00017
     473    647        0.00014
     473    649       -0.00013
     473    657       -0.00011
     473    661       -0.00010
     473    663       -0.00015
     473    670        0.00018
     473    676        0.00010
     473    679       -0.00012
     473    687        0.00015
     473    696        0.00010
     473    700       -0.00013
     473    732       -0.00010
     473    750       -0.00013
     474    495        0.00116
     474    496       -0.00088
     474    497       -0.00125
     474    498       -0.00068
     474    499       -0.00019
     474    500       -0.00079
     474    501        0.00021
     474    505       -0.00045
     474    506        0.00014
     474    508        0.00070
     474    515       -0.00024
     474    524        0.00010
     474    530        0.00025
     474    531        0.00011
     474    533       -0.00020
     474    534       -0.00027
     474    536        0.00011
     474    537       -0.00013
     474    540        0.00010
     474    542        0.00023
     474    544       -0.00010
     474    545       -0.00014
     474    546        0.00019
     474    552       -0.00013
     474    558       -0.00026
     474    568       -0.00013
     474    574        0.00011
     474    579       -0.00011
     474    580        0.00011
     474    602       -0.00014
     475    495        0.00361
     475    496       -0.00262
     475    497       -0.00295
     475    498       -0.00317
     475    499       -0.00075
     475    500       -0.00179
     475    501        0.00024
     475    502       -0.00045
     475    503        0.00051
     475    504        0.00047
     475    505       -0.00116
     475    506        0.00063
     475    507        0.00011
     475    508        0.00083
     475    513       -0.00030
     475    515       -0.00037
     475    518       -0.00014
     475    520       -0.00012
     475    523        0.00012
     475    525        0.00012
     475    526       -0.00029
     475    528       -0.00017
     475    530        0.00057
     475    531        0.00028
     475    532        0.00034
     475    533       -0.00053
     475    534       -0.00065
     475    535        0.00022
     475    536        0.00011
     475    537       -0.00027
     475    538        0.00014
     475    539       -0.00028
     475    540        0.00035
     475    541        0.00027
     475    542        0.00057
     475    543       -0.00012
     475    544       -0.00026
     475    545       -0.00026
     475    548        0.00026
     475    549        0.00011
     475    550        0.00015
     475    551       -0.00011
     475    553       -0.00021
     475    555       -0.00032
     475    557        0.00021
     475    564        0.00014
     475    576       -0.00010
     475    578       -0.00014
     475    586        0.00014
     475    588       -0.00029
     475    593        0.00010
     475    595        0.00014
     475    599       -0.00019
     475    610       -0.00014
     475    617       -0.00011
     475    622       -0.00013
     475    625       -0.00010
     475    630        0.00012
     475    631       -0.00012
     475    633        0.00012
     475    635        0.00013
     475    645        0.00011
     475    647       -0.00021
     475    648        0.00011
     475    649        0.00011
     475    651        0.00011
     475    696       -0.00014
     475    699       -0.00011
     475    746        0.00010
     476    495        0.00021
     476    497        0.00041
     476    498        0.00012
     476    499       -0.00020
     476    501       -0.00016
     476    504       -0.00020
     476    522        0.00010
     476    524        0.00011
     476    533       -0.00013
     476    547       -0.00013
     476    553       -0.00013
     476    614        0.00010
     477    495       -0.00040
     477    497       -0.00014
     477    500       -0.00032
     477    501       -0.00022
     477    502       -0.00041
     477    505       -0.00011
     477    508       -0.00012
     478    495        0.00296
     478    496       -0.00024
     478    497       -0.00186
     478    498       -0.00166
     478    499        0.00074
     478    500        0.00076
     478    502       -0.00024
     478    503        0.00033
     478    504       -0.00055
     478    505        0.00013
     478    506        0.00036
     478    507       -0.00046
     478    508        0.00037
     478    510       -0.00014
     478    513       -0.00034
     478    517       -0.00056
     478    518        0.00080
     478    519        0.00022
     478    520        0.00129
     478    522       -0.00011
     478    523       -0.00049
     478    526        0.00025
     478    531        0.00042
     478    534        0.00021
     478    535       -0.00064
     478    536       -0.00069
     478    539       -0.00026
     478    541       -0.00016
     478    542       -0.00030
     478    544        0.00023
     478    545       -0.00051
     478    548       -0.00044
     478    549        0.00033
     478    550        0.00017
     478    551        0.00035
     478    552        0.00011
     478    555       -0.00013
     478    556       -0.00020
     478    557        0.00026
     478    561       -0.00012
     478    562       -0.00021
     478    563       -0.00027
     478    564       -0.00026
     478    565        0.00016
     478    569        0.00016
     478    571       -0.00013
     478    573       -0.00014
     478    574       -0.00018
     478    575       -0.00021
     478    576        0.00017
     478    579        0.00011
     478    581        0.00017
     478    585       -0.00023
     478    586       -0.00019
     478    587       -0.00020
     478    591        0.00015
     478    592        0.00011
     478    593        0.00012
     478    594        0.00021
     478    595       -0.00010
     478    596       -0.00017
     478    597       -0.00013
     478    601        0.00021
     478    604        0.00024
     478    605       -0.00012
     478    606       -0.00012
     478    607        0.00021
     478    608        0.00034
     478    609        0.00013
     478    611        0.00030
     478    614       -0.00036
     478    616        0.00020
     478    617       -0.00016
     478    620        0.00017
     478    622        0.00028
     478    624        0.00024
     478    625       -0.00021
     478    635       -0.00015
     478    637       -0.00013
     478    639       -0.00010
     478    642       -0.00017
     478    644       -0.00013
     478    648       -0.00024
     478    649       -0.00013
     478    655        0.00018
     478    658        0.00019
     478    659       -0.00023
     478    660       -0.00016
     478    661       -0.00022
     478    663       -0.00015
     478    664        0.00026
     478    667       -0.00018
     478    670        0.00017
     478    674        0.00020
     478    675        0.00017
     478    676        0.00020
     478    681        0.00019
     478    686        0.00013
     478    688        0.00012
     478    693       -0.00015
     478    696        0.00020
     478    698        0.00014
     478    699        0.00020
     478    702       -0.00014
     478    703       -0.00016
     478    704       -0.00013
     478    723        0.00019
     478    725       -0.00016
     478    731        0.00018
     478    733       -0.00013
     478    762       -0.00016
     478    767       -0.00012
     478    810       -0.00011
     478    841       -0.00011
     478    862       -0.00011
     479    495       -0.00037
     479    496       -0.00013
     479    497       -0.00049
     479    498       -0.00028
     479    500       -0.00076
     479    501       -0.00014
     479    504       -0.00033
     479    505       -0.00015
     479    506       -0.00010
     479    507        0.00018
     479    508       -0.00010
     479    513        0.00030
     479    515        0.00049
     479    517       -0.00034
     479    518        0.00049
     479    519        0.00012
     479    520        0.00061
     479    521        0.00013
     479    523       -0.00021
     479    524        0.00023
     479    525        0.00025
     479    528       -0.00012
     479    530        0.00025
     479    531        0.00039
     479    533       -0.00013
     479    534       -0.00044
     479    535       -0.00013
     479    536       -0.00028
     479    538        0.00016
     479    539       -0.00031
     479    541       -0.00011
     479    545       -0.00037
     479    548       -0.00021
     479    549        0.00015
     479    550        0.00012
     479    551        0.00015
     479    552        0.00011
     479    555       -0.00012
     479    556       -0.00013
     479    557        0.00023
     479    561       -0.00011
     479    562       -0.00012
     479    563       -0.00015
     479    574       -0.00010
     479    575       -0.00013
     479    585       -0.00013
     479    587       -0.00012
     479    593       -0.00010
     479    599       -0.00013
     479    601        0.00014
     479    604        0.00021
     479    607        0.00013
     479    608        0.00020
     479    610        0.00014
     479    611        0.00021
     479    613       -0.00011
     479    614       -0.00018
     479    616        0.00016
     479    617       -0.00016
     479    621        0.00015
     479    622        0.00021
     479    623        0.00011
     479    632        0.00011
     479    640       -0.00011
     479    648       -0.00011
     479    649       -0.00012
     479    655        0.00011
     479    658        0.00011
     479    659       -0.00014
     479    661       -0.00011
     479    664        0.00016
     479    670        0.00018
     479    674        0.00010
     479    675        0.00013
     479    676        0.00017
     479    702       -0.00011
     479    704       -0.00013
     479    709        0.00016
     479    715        0.00011
     479    732       -0.00011
     480    495        0.00032
     480    497        0.00021
     480    498        0.00015
     480    500       -0.00017
     480    501        0.00014
     480    504       -0.00012
     480    509        0.00013
     480    514        0.00012
     480    516       -0.00012
     480    518        0.00014
     480    521        0.00020
     480    523        0.00041
     480    524        0.00032
     480    525       -0.00036
     480    527        0.00010
     480    530       -0.00012
     480    534        0.00020
     480    535        0.00010
     480    536        0.00018
     480    537       -0.00022
     480    538        0.00029
     480    539       -0.00016
     480    543        0.00012
     480    545       -0.00017
     480    549       -0.00016
     480    550        0.00010
     480    551       -0.00027
     480    555        0.00031
     480    556        0.00011
     480    557        0.00017
     480    558        0.00028
     480    559       -0.00016
     480    560       -0.00013
     480    561       -0.00041
     480    563       -0.00022
     480    568        0.00019
     480    570       -0.00010
     480    574        0.00018
     480    575       -0.00022
     480    578       -0.00016
     480    582        0.00013
     480    583       -0.00010
     480    587       -0.00013
     480    591        0.00017
     480    592       -0.00015
     480    593       -0.00015
     480    595       -0.00015
     480    598       -0.00023
     480    599        0.00015
     480    600        0.00010
     480    601        0.00010
     480    605       -0.00012
     480    609       -0.00023
     480    614        0.00023
     480    618        0.00013
     480    622       -0.00027
     480    623       -0.00014
     480    625       -0.00012
     480    629        0.00017
     480    630       -0.00012
     480    631        0.00017
     480    632        0.00015
     480    634       -0.00012
     480    637        0.00012
     480    638        0.00022
     480    639        0.00011
     480    640       -0.00013
     480    641       -0.00013
     480    642       -0.00014
     480    643       -0.00013
     480    648       -0.00015
     480    655        0.00021
     480    656       -0.00014
     480    657       -0.00013
     480    659        0.00021
     480    661       -0.00015
     480    662       -0.00011
     480    669        0.00014
     480    670       -0.00012
     480    674       -0.00018
     480    678       -0.00012
     480    679        0.00011
     480    685        0.00011
     480    690       -0.00013
     480    691       -0.00019
     480    700        0.00015
     480    718       -0.00012
     481    495       -0.00172
     481    496        0.00063
     481    498       -0.00044
     481    499        0.00028
     481    500       -0.00090
     481    502       -0.00026
     481    503       -0.00016
     481    504       -0.00011
     481    505       -0.00027
     481    507        0.00025
     481    508       -0.00027
     481    514        0.00016
     481    515       -0.00024
     481    516        0.00024
     481    530        0.00013
     481    532        0.00011
     481    534       -0.00017
     481    540        0.00013
     481    542        0.00011
     481    549        0.00011
     481    556       -0.00012
     481    558       -0.00018
     481    611       -0.00011
     482    495        0.00301
     482    496       -0.00077
     482    497        0.00088
     482    498        0.00061
     482    499       -0.00057
     482    500        0.00366
     482    501        0.00045
     482    502       -0.00039
     482    504        0.00188
     482    505        0.00116
     482    506        0.00042
     482    507       -0.00092
     482    508        0.00046
     482    513        0.00046
     482    514       -0.00018
     482    515        0.00116
     482    516       -0.00025
     482    521        0.00014
     482    523       -0.00015
     482    524       -0.00019
     482    525       -0.00030
     482    526        0.00031
     482    530       -0.00062
     482    531       -0.00034
     482    533        0.00033
     482    534        0.00065
     482    535       -0.00019
     482    538       -0.00022
     482    539        0.00034
     482    540       -0.00033
     482    541       -0.00011
     482    542       -0.00041
     482    544        0.00012
     482    545        0.00026
     482    546       -0.00013
     482    547       -0.00015
     482    555        0.00014
     482    557       -0.00018
     482    558        0.00011
     482    568        0.00012
     482    578        0.00012
     482    675        0.00010
     482    732       -0.00013
     482    776       -0.00011
     483    495       -0.01134
     483    496        0.00570
     483    497        0.00576
     483    498        0.00590
     483    499       -0.00094
     483    500        0.00074
     483    501        0.00037
     483    502        0.00034
     483    503       -0.00123
     483    504        0.00514
     483    505       -0.00042
     483    506       -0.00084
     483    507        0.00040
     483    508       -0.00134
     483    513        0.00049
     483    514        0.00032
     483    517       -0.00011
     483    518        0.00016
     483    520        0.00018
     483    524       -0.00012
     483    525       -0.00014
     483    527        0.00028
     483    528       -0.00010
     483    530        0.00011
     483    531        0.00021
     483    532        0.00013
     483    533       -0.00029
     483    534       -0.00016
     483    535       -0.00016
     483    542        0.00040
     483    544       -0.00012
     483    545       -0.00031
     483    547        0.00011
     483    548        0.00011
     483    551       -0.00014
     483    552       -0.00015
     483    553       -0.00026
     483    555       -0.00034
     483    556       -0.00026
     483    557        0.00049
     483    560       -0.00015
     483    561       -0.00024
     483    562       -0.00052
     483    563        0.00023
     483    564        0.00065
     483    565       -0.00025
     483    566       -0.00024
     483    567       -0.00047
     483    569       -0.00046
     483    570        0.00049
     483    571        0.00011
     483    573       -0.00020
     483    575       -0.00020
     483    576       -0.00010
     483    577        0.00020
     483    579       -0.00012
     483    581       -0.00012
     483    582       -0.00018
     483    584        0.00012
     483    585       -0.00030
     483    586        0.00012
     483    587       -0.00013
     483    588       -0.00049
     483    590        0.00025
     483    592       -0.00013
     483    593        0.00011
     483    602       -0.00011
     483    608        0.00012
     483    610        0.00016
     483    613        0.00016
     483    617       -0.00018
     483    619        0.00014
     483    621       -0.00034
     483    623       -0.00020
     483    625       -0.00028
     483    626        0.00013
     483    627       -0.00012
     483    630        0.00017
     483    631       -0.00040
     483    635        0.00029
     483    636        0.00011
     483    638        0.00017
     483    639       -0.00012
     483    642        0.00014
     483    646        0.00013
     483    647       -0.00065
     483    648        0.00020
     483    649        0.00013
     483    656       -0.00012
     483    660        0.00013
     483    674        0.00012
     483    675       -0.00015
     483    677        0.00027
     483    678        0.00015
     483    679        0.00012
     483    680       -0.00013
     483    684       -0.00011
     483    685        0.00017
     483    687       -0.00018
     483    692       -0.00013
     483    694        0.00011
     483    695        0.00014
     483    696       -0.00012
     483    697        0.00014
     483    705        0.00011
     483    729       -0.00012
     483    734        0.00014
     483    736       -0.00014
     483    738        0.00016
     483    745        0.00017
     483    750       -0.00023
     483    756       -0.00012
     483    758       -0.00017
     483    759       -0.00012
     483    777       -0.00011
     483    782       -0.00023
     483    786       -0.00013
     483    795       -0.00011
     483    812       -0.00012
     483    815       -0.00011
     484    495       -0.00312
     484    496        0.00212
     484    497        0.00424
     484    498        0.00333
     484    499       -0.00131
     484    500       -0.00078
     484    501       -0.00090
     484    502        0.00086
     484    503       -0.00030
     484    504        0.00036
     484    505       -0.00075
     484    506       -0.00115
     484    507        0.00045
     484    508       -0.00023
     484    514       -0.00017
     484    515       -0.00069
     484    516       -0.00052
     484    525        0.00017
     484    526       -0.00018
     484    527       -0.00025
     484    528       -0.00018
     484    530        0.00030
     484    531        0.00027
     484    534       -0.00033
     484    535        0.00028
     484    536       -0.00011
     484    537       -0.00019
     484    539       -0.00015
     484    542        0.00034
     484    543       -0.00011
     484    545       -0.00017
     484    551       -0.00012
     484    553       -0.00011
     484    555       -0.00018
     484    557        0.00025
     484    558        0.00013
     484    559        0.00011
     484    564        0.00016
     484    567       -0.00011
     484    569       -0.00014
     484    570        0.00018
     484    588       -0.00022
     484    621       -0.00014
     484    630        0.00012
     484    631       -0.00011
     484    647       -0.00019
     484    750       -0.00011
     485    495        0.00727
     485    496       -0.00372
     485    497       -0.00831
     485    498       -0.00687
     485    499        0.00274
     485    500        0.00211
     485    501        0.00017
     485    502       -0.00034
     485    503        0.00128
     485    504        0.00095
     485    505        0.00130
     485    506        0.00048
     485    507       -0.00167
     485    508        0.00087
     485    513       -0.00013
     485    514       -0.00019
     485    515        0.00153
     485    516       -0.00035
     485    520       -0.00012
     485    521        0.00019
     485    523       -0.00011
     485    524       -0.00031
     485    525       -0.00033
     485    526        0.00027
     485    527       -0.00014
     485    528        0.00039
     485    529       -0.00011
     485    530       -0.00043
     485    531       -0.00036
     485    533        0.00036
     485    534        0.00073
     485    535       -0.00025
     485    536       -0.00013
     485    538       -0.00012
     485    539        0.00037
     485    540       -0.00014
     485    541       -0.00014
     485    542       -0.00050
     485    545        0.00020
     485    550       -0.00020
     485    552       -0.00017
     485    553        0.00022
     485    554       -0.00020
     485    555        0.00031
     485    557       -0.00031
     485    559       -0.00012
     485    561        0.00012
     485    564       -0.00021
     485    567        0.00015
     485    570       -0.00019
     485    576        0.00010
     485    588        0.00010
     485    590       -0.00013
     485    621        0.00016
     485    625        0.00013
     485    630       -0.00011
     485    646       -0.00013
     485    647        0.00016
     485    663       -0.00010
     485    734       -0.00011
     485    738       -0.00013
     485    750        0.00012
     485    751       -0.00010
     485    753       -0.00010
     485    758        0.00011
     485    776       -0.00013
     485    782        0.00015
     486    495       -0.00652
     486    496        0.00251
     486    497        0.00447
     486    498        0.00458
     486    499       -0.00163
     486    500       -0.00214
     486    501        0.00133
     486    502       -0.00017
     486    503        0.00032
     486    504       -0.00079
     486    505       -0.00075
     486    506       -0.00123
     486    507        0.00139
     486    508       -0.00051
     486    514       -0.00015
     486    515       -0.00119
     486    521       -0.00018
     486    524        0.00027
     486    525        0.00026
     486    526       -0.00017
     486    527        0.00018
     486    528       -0.00020
     486    530        0.00041
     486    531        0.00028
     486    532       -0.00011
     486    533       -0.00019
     486    534       -0.00057
     486    535        0.00015
     486    536        0.00013
     486    537       -0.00022
     486    542        0.00046
     486    543        0.00010
     486    545       -0.00022
     486    546        0.00014
     486    550        0.00019
     486    554        0.00012
     486    555       -0.00019
     486    557        0.00023
     486    558       -0.00018
     486    559        0.00016
     486    570        0.00022
     486    591       -0.00013
     486    595       -0.00011
     486    621       -0.00010
     486    632       -0.00013
     486    640       -0.00011
     486    654        0.00011
     486    673       -0.00012
     486    718        0.00011
     486    782       -0.00012
     487    495       -0.08369
     487    496        0.01603
     487    497        0.02688
     487    498        0.02374
     487    499       -0.00916
     487    500        0.00209
     487    501        0.00499
     487    502       -0.00140
     487    503       -0.00088
     487    504       -0.00303
     487    505       -0.00186
     487    506       -0.00235
     487    507        0.00026
     487    508       -0.00350
     487    510       -0.00011
     487    513       -0.00121
     487    514        0.00126
     487    515       -0.00115
     487    516       -0.00065
     487    517        0.00012
     487    520        0.00010
     487    521       -0.00014
     487    523        0.00024
     487    524        0.00057
     487    525        0.00035
     487    526       -0.00021
     487    527        0.00029
     487    528       -0.00022
     487    530        0.00037
     487    531        0.00026
     487    532        0.00046
     487    533       -0.00080
     487    534       -0.00114
     487    535        0.00023
     487    536        0.00024
     487    537       -0.00021
     487    538        0.00010
     487    539       -0.00044
     487    541        0.00015
     487    542        0.00100
     487    544       -0.00021
     487    545       -0.00057
     487    547        0.00013
     487    548        0.00028
     487    551       -0.00052
     487    552       -0.00018
     487    553       -0.00044
     487    554        0.00017
     487    555       -0.00081
     487    556       -0.00045
     487    557        0.00138
     487    558       -0.00023
     487    559        0.00079
     487    560        0.00023
     487    561       -0.00036
     487    562        0.00059
     487    564        0.00030
     487    565       -0.00014
     487    566       -0.00016
     487    567       -0.00018
     487    569       -0.00020
     487    570        0.00027
     487    573       -0.00019
     487    586       -0.00012
     487    588       -0.00024
     487    589        0.00012
     487    590        0.00012
     487    592       -0.00020
     487    596        0.00030
     487    598       -0.00018
     487    599       -0.00030
     487    600        0.00018
     487    601       -0.00020
     487    602       -0.00017
     487    605       -0.00032
     487    607       -0.00023
     487    608        0.00018
     487    609        0.00025
     487    610       -0.00033
     487    611       -0.00022
     487    612        0.00036
     487    616        0.00011
     487    618        0.00019
     487    619       -0.00011
     487    620       -0.00015
     487    621        0.00030
     487    626        0.00010
     487    628        0.00018
     487    631       -0.00011
     487    633        0.00027
     487    635       -0.00039
     487    636        0.00012
     487    637        0.00024
     487    638       -0.00023
     487    642       -0.00018
     487    643       -0.00014
     487    646       -0.00021
     487    647        0.00010
     487    649       -0.00021
     487    650       -0.00031
     487    651       -0.00011
     487    655       -0.00012
     487    656       -0.00012
     487    660       -0.00015
     487    664        0.00013
     487    668        0.00010
     487    669       -0.00012
     487    672       -0.00014
     487    674        0.00012
     487    675       -0.00018
     487    677       -0.00016
     487    678       -0.00015
     487    679       -0.00016
     487    683        0.00017
     487    700        0.00015
     487    718       -0.00013
     487    730       -0.00016
     487    740       -0.00012
     487    745        0.00013
     487    778        0.00010
     487    782       -0.00011
     487    786        0.00010
     487    789        0.00014
     487    805        0.00011
     487    806       -0.00010
     487    819        0.00013
     487    872       -0.00010
     487    886        0.00010
     487    919       -0.00011
     487    942        0.00012
     488    495       -0.14821
     488    496        0.03401
     488    497        0.01091
     488    498        0.01162
     488    499        0.00446
     488    500        0.01032
     488    501       -0.00016
     488    502        0.00064
     488    503       -0.00144
     488    504        0.00426
     488    505        0.00140
     488    506       -0.00066
     488    507       -0.00272
     488    508       -0.00209
     488    513       -0.00085
     488    514        0.00028
     488    515        0.00099
     488    520       -0.00015
     488    524        0.00012
     488    525        0.00014
     488    527        0.00030
     488    528       -0.00029
     488    532       -0.00024
     488    533       -0.00010
     488    534       -0.00049
     488    535        0.00019
     488    536        0.00012
     488    539       -0.00023
     488    542        0.00061
     488    544       -0.00033
     488    545       -0.00042
     488    548        0.00028
     488    550        0.00035
     488    551       -0.00026
     488    552        0.00013
     488    553       -0.00041
     488    554        0.00017
     488    555       -0.00064
     488    556       -0.00035
     488    557        0.00085
     488    558       -0.00022
     488    559        0.00029
     488    561       -0.00021
     488    563        0.00011
     488    564        0.00028
     488    566       -0.00012
     488    569       -0.00032
     488    570        0.00023
     488    578        0.00020
     488    579       -0.00010
     488    584        0.00013
     488    585       -0.00016
     488    588       -0.00038
     488    590        0.00018
     488    592       -0.00024
     488    593        0.00011
     488    595        0.00016
     488    596        0.00020
     488    600        0.00019
     488    602       -0.00021
     488    605       -0.00018
     488    608        0.00015
     488    612        0.00018
     488    617       -0.00013
     488    618        0.00017
     488    621        0.00018
     488    624       -0.00015
     488    626        0.00018
     488    631       -0.00036
     488    633        0.00016
     488    637        0.00023
     488    640        0.00011
     488    649       -0.00015
     488    650       -0.00026
     488    651       -0.00015
     488    652        0.00019
     488    653        0.00011
     488    654        0.00018
     488    656       -0.00014
     488    657        0.00013
     488    665        0.00010
     488    672       -0.00020
     488    692       -0.00011
     488    708       -0.00013
     488    709       -0.00020
     488    715       -0.00011
     488    723        0.00011
     488    725       -0.00013
     488    727        0.00019
     488    729        0.00014
     488    730       -0.00010
     488    752        0.00014
     488    771        0.00013
     488    772       -0.00010
     488    831        0.00017
     488    871        0.00010
     488    874       -0.00013
     488    884        0.00010
     488    887       -0.00011
     488    952        0.00013
     488    987        0.00010
     489    495        0.03507
     489    496       -0.00245
     489    497        0.01683
     489    498        0.00297
     489    499       -0.00572
     489    500        0.00034
     489    501       -0.00227
     489    502        0.00036
     489    503        0.00123
     489    504       -0.00178
     489    505       -0.00100
     489    506        0.00033
     489    507        0.00017
     489    508       -0.00019
     489    514        0.00047
     489    515       -0.00037
     489    516       -0.00026
     489    557        0.00010
     489    558       -0.00013
     489    566       -0.00014
     489    576        0.00016
     489    580        0.00013
     489    586        0.00011
     489    588        0.00012
     489    592       -0.00011
     489    596        0.00011
     489    597       -0.00016
     489    600        0.00014
     489    615        0.00023
     489    630       -0.00024
     489    631       -0.00010
     489    632       -0.00017
     489    636        0.00012
     490    495       -0.00268
     490    496        0.00074
     490    497       -0.00078
     490    498        0.00431
     490    499        0.00140
     490    500       -0.00108
     490    501       -0.00123
     490    502        0.00047
     490    503        0.00105
     490    506        0.00070
     490    514        0.00045
     490    516        0.00054
     490    528       -0.00010
     490    535       -0.00014
     490    536        0.00015
     490    539       -0.00010
     490    541        0.00013
     490    558       -0.00020
     490    559       -0.00011
     490    587        0.00012
     490    589        0.00011
     490    594        0.00010
     490    595       -0.00012
     490    596        0.00011
     490    599        0.00010
     490    600        0.00011
     490    602       -0.00012
     490    606        0.00011
     490    615        0.00012
     491    495       -0.00526
     491    496       -0.03826
     491    497       -0.03235
     491    498        0.01249
     491    499       -0.00329
     491    500        0.00260
     491    501       -0.00066
     491    502        0.00147
     491    503        0.00153
     491    505       -0.00024
     491    506       -0.00023
     491    507       -0.00022
     491    508        0.00012
     491    514        0.00042
     491    516        0.00013
     491    527       -0.00019
     491    533        0.00017
     491    537       -0.00014
     491    543       -0.00011
     491    576        0.00014
     492    495       -0.02757
     492    496        0.08250
     492    497        0.64797
     492    498        0.16019
     492    499        0.02567
     492    500       -0.02242
     492    501        0.00191
     492    502        0.00232
     492    503       -0.00652
     492    504       -0.00887
     492    505        0.00373
     492    506       -0.00670
     492    507        0.00567
     492    508       -0.00828
     492    509        0.00047
     492    513        0.00047
     492    514        0.00267
     492    515       -0.00074
     492    516       -0.00104
     492    517        0.00025
     492    518        0.00016
     492    521        0.00024
     492    522       -0.00024
     492    523        0.00022
     492    524        0.00106
     492    525        0.00053
     492    526        0.00071
     492    527        0.00050
     492    528        0.00014
     492    530       -0.00138
     492    531       -0.00059
     492    532        0.00037
     492    533       -0.00038
     492    534       -0.00071
     492    536        0.00014
     492    537        0.00023
     492    538       -0.00038
     492    539        0.00046
     492    540       -0.00069
     492    541       -0.00047
     492    542       -0.00027
     492    543        0.00038
     492    544        0.00042
     492    546       -0.00020
     492    547        0.00026
     492    548       -0.00032
     492    549       -0.00022
     492    550       -0.00076
     492    552       -0.00029
     492    553        0.00031
     492    554       -0.00027
     492    555        0.00036
     492    558        0.00020
     492    560        0.00027
     492    562        0.00032
     492    563        0.00021
     492    564        0.00017
     492    566       -0.00031
     492    567       -0.00039
     492    570        0.00081
     492    571        0.00040
     492    573       -0.00011
     492    574       -0.00023
     492    577        0.00015
     492    578       -0.00025
     492    584       -0.00012
     492    586       -0.00015
     492    587        0.00013
     492    589        0.00031
     492    590       -0.00021
     492    591        0.00019
     492    593       -0.00011
     492    594        0.00025
     492    595       -0.00016
     492    597       -0.00051
     492    598       -0.00011
     492    600        0.00013
     492    601       -0.00011
     492    604        0.00017
     492    606        0.00016
     492    607        0.00019
     492    615        0.00018
     492    618        0.00028
     492    621       -0.00053
     492    622        0.00020
     492    623       -0.00030
     492    625       -0.00015
     492    626        0.00014
     492    628        0.00010
     492    631       -0.00047
     492    632        0.00029
     492    633       -0.00017
     492    635        0.00034
     492    642        0.00015
     492    646        0.00021
     492    647       -0.00047
     492    648        0.00011
     492    649        0.00019
     492    652       -0.00013
     492    653       -0.00033
     492    655        0.00011
     492    660        0.00020
     492    663        0.00014
     492    671        0.00013
     492    672        0.00021
     492    675       -0.00023
     492    683        0.00012
     492    684        0.00013
     492    685        0.00013
     492    691       -0.00011
     492    697       -0.00012
     492    700        0.00014
     492    704        0.00011
     492    705       -0.00023
     492    711        0.00015
     492    723       -0.00014
     492    724        0.00020
     492    726        0.00010
     492    727        0.00010
     492    728       -0.00020
     492    731       -0.00014
     492    733        0.00014
     492    734       -0.00011
     492    735       -0.00011
     492    738       -0.00019
     492    739        0.00045
     492    740       -0.00014
     492    741        0.00019
     492    742       -0.00026
     492    743        0.00013
     492    744        0.00013
     492    746       -0.00030
     492    749        0.00016
     492    750        0.00023
     492    751        0.00020
     492    754        0.00013
     492    755       -0.00030
     492    756       -0.00010
     492    759        0.00011
     492    762       -0.00021
     492    765       -0.00015
     492    769        0.00012
     492    770        0.00013
     492    773       -0.00026
     492    774        0.00011
     492    775       -0.00011
     492    780       -0.00010
     492    781        0.00012
     492    782        0.00025
     492    786        0.00026
     492    787       -0.00018
     492    789       -0.00018
     492    793        0.00011
     492    794       -0.00013
     492    795        0.00011
     492    797        0.00013
     492    798       -0.00014
     492    804       -0.00018
     492    805        0.00015
     492    820       -0.00011
     492    824       -0.00012
     492    834        0.00010
     492    847        0.00015
     492    886       -0.00012
     492    921        0.00013
     492    973        0.00011
     492   1459        0.00013
     493    495       -0.00151
     493    496        0.00153
     493    497        0.02592
     493    498        0.05052
     493    499       -0.01669
     493    500       -0.02576
     493    501        0.00757
     493    502       -0.00690
     493    503        0.00564
     493    504        0.00117
     493    505        0.00085
     493    506        0.00103
     493    507        0.00037
     493    508        0.00182
     493    513        0.00018
     493    514       -0.00047
     493    515       -0.00164
     493    518       -0.00015
     493    522        0.00011
     493    523        0.00028
     493    524        0.00070
     493    525        0.00081
     493    526       -0.00052
     493    527       -0.00063
     493    528       -0.00076
     493    529        0.00035
     493    530        0.00112
     493    531        0.00066
     493    532        0.00034
     493    533       -0.00071
     493    534       -0.00157
     493    535        0.00059
     493    536        0.00019
     493    537       -0.00082
     493    538        0.00022
     493    539       -0.00070
     493    540        0.00014
     493    541        0.00040
     493    542        0.00073
     493    543       -0.00028
     493    544        0.00011
     493    545       -0.00029
     493    546        0.00015
     493    557        0.00017
     493    558       -0.00019
     493    561       -0.00017
     493    567       -0.00017
     493    569        0.00022
     493    571       -0.00011
     493    577        0.00011
     493    578       -0.00013
     493    580        0.00013
     493    582       -0.00012
     493    586        0.00028
     493    587       -0.00011
     493    588        0.00011
     493    589       -0.00026
     493    590        0.00015
     493    591       -0.00010
     493    596       -0.00024
     493    597       -0.00013
     493    598        0.00018
     493    599        0.00010
     493    600       -0.00018
     493    601        0.00016
     493    602        0.00031
     493    605        0.00013
     493    606       -0.00013
     493    607        0.00017
     493    609       -0.00030
     493    610        0.00021
     493    611        0.00010
     493    615        0.00016
     493    617       -0.00022
     493    619        0.00014
     493    621       -0.00017
     493    627       -0.00019
     493    629        0.00014
     493    631       -0.00027
     493    634       -0.00015
     493    635        0.00049
     493    638        0.00014
     493    647       -0.00021
     493    648        0.00011
     493    654        0.00014
     493    657        0.00013
     493    660        0.00015
     493    664       -0.00013
     493    678        0.00012
     493    700       -0.00010
     493    717       -0.00011
     493    724        0.00013
     493    727        0.00012
     493    734        0.00014
     493    738        0.00016
     493    739       -0.00015
     493    742        0.00011
     493    744       -0.00015
     493    746        0.00018
     493    750       -0.00015
     493    758       -0.00013
     493    767        0.00011
     494    495        0.00288
     494    496       -0.00194
     494    497       -0.02656
     494    498       -0.04271
     494    499        0.01009
     494    500        0.02904
     494    502        0.00064
     494    503       -0.00127
     494    504        0.00143
     494    505       -0.00048
     494    506       -0.00172
     494    507        0.00023
     494    508       -0.00257
     494    513       -0.00015
     494    515        0.00235
     494    516       -0.00039
     494    521        0.00032
     494    523       -0.00037
     494    524       -0.00108
     494    525       -0.00111
     494    526        0.00074
     494    527       -0.00020
     494    528        0.00026
     494    530       -0.00213
     494    531       -0.00098
     494    532       -0.00053
     494    533        0.00127
     494    534        0.00244
     494    535       -0.00070
     494    536       -0.00031
     494    537        0.00032
     494    538       -0.00073
     494    539        0.00071
     494    540       -0.00065
     494    542       -0.00102
     494    543       -0.00025
     494    545        0.00052
     494    550       -0.00016
     494    553        0.00012
     494    555        0.00014
     494    557       -0.00018
     494    558       -0.00011
     494    559       -0.00017
     494    563        0.00013
     494    567        0.00017
     494    568        0.00017
     494    569       -0.00017
     494    571       -0.00011
     494    578        0.00024
     494    584        0.00010
     494    587       -0.00013
     494    588        0.00017
     494    592       -0.00020
     494    595        0.00023
     494    596        0.00021
     494    598       -0.00028
     494    599       -0.00022
     494    600        0.00019
     494    602       -0.00012
     494    605       -0.00018
     494    606       -0.00017
     494    607       -0.00032
     494    609        0.00013
     494    610       -0.00043
     494    611       -0.00017
     494    612        0.00022
     494    617        0.00019
     494    619       -0.00011
     494    621        0.00028
     494    624        0.00013
     494    625        0.00010
     494    627        0.00023
     494    628        0.00011
     494    630       -0.00021
     494    631        0.00038
     494    632       -0.00032
     494    634        0.00015
     494    635       -0.00058
     494    636        0.00016
     494    638       -0.00022
     494    641        0.00010
     494    642       -0.00016
     494    646       -0.00012
     494    647        0.00024
     494    649       -0.00013
     494    655       -0.00010
     494    656        0.00011
     494    657       -0.00021
     494    660       -0.00028
     494    663       -0.00014
     494    664        0.00012
     494    668        0.00010
     494    670        0.00012
     494    677       -0.00017
     494    678       -0.00011
     494    683        0.00011
     494    687        0.00010
     494    699        0.00011
     494    702        0.00013
     494    709        0.00011
     494    719        0.00014
     494    726       -0.00016
     494    727       -0.00016
     494    734       -0.00011
     494    736        0.00015
     494    738       -0.00027
     494    739        0.00024
     494    740       -0.00012
     494    742       -0.00014
     494    743        0.00015
     494    744        0.00016
     494    745       -0.00019
     494    746       -0.00014
     494    750        0.00027
     494    755       -0.00013
     494    758        0.00011
     494    762       -0.00010
     494    769        0.00012
     494    777        0.00018
     494    779        0.00012
     494    784        0.00011
