-154.3895873
-158.6172385
-163.0726735
-165.2430854
-162.6904189
-158.3066110
-159.2733219
-156.7167989
-169.6839606
-168.2614312
-161.3115251
-163.4675039
-159.4240124
-164.9303524
-162.2019420
-170.2585699
-163.0671257
-164.6406117
-161.4244978
-161.2659836
-164.1843174
-163.5428418
-161.7279748
-161.6768905
-163.0903349
-168.6956090
-168.2702893
-160.0288883
-160.6085535
-163.0098258
-157.9143589
-167.9911042
-168.6339893
-164.2464758
-163.2322119
-156.3150615
-158.5197767
-161.8326425
-162.9674708
-166.5798098
-167.0100974
-161.4114940
-156.1107048
-156.3640404
-162.0637900
-159.4900216
-160.9837869
-158.6969302
-198.8017405
-203.3378417
-203.5326353
-205.0008172
-205.8163753
-201.2948957
-198.0845560
-198.5506665
-204.2360767
-211.4943104
-205.1037411
-202.3705287
-198.8759214
-203.4224070
-204.3175897
-206.3560314
-202.7335864
-203.1135999
-204.1344475
-201.5892823
-203.9686891
-209.4015278
-200.7805130
-203.9059962
-202.0427900
-209.7520134
-211.2678947
-208.2931483
-201.6949799
-200.9949699
-199.7584542
-205.9150953
-211.8971141
-209.8154861
-203.2423777
-201.0839903
-198.0658367
-207.7085445
-207.5839797
-207.5654562
-203.6905069
-204.4733734
-201.0814699
-198.4465290
-206.3431388
-207.3890489
-200.8648410
-201.0133952
-230.9568315
-232.6564268
-237.2700850
-236.1639563
-236.0680886
-227.5456272
-228.3962524
-224.5620578
-233.6922042
-236.6086462
-235.5140550
-228.6784614
-229.9217658
-232.6207789
-233.7041225
-235.3701238
-239.4339151
-231.9675489
-230.3455878
-233.9538756
-241.9447462
-238.4559803
-236.5249657
-236.2162876
-232.6524758
-239.8808071
-240.9806533
-235.7767738
-226.3832894
-233.7965873
-229.3474537
-237.5941067
-239.0768812
-237.6252387
-235.5485154
-228.4746275
-230.6308456
-234.2474802
-239.7379238
-237.6348001
-230.9483140
-227.6697864
-224.5806201
-230.8854052
-238.5221574
-238.5589234
-233.2358766
-226.5453463
-247.7208723
-246.9243561
-253.5286994
-252.4766377
-250.7033434
-247.6632203
-243.5121292
-243.4262707
-253.6917095
-251.9693572
-247.7414411
-244.6403403
-245.2214099
-245.9200484
-254.4585999
-251.7862429
-249.6622759
-252.1634102
-250.0496788
-252.5851345
-254.7771989
-254.5530384
-250.5746660
-252.6427456
-248.7880516
-262.8494218
-262.8365421
-258.4672699
-251.8615163
-249.6829149
-249.7331385
-256.9810584
-261.6079446
-258.4908232
-251.9798724
-248.8940726
-249.4873752
-250.9305664
-253.6507475
-256.5871132
-257.8565474
-245.2797320
-241.0743503
-249.1869830
-255.4705449
-257.7050255
-256.8715407
-246.5790006
-232.0281447
-233.5375472
-238.9574287
-243.2085071
-237.4006947
-235.7541624
-231.7016139
-232.1343510
-238.5675966
-240.2017431
-238.4626340
-234.7727009
-235.1384715
-237.8874096
-243.1988065
-247.6978994
-239.5162380
-236.7176165
-241.5980717
-243.1194240
-245.4214480
-244.6294837
-241.4820215
-236.4184848
-241.5215107
-242.3974760
-245.9543207
-248.9206095
-243.4106902
-239.7099072
-233.6124168
-245.2093005
-246.0393127
-244.2368149
-239.2378491
-237.9074254
-234.9080707
-239.6156082
-244.2709336
-243.0333546
-244.0256375
-237.1449301
-233.6621665
-234.8520267
-239.7331603
-250.2855000
-239.5967747
-229.0434410
-201.7555161
-203.0654947
-204.9415692
-212.1283341
-208.3303427
-200.7071466
-198.4748271
-196.9447450
-212.5629461
-213.0068547
-210.1608629
-203.1455666
-197.3423763
-200.4247728
-209.2763204
-216.0910190
-210.4532122
-202.4848379
-207.0274415
-208.3495492
-217.9931137
-215.1182546
-212.6531214
-204.5189102
-207.7843965
-211.2993762
-213.9007587
-217.7671155
-210.3334414
-209.1104048
-206.0452965
-210.1774577
-215.9517590
-207.9813102
-206.6764091
-203.6100501
-199.1510644
-206.2246428
-214.8621348
-210.0268921
-207.3121482
-207.8646358
-202.1920913
-201.7815487
-212.6591730
-205.4307172
-209.6602678
-203.0393974
-160.4894638
-164.6041477
-175.9005027
-170.5908826
-169.4950576
-162.4315752
-161.5344342
-164.5848292
-172.2475747
-175.7505960
-169.8230244
-166.9575147
-162.7156629
-159.0638170
-172.9412972
-172.7748783
-172.0091427
-160.5532367
-165.0447302
-169.2814980
-175.5776987
-175.5739984
-174.0555940
-165.4235024
-164.6641903
-174.9171266
-171.2608725
-167.5998423
-172.4325062
-166.7598376
-165.6302667
-174.1959959
-175.3399157
-170.0142663
-172.1901825
-166.0515914
-164.9396457
-169.3714972
-175.1973360
-173.5408917
-169.2803903
-168.6544116
-166.2006229
-170.8290183
-177.5438894
-171.6691932
-167.3195310
-162.2372140
-125.1756994
-123.6246661
-130.3635465
-129.1138932
-130.5612367
-121.8925522
-121.2549166
-125.9892571
-131.4782479
-131.3985163
-129.1475649
-125.6434170
-124.0093231
-123.0197035
-131.6374164
-131.4151863
-132.4413531
-122.2574404
-127.3701077
-124.8061803
-131.3589373
-134.0634678
-132.3173320
-127.5756701
-125.5328362
-127.7498479
-134.7524895
-129.3950785
-128.9952167
-127.2146876
-125.0616123
-134.1246633
-135.5960039
-131.0284509
-126.7361379
-126.0125349
-129.5736453
-128.3746654
-133.2714210
-130.5982089
-129.1894159
-125.3050978
-125.9855453
-129.6677105
-133.3947714
-126.5076634
-128.9543821
-124.0974612
-129.5544629
-131.3322453
-128.5888736
-131.1965012
-130.9700670
-136.0444941
-129.9425358
-127.7116460
-127.8823351
-128.4045826
-130.6364251
-133.2664551
-127.3211559
-127.2678439
-130.4359085
-131.8486302
-133.3944786
-128.2650013
-125.0233364
-134.7637370
-131.4858148
-136.7222552
-132.4377184
-131.0985437
-128.9728055
-132.3801381
-130.5904046
-131.1186163
-128.7832085
-132.7463504
-129.6070679
-136.4119720
-130.6337004
-130.9437794
-136.0438052
-130.3889416
-134.0435468
-137.0033904
-129.9103308
-137.6828747
-133.7740191
-135.1716085
-126.2858619
-133.2819558
-136.4582469
-134.1067933
-140.3918694
-134.3394035
-171.2081038
-169.8745225
-172.5920832
-173.2742761
-172.9929681
-173.3052694
-168.2301365
-172.2670338
-171.3643122
-169.7621032
-174.0993290
-175.0970140
-166.9503557
-167.9510405
-173.3833870
-177.6751435
-176.1273845
-175.8692270
-167.0129481
-168.7096480
-171.3357850
-180.2435068
-176.8223550
-172.2945821
-169.8697648
-171.4522097
-171.4737000
-181.7335799
-169.3545189
-167.6232487
-177.4808397
-176.0593431
-172.4018780
-173.6227697
-174.9339434
-177.4850800
-173.9050789
-180.4562988
-175.0732580
-175.6067761
-168.6388798
-171.6466714
-171.6513736
-173.4212782
-175.9113864
-173.7217711
-176.9734678
-175.7020758
-206.4141948
-204.2906847
-209.0631956
-214.0912175
-213.0464958
-212.8279792
-206.1000573
-208.6762052
-210.3353575
-211.2209637
-212.9825530
-208.7690712
-213.1005792
-206.3111946
-212.3723014
-215.9882391
-208.8294434
-211.2659204
-209.5224493
-206.5704227
-215.7622406
-220.3531971
-209.7471736
-211.7710644
-209.6795316
-207.8232265
-208.1610635
-220.7580800
-213.0937584
-210.1244653
-212.4528237
-216.6223790
-210.2693833
-215.7020704
-210.5289074
-209.5583916
-212.5640118
-219.5597304
-216.3299232
-211.3038435
-214.7817869
-212.2876236
-213.6445780
-210.6097803
-215.2059373
-217.8997454
-210.0685114
-212.1766387
-237.1134232
-240.1666605
-246.7084205
-254.0819860
-247.8212886
-238.9860113
-239.4539922
-238.3251938
-242.7052402
-243.9970296
-241.8053541
-244.2912585
-237.9304535
-241.7120372
-246.4180482
-244.9188590
-239.9795864
-245.8617953
-243.1239059
-236.1896635
-245.4004611
-246.5621983
-243.2935858
-244.8108569
-238.8597391
-241.1908004
-244.1135534
-251.8303188
-245.2208930
-248.8608914
-244.5868178
-243.5073257
-247.4144138
-255.0360823
-249.3026353
-239.9703112
-244.0024374
-247.9753071
-252.4289266
-246.7635644
-243.6050142
-243.1323299
-244.4629114
-241.1728831
-246.6379479
-250.0200328
-246.3385948
-240.8798228
-250.1480891
-249.4476552
-254.8476428
-265.8181785
-259.5159536
-250.7759725
-247.8233522
-248.7378338
-251.9545607
-258.8388339
-251.7466216
-251.6629367
-243.9497681
-250.6003372
-253.8192894
-256.8445317
-253.9099434
-254.0261762
-247.8448983
-251.5920668
-256.8486708
-257.1032134
-255.9841901
-252.6542983
-249.5949484
-251.7182503
-255.8068485
-259.1080846
-258.3335958
-253.8741434
-254.2400079
-260.3952683
-256.4497609
-263.1494325
-257.1274328
-251.6944953
-253.8460445
-259.8958396
-258.0513943
-262.1845457
-253.5822483
-256.8931911
-251.6585929
-254.0903759
-260.0657891
-265.1189642
-257.6762725
-252.1106900
-229.3783999
-225.6042739
-237.8044078
-240.0157296
-237.8370269
-228.8350682
-226.8048050
-227.1481181
-226.5028140
-235.0661042
-231.9549387
-228.0327107
-226.0089024
-226.9855536
-230.8501098
-235.4830645
-230.9721812
-231.0508426
-226.4633769
-227.7656216
-230.5498003
-242.3496244
-232.8017000
-227.7601938
-231.8478020
-227.1519309
-235.4135105
-239.8078550
-237.5380286
-231.0783725
-234.6611014
-234.8804684
-237.7537043
-241.0999719
-237.2873450
-237.7136929
-229.2130805
-231.4206876
-239.9570367
-239.8360101
-233.1962396
-226.7943195
-221.7376001
-227.8520127
-234.0734196
-241.2656813
-234.2197282
-224.7198662
-193.2374296
-193.4955930
-198.7263342
-206.9781563
-198.1993063
-193.8310093
-192.9379104
-193.3919797
-198.1890304
-202.6165044
-200.8633706
-189.7322649
-186.3135611
-191.7454321
-202.5796953
-202.9703950
-197.1855938
-193.8445929
-187.9077479
-190.8114160
-199.7418621
-206.1685392
-202.4647648
-191.4950654
-194.3058966
-195.6160421
-202.0637881
-205.0039989
-198.6202991
-196.5103751
-196.0147442
-199.1536248
-201.0677760
-207.1943720
-207.0030692
-194.9538876
-194.0791253
-200.2947546
-206.6081308
-204.3191996
-199.1971670
-195.8414161
-193.5581428
-195.8885803
-203.8130660
-199.2872540
-195.8403740
-193.9233579
-154.8940170
-155.8957803
-158.0182858
-164.6204025
-159.4501081
-153.0313722
-151.5488661
-154.2363989
-162.1210128
-157.4281989
-163.8154102
-148.6594739
-147.5042036
-154.7210330
-156.0589239
-158.2035792
-156.9302061
-151.1612756
-147.3788319
-147.6374791
-155.3205850
-165.3332281
-157.3124409
-156.1364336
-151.8045573
-150.4450279
-157.5955848
-157.1144558
-163.9375141
-155.3842406
-150.6721798
-153.2017745
-159.5408783
-159.1421709
-160.6892394
-155.1985246
-159.6450077
-157.9861508
-162.9790257
-159.2738118
-157.6563225
-156.8051864
-153.8780709
-154.7754213
-161.9460634
-160.6674656
-158.8932163
-154.1502637
