-145.6223561
-145.3710640
-144.9203734
-153.0291091
-156.4898154
-151.3756050
-143.9794481
-149.1470484
-148.6279321
-155.8762353
-154.8603168
-152.3418330
-150.0429344
-145.8857238
-154.4626089
-158.7930192
-152.0655442
-153.4264513
-147.4418403
-152.1521540
-153.9959057
-154.3915906
-153.7126626
-156.2026100
-150.2167606
-155.3204305
-151.1793296
-152.7017793
-153.2713368
-152.3680726
-154.6800600
-159.0603084
-155.2121733
-152.3830763
-147.6313217
-152.0269696
-149.5951367
-151.9784127
-152.8932449
-150.2247542
-152.6618852
-148.6512407
-147.4031611
-153.4716082
-153.8765485
-155.8972672
-158.8346057
-146.8725532
-186.6624509
-190.2629147
-194.8192236
-193.2235983
-194.7826953
-188.7750799
-185.8115002
-188.7241419
-191.5368079
-192.7504614
-198.5007599
-189.6007369
-186.4862478
-187.9097853
-196.8683956
-199.6267617
-194.0283643
-192.1387836
-186.2004568
-195.1182583
-196.4489662
-198.5942665
-195.9741302
-192.0397306
-196.0971258
-191.5327962
-192.9228708
-193.6976801
-192.4926357
-192.5371063
-193.3246674
-193.6834238
-198.0258460
-194.2394244
-193.8465441
-192.2834237
-188.1125748
-194.8207262
-198.7041239
-194.6948122
-194.1104545
-188.1915908
-186.7491491
-192.8868662
-197.3296078
-194.3642341
-195.7395182
-190.2478401
-219.0527942
-222.9028951
-228.2838493
-224.5129748
-233.0989460
-220.0544190
-219.3697665
-222.5637249
-227.9330579
-222.3010548
-228.3784032
-220.2287124
-222.2884447
-221.7852130
-229.0200131
-228.6263493
-226.3822392
-222.2958552
-223.3204210
-225.1418318
-231.8622024
-233.0073661
-225.9530957
-224.2389319
-226.1147872
-229.3735998
-229.1240893
-229.8479904
-227.7913008
-225.0358413
-223.9976719
-234.2739113
-237.0098816
-227.9028046
-226.3774104
-224.8980804
-222.6826821
-228.7470930
-237.4929487
-227.8920199
-226.7320862
-224.8404774
-219.1947680
-224.7535756
-228.9311121
-227.9490847
-229.1572936
-222.7552797
-246.6663750
-244.7883423
-249.8062149
-254.2261027
-251.6118610
-247.0445098
-243.8323048
-244.1330252
-249.8449056
-250.9157276
-248.0629321
-245.0478984
-245.1362598
-243.9127331
-248.5200308
-251.3790050
-248.1841712
-252.1075879
-248.9735803
-243.7315252
-252.2826067
-250.1212634
-249.4589525
-246.0042842
-246.8023849
-253.6042377
-249.7934724
-257.3587484
-252.8318761
-251.2168158
-248.1766660
-262.2171439
-259.6946223
-259.4295988
-252.2255416
-250.8213620
-247.9649701
-253.4897105
-257.1906910
-256.9777730
-250.7546423
-245.3717389
-249.5627521
-248.6200238
-257.5574769
-262.3955676
-250.9420873
-247.2766034
-239.7921479
-240.5119561
-246.1064562
-247.0172617
-244.5257569
-238.3669549
-239.6770435
-239.0339624
-246.3037161
-244.8222990
-242.5562877
-242.0915934
-237.8059643
-241.7708845
-245.9200913
-249.8335332
-239.6213065
-239.2740355
-242.8845427
-235.3075443
-247.7537522
-247.8030905
-242.7231571
-244.1181666
-244.3842097
-243.5711150
-249.1472465
-248.7286412
-247.4472272
-242.8443971
-240.4738502
-250.9878014
-250.5355328
-250.9251496
-245.7777596
-242.9585194
-238.1573701
-246.2905386
-252.7499340
-250.3486818
-246.9785879
-241.4061383
-239.0881503
-243.1305133
-253.8947643
-254.5563163
-249.4048542
-243.5551860
-205.6336225
-208.2908135
-220.1592561
-218.1473940
-219.8498820
-209.5701923
-207.4684912
-208.5647487
-215.5024208
-216.3701343
-214.8298322
-212.1299138
-210.1589244
-205.8387529
-212.8157075
-223.5357232
-214.1432212
-212.0619013
-209.2362755
-208.2188560
-215.3647052
-222.1068953
-214.7440079
-214.7014130
-214.7081779
-218.0068493
-223.5848416
-219.0333405
-215.0262579
-213.6335394
-212.4148964
-218.6384035
-222.3624006
-220.3288525
-214.4704263
-213.0059273
-207.2017638
-213.6037825
-226.5880759
-216.7443252
-216.4775859
-212.3524566
-210.6849919
-213.5531315
-221.5418046
-227.0284742
-212.4600028
-214.9764012
-172.1439264
-176.9901197
-188.1169460
-182.1494280
-179.7421529
-171.4972488
-174.2595515
-174.5174875
-182.9847064
-180.1492783
-182.0437585
-170.0170914
-165.0893534
-170.0648036
-182.3969788
-185.1478889
-181.2079618
-170.7090270
-169.7636156
-172.1116703
-189.3708423
-186.5423022
-180.1967961
-172.7294190
-173.3898459
-177.0878201
-181.4898099
-176.8431041
-179.8333014
-176.3438526
-175.4199735
-182.7210804
-185.7943497
-174.3927197
-181.6645114
-179.7895090
-174.6849346
-178.0353942
-183.7657052
-180.7441497
-175.9125680
-180.1299476
-173.1347207
-174.5161291
-180.5802284
-185.4234239
-179.1514007
-177.0861140
-130.1113184
-138.6997062
-148.5113277
-135.8876619
-135.9920258
-131.7013843
-136.0732592
-131.7028284
-136.5477408
-133.3186789
-137.6157264
-131.8367067
-130.7334271
-129.4216223
-136.0430891
-137.3235137
-140.6498351
-129.4680567
-129.6670147
-128.6666422
-139.5690266
-144.4022473
-141.1663219
-134.5086274
-131.2495620
-135.1248093
-136.1994275
-138.0117203
-141.1791786
-137.5100325
-138.4694133
-141.8250138
-147.3007901
-138.0838250
-133.9104182
-131.3752157
-134.3173442
-136.8040745
-145.3708439
-141.3047752
-135.5437143
-133.8414493
-135.7824721
-140.4168068
-148.7578518
-139.2774582
-137.1357483
-136.2298200
-135.5680714
-140.9120480
-136.3327961
-140.4382966
-142.1707185
-142.6778367
-133.1234913
-136.2416002
-143.4005738
-145.5758762
-143.9216720
-138.6630370
-139.7642501
-142.6715267
-141.9448174
-147.6900566
-140.5035454
-141.0897442
-138.9201098
-142.9183219
-145.6955854
-141.9226034
-142.2771295
-145.5411385
-141.4503079
-142.1699744
-138.4788633
-140.2421279
-140.5064733
-143.5852925
-144.0524587
-147.5696049
-138.7224594
-145.1715327
-144.9903099
-140.2907204
-139.1676063
-143.4038741
-145.9270490
-142.7134863
-145.5618898
-138.5191087
-135.7284199
-138.9041114
-142.7537409
-142.3257706
-142.2461036
-141.6432353
-181.7073950
-178.4690873
-180.7174429
-181.3103965
-181.2700590
-185.3624165
-181.1248913
-177.2233984
-183.7914931
-183.7534433
-186.9266547
-179.4953270
-178.2864916
-177.7255515
-190.6379742
-187.3745167
-184.9772015
-179.9840140
-176.5511482
-180.3697709
-185.7774869
-188.7235370
-184.9149250
-181.7738824
-185.9722307
-184.4775936
-182.0000433
-187.0576771
-180.6753832
-185.7933049
-182.2850701
-187.7879499
-188.0436556
-188.0040266
-181.8961831
-180.5299851
-181.9614791
-182.5945133
-187.9171038
-185.4222496
-178.5398004
-181.2926603
-184.0784182
-176.5779096
-182.9822010
-181.9497093
-180.5975327
-180.9433440
-215.1061451
-212.7638224
-216.3223336
-218.0703467
-214.8803489
-216.3196918
-218.2274304
-221.1429648
-219.4753260
-221.2080695
-217.0568536
-219.3128490
-214.6770018
-211.9492081
-224.2747582
-225.4175515
-217.3360458
-220.5408185
-214.5810706
-217.5902652
-218.1831840
-222.0980228
-215.4730923
-218.3227796
-219.5553145
-222.8641591
-217.8561843
-224.1281845
-226.1206005
-216.7523196
-220.6933825
-226.7298699
-220.7141936
-222.9548807
-221.1881976
-218.0553240
-220.0602488
-218.1052487
-220.5605522
-228.5788599
-219.8011434
-215.6316072
-214.6517039
-217.4507503
-217.9053143
-223.5113973
-219.9751218
-214.4055077
-242.0689822
-236.6023459
-242.1227482
-248.6131259
-246.1451832
-242.2698100
-240.4582215
-238.5172342
-247.8273668
-244.0718197
-244.7347246
-244.0381905
-241.4351724
-239.6758259
-251.5290068
-249.7342762
-245.7091863
-247.4248163
-242.3518981
-243.3388158
-245.9949477
-253.5857345
-245.7666251
-245.9504305
-243.3824854
-245.5585494
-244.6397438
-252.4322215
-251.1845253
-243.2103179
-245.2054001
-248.6885681
-252.0872871
-251.6412962
-247.0522268
-243.8484461
-247.3921612
-248.0203362
-250.1426260
-251.5562065
-252.6045616
-247.5362328
-244.1396299
-244.5505964
-242.5042722
-256.6669914
-242.2121948
-244.8010682
-244.9019824
-241.8969210
-250.2470886
-251.0807875
-251.6298556
-242.5468132
-243.7682514
-244.7850954
-247.9820626
-250.3147553
-251.9738718
-246.3147605
-244.3673706
-244.2637572
-254.3916096
-252.9462428
-248.3607615
-250.4716664
-246.8377024
-244.9163464
-255.3646635
-255.2118570
-250.6815305
-247.3974916
-249.1151536
-252.0739581
-254.6057248
-257.9376026
-247.9603100
-251.3823184
-249.5896747
-251.6394436
-254.8898428
-253.0034983
-247.8646992
-251.7510772
-245.2007102
-247.3942341
-255.0562643
-259.8304786
-248.9855816
-248.3060091
-244.3531376
-243.6522338
-250.9331543
-261.2704124
-257.8539107
-244.5123743
-218.5997088
-218.7790896
-221.9826659
-228.6588064
-225.5264151
-216.4443946
-216.1400821
-215.6364863
-216.4048309
-228.8534310
-221.4043218
-221.3343157
-218.7287968
-218.5208522
-221.7218519
-228.7970157
-222.3066483
-221.7076872
-221.7732558
-221.5841155
-227.0017516
-229.9804699
-225.6312209
-224.7449356
-226.5820916
-222.2023388
-231.6642001
-232.9294257
-229.4738960
-229.3581899
-218.2394289
-226.6589724
-231.2770875
-226.9071362
-224.8375041
-219.1207325
-216.0563057
-219.6688854
-226.0342354
-229.3586028
-219.1444822
-216.4576518
-216.9317393
-217.2070020
-222.8708723
-230.5862841
-227.1699750
-217.0149640
-182.0014233
-185.6807475
-185.7433524
-190.9417761
-192.0570391
-183.0251374
-183.0817402
-188.8215673
-189.4578767
-191.9617178
-191.8716040
-182.4993173
-176.7957292
-182.1576423
-188.1958514
-196.2270021
-190.6531618
-188.3245671
-182.2948123
-181.5240634
-192.7913386
-196.2331763
-189.7804451
-186.2930252
-184.9049770
-188.6652369
-190.1017724
-196.1490607
-190.9119034
-186.6471070
-185.5572813
-190.4068185
-193.9327265
-189.6343171
-195.7128050
-191.0145463
-184.5949343
-182.3402073
-191.6039792
-190.8517748
-189.0963630
-185.7610052
-186.1856999
-185.7358928
-191.2952014
-192.5462573
-188.8031622
-183.7050296
-137.7266849
-144.7132572
-151.0312580
-151.8888640
-153.5093908
-141.1879099
-142.8409638
-143.2906564
-146.4181672
-148.7777714
-148.0227873
-141.8879970
-138.4237693
-142.5311447
-147.0724304
-151.8191237
-150.8318430
-144.4278484
-139.9536796
-141.4821114
-146.1585462
-152.1096249
-153.4640762
-146.3925196
-143.1863873
-146.9693279
-149.5905548
-152.9680827
-150.7791203
-146.4839505
-145.4378912
-152.2943037
-153.7025033
-148.4841459
-149.2018904
-148.4876674
-148.5550727
-148.5842528
-156.5291424
-151.2478732
-149.4571212
-145.7207026
-148.5073889
-149.8180040
-149.5113902
-152.1249820
-152.1671394
-144.5314019
