-154.4626365
-159.0471027
-163.4932941
-165.8975877
-162.9191601
-158.7176468
-159.6696420
-156.9491753
-170.0506547
-168.6903479
-161.7948967
-163.6873454
-159.9768513
-165.4588623
-162.4154204
-170.7244376
-163.5117065
-165.3083325
-161.9589966
-161.7160813
-164.4786088
-164.0922501
-162.1564262
-162.2878583
-163.4642236
-168.8802809
-168.3314470
-160.5232608
-161.2985761
-163.7573694
-158.3934362
-168.1104988
-168.6970465
-164.8289101
-163.7966638
-156.4916338
-158.6741277
-161.8626194
-163.1932701
-167.0931744
-167.7669599
-161.9328640
-156.2979783
-156.7732275
-162.2072204
-159.9922022
-161.6477897
-159.1902619
-198.8884964
-203.6352180
-203.8753337
-205.3633977
-206.1374440
-201.4068083
-198.3205811
-199.1142187
-204.3324899
-211.9026593
-205.5335042
-202.7236321
-199.0663189
-203.7169077
-204.7127825
-206.3535994
-203.2350004
-203.7605426
-204.5778389
-201.9294907
-204.1826906
-209.7090043
-201.3514467
-204.3598742
-202.5080656
-210.1197817
-211.2864488
-208.1841944
-202.0530239
-201.3195508
-200.2548615
-206.4252907
-212.3288170
-210.1334669
-203.9742250
-201.5476627
-198.3899078
-207.8966144
-207.9580824
-208.0466498
-203.7890306
-204.7373777
-201.4827907
-198.6752307
-206.5981014
-207.8235232
-201.3504730
-201.2051092
-231.1160655
-232.6531709
-237.6215000
-236.6077857
-236.6392846
-227.9930972
-228.4744686
-224.6986329
-233.7673600
-237.0977639
-235.6753902
-229.0333458
-230.1908971
-232.8607815
-234.1433599
-235.7979480
-240.1114261
-232.5477371
-230.7156001
-234.1891952
-242.0800922
-238.8497621
-237.2909764
-236.7481217
-233.1438486
-239.9060346
-241.4721988
-235.8075299
-226.6833559
-234.0095835
-229.5852357
-237.9462034
-239.6100263
-237.8913933
-236.1593736
-228.9196258
-230.9946096
-234.5518222
-240.0982750
-238.1360268
-231.5969209
-227.9046785
-224.8987223
-231.0166306
-238.8348886
-239.1177899
-233.7385735
-226.6191933
-247.9272314
-247.3489910
-253.7444446
-252.8864448
-251.1086718
-247.9501512
-243.6860213
-243.7397463
-253.8909367
-252.3099138
-248.1689190
-245.1661919
-245.4827231
-245.9765183
-254.5578243
-252.1799300
-249.8449164
-252.6064897
-250.4538993
-252.7472614
-255.3928161
-254.6183712
-251.5165329
-252.9472011
-248.9791109
-262.7543584
-263.3838538
-258.7824664
-252.0720024
-249.9454066
-249.9561891
-257.1906033
-262.0935883
-258.7187769
-252.3354501
-249.0297177
-249.4914788
-250.7283467
-254.2301653
-256.9538384
-258.1299449
-245.5414021
-241.2187833
-249.5601602
-255.8419998
-258.1270947
-257.0238284
-246.6202710
-231.8395033
-233.7615511
-239.3523776
-243.7414984
-237.8098300
-236.1935590
-231.7543726
-232.5218253
-238.7872764
-240.1993682
-238.6924861
-235.3204883
-235.2137167
-237.8884411
-243.4965474
-248.1839239
-239.8281176
-236.9565549
-241.9104733
-243.4339370
-245.9073978
-245.0954364
-241.7382776
-236.3826082
-242.0584598
-242.9563964
-246.4592894
-249.1204025
-243.8261279
-240.1515817
-234.0715246
-245.7313427
-246.3672838
-244.7942045
-239.7624389
-238.0397102
-235.0447932
-239.7635358
-244.4232937
-243.5260754
-244.5534405
-237.6108641
-233.8774017
-235.3579058
-240.4083725
-250.9956119
-240.0971226
-229.4956381
-202.2719306
-203.3946602
-205.2229718
-212.4595164
-208.8241339
-201.0309721
-198.9586289
-197.1397825
-212.8239781
-213.0555956
-210.6071617
-203.3628098
-197.9191033
-200.8939155
-209.4469909
-216.4500141
-210.8262230
-202.6424072
-207.2543507
-208.6169390
-218.0580061
-215.5564805
-213.2452425
-204.7586830
-207.8940687
-211.5395709
-214.0275380
-218.1799038
-210.6878216
-209.5706787
-206.3480258
-210.5869484
-216.1201102
-208.2394441
-207.0499221
-204.0960974
-199.8166335
-206.2588581
-215.3022445
-210.5155224
-207.5712843
-207.9783548
-202.7702569
-202.1048449
-213.0032029
-205.8373739
-209.9776136
-203.4339853
-160.7881719
-164.8661872
-175.7664101
-170.8686950
-169.9319448
-162.8229179
-161.9467610
-165.1500472
-172.4817380
-175.8466922
-169.9467322
-167.2150807
-163.0931942
-159.3271503
-173.2404534
-172.9596096
-172.2650161
-160.9193162
-165.5507840
-169.5324965
-175.9062222
-175.6856584
-174.2744249
-165.6404832
-165.0367165
-175.1186732
-171.5872173
-168.2370484
-172.9036874
-167.0906026
-165.9802169
-174.5898526
-175.7568337
-170.1534805
-172.5115940
-166.3087728
-165.0666199
-169.7956889
-175.5203874
-173.8567112
-169.4377906
-168.8426533
-166.3880935
-171.2575017
-178.1389543
-172.0433835
-167.7908127
-162.7241215
-125.5301369
-124.0777841
-130.4552795
-129.1736217
-130.6626715
-121.8548561
-121.8460086
-126.2034256
-131.3685092
-131.4766869
-129.0176696
-125.6466503
-124.4431134
-123.4188342
-131.6787583
-131.4294286
-132.7312673
-122.3036484
-127.7269089
-125.1496009
-131.3866227
-134.3147049
-132.4058138
-127.5903032
-125.6272143
-127.9892492
-134.6936596
-129.5047563
-128.9994335
-127.3978199
-125.0721657
-134.4233857
-135.5874020
-130.8377376
-126.6381583
-125.9149524
-129.4170829
-128.6894204
-133.4792976
-130.6829870
-128.9886144
-125.3067577
-125.8424526
-130.0065001
-133.3000988
-126.4478864
-128.6803481
-124.1145723
-129.7852421
-131.3205916
-128.8671706
-131.4936389
-131.4422953
-136.4292313
-130.0305197
-127.7022946
-128.0271451
-128.8941916
-130.8203973
-133.7283428
-127.4088246
-127.5118029
-130.6092615
-132.1970487
-133.7342540
-128.4587326
-125.0340243
-135.2093859
-131.6989585
-137.0343041
-132.6188527
-131.3996811
-129.3542320
-132.4936229
-130.6690080
-131.1366224
-129.1639994
-133.0623368
-129.8779584
-136.4880625
-130.5350887
-131.0825377
-136.2553505
-130.5124671
-134.1777315
-136.8375152
-130.0363930
-137.6696659
-134.0104208
-135.8209384
-126.4286630
-133.3869503
-136.4762499
-134.3938508
-140.9004041
-134.6200869
-171.3946540
-169.9864937
-172.8714560
-173.5326888
-173.6464535
-174.0847467
-168.4491408
-172.4067021
-171.5468098
-170.1611747
-174.5695715
-175.6202713
-167.3046066
-168.3458004
-173.6606995
-178.1408898
-176.6707818
-176.1401934
-167.3690845
-169.2712306
-171.5782667
-180.5489222
-177.3757297
-172.5998553
-170.5804343
-171.7695302
-171.6839182
-182.0755078
-169.7510325
-167.9688183
-177.7757672
-176.4843351
-172.5130714
-173.8663813
-175.7829182
-177.9143039
-174.0925751
-180.7532120
-175.0991357
-175.8939026
-168.9643630
-172.1581001
-171.7813798
-173.1575929
-175.7841458
-174.0324447
-177.2840196
-176.3504542
-207.0731924
-204.5487586
-209.2970250
-214.7166805
-213.4953403
-212.9025170
-206.3411041
-208.8725014
-210.5509692
-211.3241985
-213.5506883
-209.1641875
-213.4233420
-206.4918268
-212.2706366
-216.3246233
-209.2222239
-211.5038189
-209.9512947
-206.9947103
-215.9375644
-220.4601234
-210.1901438
-212.3369502
-210.0717204
-208.0940992
-208.2254816
-221.0092276
-213.4607011
-210.6014810
-212.8363868
-217.0458832
-210.5925308
-215.6083364
-210.6848624
-210.1243271
-212.8660945
-219.8445526
-216.8172339
-211.7200769
-215.2348703
-212.9668014
-214.1963861
-210.9014353
-215.5195554
-218.2239973
-210.7290961
-212.9451258
-237.4377455
-240.7210198
-247.2180695
-254.4672300
-248.4372612
-239.3831259
-239.4598987
-238.6371511
-242.8577038
-244.3426717
-241.9407642
-244.6702843
-238.1969790
-241.9684114
-246.3108504
-245.3503849
-240.4113931
-245.9912909
-243.2774645
-236.4899085
-245.8193547
-246.8143956
-243.9182502
-245.2585545
-239.3062718
-241.3300492
-244.4570921
-252.3684596
-245.8492099
-249.4105996
-245.0270828
-243.4872756
-247.6033544
-255.4422326
-249.7257870
-240.6610366
-244.1958391
-248.3148021
-252.6850750
-247.2065026
-243.9584304
-243.8166119
-244.8728445
-241.4225725
-247.0171813
-250.5231612
-246.9024792
-241.1960954
-250.2725801
-249.6734153
-255.1818895
-266.1714893
-259.7340050
-250.9606418
-247.8987432
-248.9033651
-252.2485797
-259.5016092
-252.0936769
-251.9626316
-244.0596063
-251.0634131
-254.1621865
-257.1098708
-254.3072175
-254.5572401
-248.1084351
-251.7697756
-257.2405784
-257.3574846
-256.2869512
-253.1099344
-249.9908862
-251.9274574
-256.1058669
-259.4573776
-258.8828172
-254.3453505
-254.2990776
-260.5658997
-257.0766415
-263.3345474
-257.2773808
-251.9131458
-254.0790113
-260.4485781
-258.3683823
-262.4525330
-253.8994226
-257.0534828
-251.9550355
-254.5391351
-260.5339203
-265.5740905
-258.0482776
-252.0437839
-229.9019583
-225.8052641
-238.0002676
-240.4458898
-238.5009193
-229.2094956
-226.9131502
-227.2677915
-226.9171613
-235.7639679
-232.6196965
-228.5264481
-226.3635117
-227.1234565
-231.1933999
-235.8488411
-231.4125665
-231.4965617
-226.6976635
-228.0335647
-230.7725543
-242.7023193
-233.0219203
-227.9578504
-231.9758362
-227.3293411
-235.7194233
-239.8935420
-237.8618029
-231.1652791
-234.8674327
-235.3828040
-238.0510031
-241.5358896
-237.6605584
-238.1072802
-229.8360954
-232.0734575
-240.5040839
-240.3875253
-233.6963731
-227.1105958
-221.9828503
-228.1811353
-234.2616777
-241.9585033
-234.9015289
-225.3493398
-193.4959288
-193.8448326
-199.4298690
-207.2481539
-198.2593449
-194.0769753
-193.2719330
-193.8929546
-198.5470987
-202.6346625
-201.2940706
-189.9845866
-186.7596214
-191.8637949
-203.0868466
-203.0820230
-197.6709662
-193.9848723
-188.3074954
-191.2579092
-199.8466454
-206.5962094
-202.5551319
-191.8650868
-194.6076388
-196.0154852
-202.1205460
-205.4566950
-198.8129649
-196.8584172
-196.4225829
-199.4816348
-200.9773569
-207.7071969
-207.1890369
-195.4359524
-194.4667222
-200.4009361
-206.5639303
-204.9483916
-199.4218640
-196.2013007
-193.8027025
-195.9741245
-204.1754283
-199.6780475
-195.8191866
-194.0802844
-155.0128841
-155.8668387
-158.7003941
-165.1594301
-159.4973664
-153.2511596
-151.8649396
-154.6682152
-162.3736820
-157.5345803
-163.9619838
-149.0801776
-147.6952148
-155.3109017
-156.4262660
-158.2015535
-156.9238774
-151.6310531
-148.0738935
-147.9815844
-155.7875751
-165.7571846
-157.6964279
-156.2715074
-152.1630110
-150.6915710
-157.6282697
-157.4243690
-164.3041977
-155.6433338
-150.9923469
-153.5702616
-159.7426706
-159.5629501
-161.0032370
-155.1939032
-159.9256141
-158.5402601
-163.3350199
-159.5532919
-158.1132231
-157.0625321
-154.2580261
-155.0754590
-162.3704950
-161.0587093
-159.2873870
-154.3375638
