-145.9502734
-145.6874799
-144.9115033
-153.3024915
-156.8489617
-151.7069774
-144.2297138
-149.4631521
-148.5950005
-156.0080432
-155.2395658
-152.6311849
-150.3461402
-146.1224265
-154.7230412
-159.0766625
-152.4204350
-153.6237598
-148.1797114
-152.7096755
-154.1290713
-154.7658642
-154.1102775
-156.8006001
-150.5307367
-155.5971896
-151.0987122
-152.8335473
-153.4579029
-152.8327466
-154.5046298
-158.8277306
-155.1191465
-152.8862536
-147.9153678
-152.3650608
-149.8818679
-152.1099391
-152.8411806
-150.6063122
-153.0518399
-149.0254130
-147.7360376
-153.4272849
-154.1005582
-156.2145514
-159.4135049
-147.3360795
-186.6940851
-190.2612662
-194.9916099
-193.3978418
-194.9996695
-188.7116032
-186.0530025
-188.9697338
-191.6364916
-193.1910750
-198.8232646
-189.7443940
-186.6715718
-188.1900483
-196.9882674
-199.6883590
-194.3162593
-192.4731540
-186.4421251
-195.1660609
-196.5095152
-198.6976610
-196.2043327
-192.1850046
-196.2615886
-191.9475757
-193.0506938
-193.9520887
-192.9443495
-192.7251003
-193.6695433
-193.9322307
-197.9160315
-194.4099915
-194.1968575
-192.5953436
-188.0713230
-194.8001542
-198.8897583
-194.7724822
-194.6201648
-188.3990093
-186.8230900
-193.0816395
-197.3773004
-194.3906892
-195.8717270
-190.5807942
-219.1593625
-222.8728714
-228.3943990
-225.0164143
-233.5695670
-220.1013313
-219.5457285
-222.5845533
-228.0306643
-222.4685337
-228.4987837
-220.4694533
-222.1305792
-221.8277719
-228.7918990
-228.8606722
-226.6476751
-222.7199527
-223.7512928
-225.1735778
-231.8381817
-233.2022125
-226.4019572
-224.6916216
-226.6012729
-229.2590609
-229.2789942
-229.6775533
-228.1728093
-225.4282933
-224.2690257
-233.9990244
-237.5016807
-227.9383619
-226.5920681
-225.2184613
-222.8687064
-228.9196946
-237.8410835
-227.8484522
-227.1850800
-225.1084396
-219.4335396
-224.7732598
-229.3581080
-228.2212960
-229.6328246
-222.7133636
-246.5496806
-244.9933357
-249.8294920
-254.4995346
-251.6065590
-247.2760670
-244.0589540
-244.2747486
-250.0938577
-251.1771836
-248.4357266
-245.3607982
-245.0707516
-243.9015313
-248.6042431
-251.5229249
-248.2256502
-252.3560348
-248.9175760
-243.6151887
-252.2324747
-250.4704940
-249.4688122
-246.4400288
-246.9765819
-253.6420898
-250.1502821
-257.4420075
-253.3432254
-251.5415592
-248.2730059
-262.2278629
-259.8253521
-259.5860798
-252.4708754
-251.1292829
-247.7888626
-253.7653255
-257.5665950
-257.1337961
-251.0941681
-245.4134651
-249.5657120
-249.0260416
-257.7792823
-262.3560087
-251.0121529
-247.4943705
-239.6856834
-241.1227131
-246.6246203
-247.4789538
-244.5711779
-238.4245442
-239.3864267
-239.3937946
-246.2934526
-245.2311131
-242.8609690
-242.1937588
-237.7091525
-241.8344193
-246.0887757
-249.6183945
-239.7199485
-239.5443485
-242.6454419
-235.5602082
-248.1844216
-247.9914503
-242.9803324
-244.2219901
-244.5813674
-243.8781202
-249.7942048
-248.6713688
-247.7115039
-242.8802983
-240.8808023
-251.3165343
-250.7097364
-250.8125612
-245.9328527
-243.2839380
-238.3344244
-246.7632918
-252.9389871
-250.5046603
-247.4362034
-241.6571773
-239.1584176
-243.4069820
-254.3594326
-255.0713464
-249.6807036
-243.8181488
-206.2687396
-208.1876856
-220.2606608
-218.4875784
-220.3196357
-210.0121308
-207.6694414
-208.5716543
-215.9720766
-216.6629375
-215.4001483
-212.5816265
-210.4162135
-205.9877407
-213.0038850
-223.7271612
-214.3323106
-212.2167196
-209.3646564
-208.4640204
-215.4762140
-222.3263316
-215.1351676
-214.8142278
-214.5818946
-217.8879075
-223.4513710
-219.6477025
-215.4620577
-213.8521807
-212.7850334
-218.7484778
-222.4098230
-220.4386803
-214.7434857
-213.0786637
-207.7490097
-213.5129174
-226.3785104
-217.1599793
-216.9937073
-212.5463513
-211.4741923
-213.5036434
-221.7502660
-227.3759942
-212.6574393
-214.9283803
-172.2917305
-177.3304693
-188.3607899
-182.4182027
-180.1924769
-171.8211678
-174.7600086
-174.7930699
-183.0331121
-180.3398388
-182.4146566
-170.0993996
-165.3409191
-170.3540270
-182.4760779
-185.1256973
-180.9375357
-170.8414655
-170.3911454
-172.2458527
-189.4624639
-186.7636692
-180.3670668
-172.7987657
-173.6217704
-177.2171989
-181.6013213
-177.0077587
-180.0195545
-176.7058452
-175.6659224
-182.5509610
-185.7513578
-174.9406607
-181.9066515
-179.7332887
-174.5905740
-178.1710263
-184.1686264
-180.6304785
-175.8398487
-180.2517959
-173.3031331
-174.9031466
-180.7789835
-185.4371983
-179.0590263
-177.3656137
-130.1447580
-138.8246536
-148.3634462
-135.9633617
-135.9285409
-131.5554275
-136.2349943
-131.7920339
-136.1839608
-133.0933985
-137.5566891
-131.8011149
-131.2342212
-129.8554730
-135.9709019
-137.4034252
-140.6439068
-129.7371128
-129.9445179
-128.9046306
-139.5882782
-144.5320745
-141.3433208
-134.6667104
-131.3009017
-135.1739282
-136.3199805
-138.3370288
-141.2486257
-137.1687474
-138.6094538
-141.8961530
-147.3143320
-137.9225777
-134.1988418
-131.3085427
-134.3520815
-136.9473733
-145.1646972
-141.2820274
-135.5702269
-133.8516301
-135.4865366
-140.7298575
-148.7183195
-139.4347125
-136.9633048
-135.9493199
-135.8007747
-140.9274401
-136.6118819
-140.7699268
-142.5083437
-143.0307299
-133.3499511
-136.3559540
-143.5906538
-145.7994415
-144.1021748
-138.8192713
-139.7535894
-142.9804537
-142.0784079
-147.9008933
-140.5209481
-141.1245062
-139.1606428
-143.2522765
-145.8201532
-141.9768907
-142.5622803
-146.0238189
-141.7886816
-142.2168353
-138.2790503
-140.3269330
-140.6749684
-143.6894886
-144.2790959
-147.1752305
-138.6294023
-145.3822331
-145.2937337
-140.5465518
-139.3809671
-143.3546891
-145.7914760
-142.6752111
-145.7931374
-138.9687877
-136.0911416
-139.1376982
-142.7740065
-142.4322237
-142.6234966
-141.8391957
-182.1334754
-178.2477219
-180.6846884
-181.5361804
-181.7691128
-185.4197119
-181.1289677
-177.5537325
-183.7759547
-184.0134243
-187.2788760
-179.7611751
-178.5166579
-178.0194834
-190.8164749
-187.5964697
-185.2905025
-180.3640187
-177.1503391
-180.3932467
-185.8677770
-188.8854351
-184.8966090
-182.0305674
-186.4330702
-184.9290476
-182.2470980
-187.2452500
-181.0421925
-186.1864635
-182.1799419
-188.2252263
-188.0281894
-188.1420598
-182.1473962
-180.8535907
-181.8537794
-182.6014097
-187.8179089
-185.5202044
-178.9507748
-181.6060782
-184.3159450
-176.4589215
-182.8622496
-182.0377118
-180.8507020
-181.5574410
-215.1485610
-212.7856324
-216.5309595
-218.1820674
-215.3158908
-216.4525818
-218.6202294
-221.2997999
-219.3671718
-221.3275262
-217.2064454
-219.4663053
-214.8366825
-211.9283643
-223.7311335
-225.3929559
-217.8181196
-220.9193605
-215.1197670
-217.6962257
-218.1731021
-222.1746570
-215.7289813
-218.7277659
-219.7793088
-223.0666367
-217.9783354
-224.0945721
-226.1770003
-217.2072772
-220.9879204
-226.8899853
-220.9119465
-223.0390753
-221.4062593
-218.4226896
-220.4798734
-218.1574481
-220.8133270
-228.5829205
-220.1904430
-216.2507675
-215.1550051
-217.7042222
-217.9405606
-224.0171851
-220.4727288
-214.2964077
-241.9291546
-236.8708837
-242.4494682
-248.7523533
-246.2090208
-242.3826831
-240.4703276
-238.6177633
-247.9329239
-244.2644107
-244.8995098
-244.2134962
-241.5909915
-239.9146847
-251.4307404
-249.8909856
-245.9676509
-247.7611901
-242.4239939
-243.2133394
-246.0117247
-254.1718714
-246.1006632
-246.4894841
-243.4345744
-245.6576766
-244.8094532
-252.6188902
-251.4293471
-243.5812644
-245.3229524
-248.6133103
-252.2063870
-252.0242182
-247.4117526
-244.2239266
-247.3365942
-248.0674773
-250.4538724
-251.8525190
-252.8453745
-247.5901354
-244.6075610
-244.8629599
-242.8111600
-256.5628750
-242.5073822
-244.9211376
-244.9063505
-242.1431132
-250.5410521
-251.6230516
-251.9131380
-242.7510529
-243.6100674
-244.9376568
-248.1316220
-250.4640373
-252.4036671
-246.5474556
-244.2412069
-244.2535068
-254.6186557
-253.1658961
-248.2912420
-250.6337751
-246.6074008
-244.9558894
-255.7258534
-255.4225276
-250.9728581
-247.7764197
-249.0495480
-252.2863616
-255.1232029
-258.0409618
-248.0377871
-251.3359203
-249.7744642
-251.9641964
-255.0050000
-253.1049961
-248.1534594
-251.8964096
-245.5324987
-247.8532507
-255.2777192
-260.1109441
-249.5570479
-248.1561398
-244.2497971
-243.7328479
-251.3930727
-261.7675776
-257.8608272
-244.7327727
-218.9276339
-218.6177757
-222.2655290
-229.0246173
-225.9791979
-216.8949266
-216.1607327
-215.7953360
-216.7224525
-229.1815066
-221.7126778
-221.7325779
-218.8840524
-218.8742329
-221.8360304
-228.9074622
-222.6316539
-221.9774089
-221.8784632
-221.9464209
-227.0932226
-230.3831246
-226.0932666
-225.0366865
-226.4967839
-222.3625893
-231.8043791
-233.1156917
-230.1508229
-229.8955956
-218.7224271
-226.7872576
-231.4225984
-227.0957902
-225.1183734
-219.2769425
-216.4659224
-219.8887180
-225.9462800
-229.7746750
-219.5008562
-216.8988134
-217.5072065
-217.4053392
-222.8377756
-231.2153920
-227.8588540
-217.2659866
-182.1366560
-186.0738371
-185.7846691
-191.0960792
-192.3838338
-183.3586273
-183.4117173
-189.1663965
-189.6202635
-191.8645950
-192.2182607
-182.5067489
-177.1560221
-182.4241498
-188.3070483
-196.3207560
-190.4936891
-188.2689282
-182.4124995
-181.9743274
-192.7299675
-196.5702019
-189.8881997
-186.6069245
-185.1179779
-188.9497299
-190.1213465
-196.5086546
-190.7000339
-186.7767921
-185.8133827
-190.2941296
-193.5564274
-190.0826997
-195.9429857
-191.2412084
-184.5380793
-182.2284659
-191.8617831
-190.9030627
-188.8741058
-185.6194212
-186.3432599
-186.0802779
-191.8780878
-192.5519924
-188.5255425
-183.8623276
-137.7841534
-144.8956623
-150.8782810
-151.8743561
-153.6012320
-141.2274506
-142.9705835
-143.9857064
-146.3196355
-148.4844103
-148.1992120
-142.2130174
-139.0710755
-142.9937884
-147.3205373
-152.0774193
-150.9978299
-144.8778985
-140.4114470
-141.7836420
-146.1721892
-152.4663821
-153.5766232
-146.6733336
-143.4721849
-146.9414397
-149.6851009
-153.3140983
-150.9683901
-146.4421025
-145.6474281
-152.7107247
-153.6602663
-148.5543591
-149.4991280
-148.7286946
-148.8149927
-148.9274451
-156.5130234
-151.3118757
-149.6297696
-145.9503710
-148.4012532
-149.9040929
-149.6888402
-152.4869307
-152.1571550
-144.5959152
