-145.2551371
-144.9884217
-144.3249824
-152.5565786
-156.0349590
-150.9967380
-143.4981393
-148.7599388
-148.0471224
-155.3614022
-154.4862870
-151.8951487
-149.6551580
-145.4218119
-154.0598980
-158.4146254
-151.6432495
-152.9782972
-147.2629074
-151.8601763
-153.5192869
-153.9918775
-153.3965840
-155.9670600
-149.8481298
-154.7768080
-150.5650865
-152.2035372
-152.8109595
-152.0465583
-154.0129573
-158.3400645
-154.5854464
-152.1038902
-147.2125118
-151.6265181
-149.1695136
-151.5166053
-152.3140353
-149.8485090
-152.2895237
-148.2743197
-147.0199416
-152.9227586
-153.4836349
-155.5114287
-158.5686683
-146.5384048
-186.0697493
-189.6210905
-194.3012164
-192.7488736
-194.3092115
-188.1723276
-185.1927050
-188.2497026
-190.9578447
-192.4214942
-198.0270456
-188.9389677
-185.9722185
-187.4697836
-196.3847509
-199.0902917
-193.6155335
-191.5724952
-185.6994763
-194.4875765
-195.7078383
-197.8539142
-195.4664354
-191.4106974
-195.6110835
-191.1375812
-192.3608218
-193.2026772
-192.1095600
-192.0890005
-192.8572679
-193.1652457
-197.2261281
-193.7567376
-193.3857426
-191.8226047
-187.5438715
-194.1597265
-198.2207656
-194.1688954
-193.7515955
-187.7290760
-186.1050129
-192.3768150
-196.6878931
-193.7650638
-195.1600776
-189.8233207
-218.5166694
-222.3174382
-227.7020730
-224.1188337
-232.6924964
-219.4368551
-218.8304589
-221.9628876
-227.4119785
-221.8171985
-227.8174245
-219.7499997
-221.5737839
-221.1677981
-228.2830171
-228.1662230
-225.8632848
-221.9029741
-222.9872565
-224.5925415
-231.2739238
-232.5267874
-225.5937938
-223.8531389
-225.6892699
-228.6759117
-228.6370272
-229.1450179
-227.3868511
-224.6075016
-223.5409223
-232.9582971
-236.6583735
-227.3275097
-225.8625832
-224.4381771
-222.2059294
-228.1867251
-237.1104446
-227.2915273
-226.3739469
-224.3981373
-218.7058406
-224.1636598
-228.5656372
-227.4704622
-228.7712517
-222.1424305
-245.9988584
-244.2934854
-249.1851008
-253.7902346
-251.0430929
-246.5366989
-243.3168806
-243.6070883
-249.3617345
-250.4571775
-247.6260454
-244.6008863
-244.4935801
-243.3162480
-247.9923777
-250.8513217
-247.6006178
-251.5139284
-248.3434508
-243.0435267
-251.6655212
-249.7373803
-248.5524803
-245.6516324
-246.2692436
-253.0499534
-249.4103704
-256.7513950
-252.4818710
-250.7317249
-247.6278819
-261.5437783
-258.7999242
-258.9217020
-251.7430168
-250.3997970
-247.2237538
-253.0323181
-256.7841657
-256.4528839
-250.2646771
-244.7875968
-248.9761792
-248.2256824
-257.0762688
-261.7617106
-250.4196053
-246.8223901
-239.1186485
-240.2410630
-245.7554214
-246.6511743
-243.9693544
-237.8168319
-238.9375513
-238.6341015
-245.6538047
-244.4079147
-242.1253819
-241.5600053
-237.1292830
-241.1975503
-245.3855453
-248.9297559
-239.0882121
-238.8285997
-242.1641308
-234.8071831
-247.3428706
-247.2303246
-242.2898053
-243.5593572
-243.8848432
-243.0696472
-248.8558901
-248.1117714
-246.7786027
-242.2878452
-240.0996052
-250.5563246
-249.9721395
-250.2836294
-245.2545438
-242.5497519
-237.6745428
-245.8642153
-252.2630713
-249.8364119
-246.6344349
-240.9227268
-238.5387777
-242.5508882
-253.5749710
-254.1984544
-248.9464980
-243.0729253
-205.3570924
-207.6315408
-219.6321671
-217.7246324
-219.5056279
-209.1916995
-206.9866563
-208.0204281
-215.1697390
-215.9496347
-214.5414670
-211.7466154
-209.7108783
-205.3583552
-212.3377159
-222.9925707
-213.6468730
-211.5819235
-208.6826844
-207.7091414
-214.8332197
-221.6602158
-214.2910701
-214.1912783
-213.9955491
-217.3454581
-222.8855214
-218.7410236
-214.6695952
-213.1794535
-212.0271922
-218.0967987
-221.7887437
-219.7858709
-214.0349367
-212.3980662
-206.8944041
-212.9759461
-225.8729216
-216.1386737
-216.1720007
-211.8634196
-210.4706276
-212.9210313
-221.0252492
-226.6030025
-211.9560979
-214.2992121
-171.6585831
-176.5959849
-187.6308687
-181.7114748
-179.3943197
-171.0445143
-173.9252595
-174.0995064
-182.4209609
-179.6406559
-181.6344367
-169.4263490
-164.6293502
-169.6052858
-181.8370852
-184.5742032
-180.4805112
-170.1769086
-169.5201634
-171.5907837
-188.8314944
-186.0444853
-179.7136081
-172.2134829
-172.9529557
-176.5839422
-180.9425435
-176.3352445
-179.3089975
-175.9492574
-174.9319822
-182.0390231
-185.1761548
-174.0560678
-181.2184551
-179.1340888
-174.0142020
-177.4557455
-183.3980755
-180.0839914
-175.2685898
-179.6316413
-172.6263701
-174.0772340
-180.0415916
-184.8153750
-178.5305798
-176.6520025
-129.6563556
-138.1939633
-147.9051245
-135.4240300
-135.4484305
-131.1259297
-135.5949832
-131.2380044
-135.7779672
-132.6799119
-137.1045269
-131.3000854
-130.4746615
-129.1075722
-135.4654800
-136.8590822
-140.1099706
-129.0828909
-129.1658249
-128.2560627
-139.0544859
-143.8622904
-140.7473375
-134.1016033
-130.7530268
-134.5665660
-135.7358519
-137.6068969
-140.6828681
-136.8122878
-138.0231960
-141.3332993
-146.8034686
-137.4900368
-133.4560969
-130.8527262
-133.7986321
-136.3396001
-144.7481294
-140.8024441
-135.0256767
-133.2754135
-135.1202929
-140.0294057
-148.2175129
-138.8442109
-136.5467624
-135.5583396
-135.1670906
-140.3568983
-135.9523758
-140.0299134
-141.6102357
-142.3064252
-132.7283042
-135.7589304
-142.9876342
-145.1729217
-143.4448746
-138.1980300
-139.2578136
-142.2581185
-141.4791124
-147.2265261
-140.0032839
-140.5407723
-138.5280820
-142.5109744
-145.2255501
-141.4311506
-141.9099344
-145.2718427
-141.1377019
-141.6814646
-137.8488324
-139.7261800
-140.0905354
-143.0757500
-143.5938266
-146.8384588
-138.1604661
-144.7442178
-144.6175497
-139.8489191
-138.7565463
-142.8354803
-145.3150337
-142.0953671
-145.1329311
-138.2060847
-135.4091606
-138.4664401
-142.2890505
-141.8626125
-141.9140375
-141.2379533
-181.3438783
-177.7211383
-180.0711473
-180.8166435
-180.8988905
-184.7803455
-180.4547362
-176.7815560
-183.2265067
-183.2571119
-186.5113362
-179.0428658
-177.7117189
-177.2604140
-190.1676985
-186.9167530
-184.5580532
-179.6012269
-176.2124069
-179.7678257
-185.1893712
-188.2435747
-184.2066338
-181.3052925
-185.6079724
-184.1322242
-181.4658834
-186.5679091
-180.2205843
-185.4066535
-181.6956006
-187.3690350
-187.4508505
-187.5275399
-181.2932728
-180.1325035
-181.3198345
-182.0164692
-187.2813195
-184.8559061
-178.1786212
-180.8874145
-183.6299257
-175.9131248
-182.3631764
-181.4321255
-180.1265974
-180.6575369
-214.4868869
-212.1753802
-215.8315798
-217.5144652
-214.4979473
-215.7514577
-217.8124099
-220.6156464
-218.8531124
-220.6785727
-216.4738345
-218.7809450
-214.1883292
-211.3422453
-223.3679254
-224.8315661
-216.9793240
-220.1632492
-214.2245085
-217.0386881
-217.4329135
-221.5452289
-215.0310265
-217.9703033
-219.0761623
-222.3509510
-217.3084551
-223.5152009
-225.5538920
-216.4183180
-220.1588259
-226.1723798
-220.1860672
-222.3873229
-220.6938517
-217.6735033
-219.6839496
-217.5600166
-220.0923843
-228.0418661
-219.4014954
-215.3114995
-214.2866770
-216.9758014
-217.1942970
-223.1597831
-219.6474899
-213.7498985
-241.4007593
-236.0898060
-241.6467398
-248.0785372
-245.5667408
-241.6295208
-239.9006983
-237.9776678
-247.2882563
-243.5930753
-244.2064525
-243.5162881
-240.9000273
-239.1595428
-250.8891868
-249.1702747
-245.2342547
-246.9801726
-241.8112824
-242.6765488
-245.4011932
-253.2709368
-245.3249951
-245.6366439
-242.8016763
-244.8370028
-244.1238178
-251.9688336
-250.6179908
-242.7963737
-244.6974731
-248.0396823
-251.4800315
-251.2045055
-246.6263996
-243.4595299
-246.6961858
-247.2972014
-249.7340763
-251.0958922
-252.1213895
-246.9688495
-243.7804009
-244.0888393
-241.9477045
-256.0068762
-241.6673304
-244.2953082
-244.3297270
-241.3935950
-249.8246302
-250.7499023
-251.0951942
-242.0216498
-243.1072782
-244.2725681
-247.4841011
-249.8324541
-251.6043715
-245.8385942
-243.7273345
-243.6796295
-253.9039192
-252.4637562
-247.7475419
-249.8928595
-246.0818045
-244.3330225
-254.9142970
-254.7383471
-250.2202889
-246.9948506
-248.3986001
-251.6438683
-254.2981640
-257.3939823
-247.3848988
-250.6933312
-249.1125984
-251.2224775
-254.3531575
-252.4803460
-247.4073748
-251.2558819
-244.7804284
-247.0373844
-254.4715459
-259.3989317
-248.6434313
-247.6104872
-243.6993479
-243.1353245
-250.5793302
-260.9530991
-257.3036518
-244.0531791
-218.2087674
-218.1135334
-221.5412551
-228.2400208
-225.1526543
-216.0858958
-215.5766440
-215.1513790
-215.9879410
-228.4173490
-221.0017908
-220.9228279
-218.2087268
-218.0963894
-221.2187993
-228.2710352
-221.8626584
-221.2425246
-221.2492886
-221.1715931
-226.4578316
-229.5765676
-225.2962136
-224.3349078
-225.9506663
-221.6773278
-231.0691113
-232.3190707
-229.2276995
-229.0733999
-217.8909585
-226.1419579
-230.7512822
-226.4288920
-224.3895648
-218.6779755
-215.6554417
-219.1964917
-225.4067988
-228.9733160
-218.7421772
-216.0870707
-216.7115394
-216.7245254
-222.2949497
-230.3374183
-226.9462375
-216.5341053
-181.4840217
-185.2808159
-185.1798513
-190.4506760
-191.5762071
-182.6389552
-182.6804629
-188.4403588
-188.9515222
-191.2904572
-191.4389559
-181.8824850
-176.3905810
-181.7154242
-187.6833804
-195.6206612
-189.9140629
-187.6789636
-181.7823714
-181.1549651
-192.1953914
-195.8204058
-189.2474728
-185.7990330
-184.4175109
-188.2217718
-189.5449122
-195.7673068
-190.1730026
-186.1191030
-185.1111592
-189.7967412
-193.1407157
-189.2794204
-195.2468451
-190.5453151
-183.8688785
-181.6938665
-191.1331726
-190.2924825
-188.3864218
-185.0488999
-185.6837183
-185.3541277
-191.0468527
-191.7490206
-187.9962151
-183.1642908
-137.1573837
-144.2528326
-150.4021998
-151.3111710
-153.0259924
-140.6998363
-142.3402286
-143.0593921
-145.7996935
-148.0682937
-147.5189104
-141.4762058
-138.1981125
-142.2593037
-146.6670599
-151.3703680
-150.4120470
-144.1271101
-139.6684740
-141.0769383
-145.5381975
-151.7461632
-152.9846635
-145.9876881
-142.8134169
-146.3803525
-149.0920575
-152.6022935
-150.2868584
-145.8847073
-144.9962749
-151.9063083
-153.1019388
-147.9584350
-148.6963235
-148.0321499
-148.1456705
-148.1714610
-155.9251824
-150.7341172
-149.0104763
-145.3034572
-147.9358985
-149.2900994
-149.0261526
-151.6836089
-151.5848525
-144.0164613
