-153.8750768
-158.2780876
-162.6808809
-164.9491872
-162.1650421
-157.8892665
-158.9175679
-156.0775597
-169.3045016
-167.8878247
-160.9513099
-162.9629104
-159.0807962
-164.5646845
-161.7357079
-169.9038759
-162.6983237
-164.3750746
-161.0773858
-160.8064898
-163.7409495
-163.2431539
-161.3928142
-161.3088632
-162.6270567
-168.1492262
-167.6615316
-159.6497383
-160.2868191
-162.7469776
-157.5171183
-167.4564485
-168.0836076
-163.8623949
-162.8710754
-155.8096127
-157.9590073
-161.2412261
-162.5184706
-166.2006941
-166.7363297
-161.1112041
-155.6052398
-155.9880805
-161.5250809
-159.1438690
-160.7118862
-158.3730299
-198.0914896
-202.8670495
-203.0742456
-204.6173425
-205.2934214
-200.5604202
-197.5619893
-198.2140997
-203.7463966
-211.1013791
-204.6890025
-201.8892858
-198.3354527
-202.9241594
-203.8300749
-205.5957668
-202.3972147
-202.6136704
-203.7227341
-201.1403807
-203.4316783
-208.9404448
-200.4531109
-203.4853357
-201.6478686
-209.2224861
-210.2021683
-207.3109555
-201.1859292
-200.4936886
-199.3988937
-205.3858010
-211.5090941
-209.3992762
-202.9474503
-200.6897663
-197.5729072
-207.1479067
-207.0462250
-207.1865704
-203.0134131
-203.9436391
-200.6523449
-197.9157411
-205.8698021
-207.0074080
-200.4939526
-200.4729796
-230.3610117
-232.0109391
-236.8514031
-235.6848726
-235.7203130
-227.1595102
-227.7421384
-224.0058211
-233.0869420
-236.2084618
-234.9593527
-228.2264787
-229.4717739
-232.1392156
-233.3286808
-234.9949565
-239.1293636
-231.5951692
-229.8581228
-233.4168555
-241.4469150
-238.0145098
-236.3459512
-235.8201326
-232.2424724
-238.9168414
-240.5999891
-235.1291364
-225.7283237
-233.2683250
-228.8067911
-237.1666262
-238.7216039
-237.1969294
-235.2094736
-228.0562009
-230.1654619
-233.7454468
-239.3314557
-237.2328988
-230.5748976
-227.1688354
-224.0665346
-230.2802669
-238.0275877
-238.1658767
-232.8187341
-225.8722490
-247.1793718
-246.5039824
-253.0020175
-252.0712967
-250.2748636
-247.1667147
-243.0019921
-243.0201067
-253.1823060
-251.4530244
-247.2957998
-244.2390169
-244.7520209
-245.2571640
-253.8581087
-251.3893587
-248.7449449
-251.7661395
-249.6412132
-252.0653776
-254.5259883
-253.9457909
-250.3783095
-252.1580004
-248.2893949
-262.0968605
-262.3815086
-258.0210408
-251.2538525
-249.2084054
-249.2158150
-256.4106637
-261.2174958
-258.0038117
-251.5301102
-248.3156125
-248.8730466
-250.0130052
-253.3198936
-256.1466442
-257.3968961
-244.8367548
-240.4943929
-248.7005765
-255.0229925
-257.2989063
-256.3090497
-245.9591361
-231.3065039
-233.0626314
-238.4308503
-242.8726091
-237.0021773
-235.3772546
-231.1011524
-231.7135856
-238.0474322
-238.5117289
-237.9658602
-234.4254299
-234.5044820
-237.2348227
-242.7064386
-247.3348707
-239.0117737
-236.2041714
-241.1255425
-242.5859544
-244.9729216
-244.2737359
-240.8803264
-235.7820158
-241.2172787
-242.0324844
-245.4975588
-248.4584657
-243.0310244
-239.3451340
-233.2377639
-244.8228375
-245.5932811
-243.8752062
-238.8434365
-237.3429171
-234.3796972
-239.0941193
-243.7318327
-242.6233513
-243.6476989
-236.7248697
-233.1383830
-234.4993524
-239.3979602
-250.0006922
-239.2500508
-228.6322189
-201.3548056
-202.6508664
-204.4547026
-211.6613431
-207.9255827
-200.2503644
-198.0822345
-196.4188592
-212.0922353
-212.3875438
-209.7362797
-202.5639529
-196.9901047
-200.0606200
-208.7460827
-215.6936226
-210.0236294
-201.9633999
-206.5155336
-207.8581746
-217.4126585
-214.7432554
-212.3656829
-204.0284691
-207.2135619
-210.7920900
-213.3795129
-217.2659716
-209.8888790
-208.7034011
-205.5399469
-209.7672154
-215.4337579
-207.3462045
-206.2805559
-203.2196128
-198.8121898
-205.6633128
-214.4830798
-209.6971120
-206.8325642
-207.1705218
-201.8518848
-201.3157045
-212.1883828
-205.0479949
-209.1986006
-202.5724941
-160.0415750
-164.1780760
-175.2230701
-170.1061353
-169.0950557
-161.9879441
-161.1581624
-164.2323375
-171.7355607
-175.2288192
-169.2778214
-166.4562844
-162.3080505
-158.5698970
-172.5045756
-172.2574441
-171.5099108
-160.1279341
-164.7200900
-168.7766378
-175.1135219
-174.9829441
-173.5796086
-164.9409592
-164.1863395
-174.4262116
-170.8487598
-167.2730965
-172.0301809
-166.3274102
-165.1495392
-173.8263708
-174.9446284
-169.4231896
-171.7197686
-165.6211759
-164.4263021
-168.9480477
-174.7973865
-173.0956280
-168.7313976
-168.1263888
-165.7049643
-170.4245630
-177.1787545
-171.2269250
-166.9236967
-161.7905804
-124.8879678
-123.4555493
-129.8277721
-128.7382875
-130.1707812
-121.4575530
-121.1218671
-125.6670983
-131.0100368
-130.9889687
-128.5898633
-125.1998478
-123.7145879
-122.7595057
-131.2067234
-130.9605892
-132.1719673
-121.8484708
-127.0951429
-124.5169669
-130.9453645
-133.7070955
-131.9304871
-127.1844377
-125.1586805
-127.4183319
-134.3145768
-129.0434465
-128.5160329
-126.8821749
-124.6598441
-133.8638552
-135.2017305
-130.4992506
-126.3029639
-125.5501924
-129.0638573
-128.1001215
-132.9666331
-130.2363125
-128.6785922
-124.8598837
-125.5120477
-129.4296058
-132.9427475
-126.0856217
-128.3997468
-123.6464090
-129.2358059
-130.8710662
-128.3438943
-130.8801194
-130.7930324
-135.7945494
-129.5515304
-127.2645693
-127.5482148
-128.2205133
-130.2944937
-133.0727231
-126.9491125
-126.9922727
-130.0480444
-131.5578774
-133.1020593
-127.9324908
-124.5995674
-134.4827724
-131.1119420
-136.3936978
-132.1226375
-130.5958608
-128.7593519
-131.9832457
-130.2062705
-130.7184873
-128.5309933
-132.4593441
-129.3275263
-136.0509148
-130.1523204
-130.5594675
-135.7218703
-130.0318437
-133.6613710
-136.5109478
-129.5359757
-137.2403906
-133.4581413
-135.0938381
-125.9490722
-132.9224252
-136.0585785
-133.7939731
-140.2164061
-134.0644453
-170.6868892
-169.3444617
-172.1502852
-172.8034298
-172.6971940
-173.0646431
-167.7575441
-171.6441779
-170.8454440
-169.3287323
-173.7216762
-174.7338952
-166.4671821
-167.5073054
-172.9896323
-177.2574666
-175.7870054
-175.3564844
-166.2265568
-168.3982870
-170.8743117
-179.7887977
-176.4766827
-171.8079766
-169.6109831
-171.0242236
-170.9238638
-181.2394676
-168.9132110
-167.1406149
-176.9939028
-175.6517412
-171.7814155
-173.1636804
-174.7166529
-177.0884662
-173.4262623
-179.9140084
-174.4581663
-175.1695456
-168.0051586
-171.2601839
-171.0734612
-172.7293088
-175.3044078
-173.2672935
-176.4466817
-175.4282285
-206.0745818
-203.7784898
-208.3093994
-213.7556324
-212.6577393
-212.2116801
-205.5778702
-208.1642601
-209.7919316
-210.6323860
-212.6700544
-208.3617716
-212.5943285
-205.7761603
-211.7094648
-215.5127309
-208.1784457
-210.7215667
-209.1229889
-206.1839758
-215.0677390
-219.8207349
-209.3702431
-211.4285117
-209.2362992
-207.3033576
-207.2522694
-220.2793666
-212.6491308
-209.7084073
-212.0444739
-216.1950986
-209.8052795
-214.7847178
-209.9367814
-209.2198001
-212.0653341
-219.0696167
-215.9284191
-210.9107206
-214.3672366
-212.0510333
-213.3205442
-210.1431675
-214.7563962
-217.4675858
-209.7501267
-211.9574584
-236.6293190
-239.7754498
-246.2397219
-253.6603870
-247.5257925
-238.5560641
-238.8438178
-237.8100230
-242.1533255
-243.5733489
-241.2166525
-243.8459470
-237.4306294
-241.2322443
-245.6145821
-244.5270422
-239.5957524
-245.2962684
-242.4893458
-235.6972606
-244.9768436
-246.0332994
-243.0084797
-244.4102261
-238.4605814
-240.6626988
-243.6617857
-251.4638179
-244.8660680
-248.4846424
-244.1874401
-242.5672737
-246.8309921
-254.6134730
-248.8623393
-239.7084394
-243.5223027
-247.4271405
-251.9061609
-246.3278813
-243.1295455
-242.8454056
-244.0086664
-240.4497495
-246.2042972
-249.6504969
-246.0394972
-240.4187629
-249.5506309
-248.9410337
-254.3903055
-265.3623036
-258.9330796
-250.2803589
-247.2123277
-248.1912981
-251.4567563
-258.5494604
-251.3092212
-251.1852203
-243.3835911
-250.1805282
-253.3574589
-256.2717699
-253.4939337
-253.6748093
-247.3274320
-251.0661558
-256.4299068
-256.6069216
-255.5479010
-252.2279886
-249.1105518
-251.1730727
-255.3095455
-258.7056514
-258.0090158
-253.4900278
-253.4589356
-259.8582430
-256.1875594
-262.6536177
-256.5587739
-251.1770895
-253.3392742
-259.5572521
-257.5586970
-261.7058535
-253.0877592
-256.3743212
-251.1939658
-253.5129310
-259.6464330
-264.6981980
-257.2502760
-251.4419887
-229.0095657
-225.1277429
-237.2507165
-239.5595190
-237.5467430
-228.3435690
-226.2265540
-226.5822089
-226.0908802
-234.8195331
-231.6726880
-227.6409407
-225.5796349
-226.4460969
-230.3669916
-235.0555242
-230.5757092
-230.6435709
-225.9313036
-227.2755673
-230.0281054
-241.9189017
-232.2449839
-227.1943727
-231.3053937
-226.6125821
-234.9666181
-239.2015163
-237.1209364
-230.5351818
-234.1491765
-234.5166444
-237.2124891
-240.6609624
-236.8389253
-237.2929870
-228.8795592
-231.1075353
-239.6203202
-239.4771268
-232.8777082
-226.3484355
-221.2253322
-227.4169556
-233.5717514
-240.9804338
-233.9474174
-224.4239823
-192.7215704
-193.0553840
-198.4562573
-206.4621431
-197.5209276
-193.3479399
-192.5070583
-192.9924939
-197.6682736
-202.0239142
-200.4525844
-189.2186730
-185.9091332
-191.1804982
-202.2459692
-202.3665111
-196.8256186
-193.1456764
-187.5012700
-190.4339366
-199.1798799
-205.7386640
-201.8836641
-191.0077820
-193.8534683
-195.1784719
-201.5013305
-204.6617250
-198.1040084
-196.0354720
-195.5759178
-198.6951487
-200.4712335
-206.8383918
-206.4733839
-194.5898594
-193.6464376
-199.7640080
-205.9888398
-203.9720006
-198.7268270
-195.4242750
-192.6752753
-195.3147183
-203.4012893
-198.8893624
-195.2115091
-193.3281174
-154.3094573
-155.2487249
-157.7942440
-164.2058149
-158.8638612
-152.4925063
-151.0649412
-153.8843479
-161.5979109
-156.8026491
-163.3095296
-148.3182797
-146.9889698
-154.4071220
-155.6514389
-157.6241792
-156.3158350
-150.7648937
-147.1261287
-147.2496135
-155.0157456
-164.9312417
-156.9190714
-155.5797021
-151.3151929
-149.8846422
-156.9255768
-156.6821055
-163.5445629
-154.9229108
-150.2436436
-152.8263455
-158.9497733
-158.7720526
-160.2099572
-154.6295651
-159.1840373
-157.6685322
-162.5563375
-158.7147551
-156.9517254
-156.3074854
-153.4366046
-154.2985797
-161.5823044
-160.2396169
-158.5172820
-153.6232069
