-0.88984007E+02
-0.88978931E+02
-0.88937869E+02
-0.88936471E+02
-0.88935219E+02
-0.88935138E+02
-0.88935085E+02
-0.88929879E+02
-0.88929233E+02
-0.88923237E+02
-0.24762227E+02
-0.24761325E+02
-0.24758608E+02
-0.24756743E+02
-0.24751041E+02
-0.24750990E+02
-0.24748637E+02
-0.24748436E+02
-0.19168071E+02
-0.19160390E+02
-0.19160201E+02
-0.19159157E+02
-0.14422978E+02
-0.14420420E+02
-0.14417290E+02
-0.14415487E+02
-0.14384026E+02
-0.14382413E+02
-0.14381497E+02
-0.14381134E+02
-0.14378210E+02
-0.14378158E+02
-0.14372067E+02
-0.14371381E+02
-0.14371298E+02
-0.14368409E+02
-0.14364791E+02
-0.14350034E+02
-0.10319964E+02
-0.10318412E+02
-0.10318060E+02
-0.10312517E+02
-0.10310476E+02
-0.10309608E+02
-0.10308388E+02
-0.10304087E+02
-0.10297708E+02
-0.10297212E+02
-0.10294174E+02
-0.10294147E+02
-0.10292499E+02
-0.10286323E+02
-0.10283093E+02
-0.10282005E+02
-0.10277924E+02
-0.10274292E+02
-0.10274220E+02
-0.10274004E+02
-0.10273972E+02
-0.10273351E+02
-0.10273062E+02
-0.10273026E+02
-0.10268514E+02
-0.10267647E+02
-0.10267331E+02
-0.10266862E+02
-0.10266740E+02
-0.10264572E+02
-0.10263710E+02
-0.10259683E+02
-0.10257655E+02
-0.10255994E+02
-0.10255901E+02
-0.10254226E+02
-0.10254023E+02
-0.10253849E+02
-0.10253659E+02
-0.10253649E+02
-0.10252275E+02
-0.10251992E+02
-0.10251944E+02
-0.10251363E+02
-0.10251111E+02
-0.10250837E+02
-0.10249728E+02
-0.10248271E+02
-0.10247628E+02
-0.10246876E+02
-0.10246105E+02
-0.10245869E+02
-0.10245855E+02
-0.10245514E+02
-0.10244628E+02
-0.10244625E+02
-0.10243100E+02
-0.10241902E+02
-0.10241673E+02
-0.10241489E+02
-0.10241082E+02
-0.10240609E+02
-0.10240551E+02
-0.10240530E+02
-0.10240046E+02
-0.10238890E+02
-0.10238727E+02
-0.10237018E+02
-0.10236841E+02
-0.10236340E+02
-0.10236096E+02
-0.10235026E+02
-0.10233629E+02
-0.10232459E+02
-0.10230852E+02
-0.10230786E+02
-0.10229489E+02
-0.10227808E+02
-0.10227549E+02
-0.10227200E+02
-0.10226696E+02
-0.10226523E+02
-0.10223856E+02
-0.10222438E+02
-0.10222087E+02
-0.10221010E+02
-0.10219259E+02
-0.10218741E+02
-0.10216142E+02
-0.10215707E+02
-0.10215336E+02
-0.10214152E+02
-0.10207711E+02
-0.10205318E+02
-0.10200985E+02
-0.10200456E+02
-0.80316768E+01
-0.80259908E+01
-0.79905925E+01
-0.79890408E+01
-0.79876510E+01
-0.79872210E+01
-0.79858027E+01
-0.79828169E+01
-0.79816382E+01
-0.79763044E+01
-0.59984196E+01
-0.59929297E+01
-0.59925684E+01
-0.59909304E+01
-0.59873410E+01
-0.59846871E+01
-0.59565400E+01
-0.59550446E+01
-0.59537853E+01
-0.59532599E+01
-0.59525645E+01
-0.59517374E+01
-0.59510797E+01
-0.59501725E+01
-0.59492401E+01
-0.59489080E+01
-0.59484887E+01
-0.59482535E+01
-0.59479169E+01
-0.59468568E+01
-0.59453156E+01
-0.59450259E+01
-0.59449944E+01
-0.59441750E+01
-0.59436373E+01
-0.59423254E+01
-0.59401591E+01
-0.59389870E+01
-0.59388475E+01
-0.59335136E+01
-0.12873905E+01
-0.12836502E+01
-0.12761158E+01
-0.12718374E+01
-0.12589646E+01
-0.12512282E+01
-0.12453729E+01
-0.12404292E+01
-0.10799489E+01
-0.10586941E+01
-0.10444881E+01
-0.10433896E+01
-0.10326987E+01
-0.10281256E+01
-0.10186115E+01
-0.10157873E+01
-0.10121606E+01
-0.10042078E+01
-0.96464919E+00
-0.95629249E+00
-0.95323714E+00
-0.95082577E+00
-0.94616523E+00
-0.94427838E+00
-0.94139092E+00
-0.93814644E+00
-0.93667619E+00
-0.93536173E+00
-0.92964891E+00
-0.92681190E+00
-0.92627763E+00
-0.92415821E+00
-0.92385858E+00
-0.90881085E+00
-0.89585277E+00
-0.89454799E+00
-0.89282310E+00
-0.88959668E+00
-0.88851638E+00
-0.88660330E+00
-0.88367298E+00
-0.88211071E+00
-0.87447196E+00
-0.87447110E+00
-0.87304769E+00
-0.86640580E+00
-0.84017880E+00
-0.83874795E+00
-0.83735996E+00
-0.83308730E+00
-0.82663804E+00
-0.82220222E+00
-0.81791381E+00
-0.81343153E+00
-0.81327454E+00
-0.81020169E+00
-0.80836362E+00
-0.80722216E+00
-0.80590550E+00
-0.80475430E+00
-0.80142404E+00
-0.80078922E+00
-0.79850945E+00
-0.79529479E+00
-0.79526705E+00
-0.79148331E+00
-0.77228895E+00
-0.76475657E+00
-0.75746280E+00
-0.75101484E+00
-0.74952351E+00
-0.74722388E+00
-0.74690655E+00
-0.74120401E+00
-0.72804864E+00
-0.72432873E+00
-0.72340601E+00
-0.72099641E+00
-0.71563969E+00
-0.71302632E+00
-0.71269239E+00
-0.70877594E+00
-0.70672547E+00
-0.70453346E+00
-0.70305858E+00
-0.69984039E+00
-0.69757161E+00
-0.69356055E+00
-0.69351286E+00
-0.69142561E+00
-0.68290643E+00
-0.67509616E+00
-0.66718777E+00
-0.66151419E+00
-0.65130110E+00
-0.65121336E+00
-0.64559493E+00
-0.64524121E+00
-0.64296433E+00
-0.64245634E+00
-0.64133376E+00
-0.63748621E+00
-0.63474045E+00
-0.63034832E+00
-0.62748078E+00
-0.62155083E+00
-0.61835223E+00
-0.60960248E+00
-0.60819876E+00
-0.60073276E+00
-0.59907483E+00
-0.59759525E+00
-0.59299762E+00
-0.59119888E+00
-0.58739751E+00
-0.58733083E+00
-0.58393681E+00
-0.58392681E+00
-0.57920354E+00
-0.57430747E+00
-0.57290106E+00
-0.57270998E+00
-0.56828291E+00
-0.56827825E+00
-0.56615196E+00
-0.56204520E+00
-0.56062383E+00
-0.56035073E+00
-0.55718419E+00
-0.55548852E+00
-0.55265438E+00
-0.55048001E+00
-0.54553021E+00
-0.54374037E+00
-0.53691977E+00
-0.53387589E+00
-0.53281150E+00
-0.52816368E+00
-0.52624245E+00
-0.52312317E+00
-0.52243971E+00
-0.52220482E+00
-0.52135756E+00
-0.52063872E+00
-0.51970369E+00
-0.51886508E+00
-0.51519359E+00
-0.51475775E+00
-0.51231935E+00
-0.51079381E+00
-0.50858483E+00
-0.50796396E+00
-0.50575021E+00
-0.50365993E+00
-0.50167600E+00
-0.50153930E+00
-0.50021283E+00
-0.49998726E+00
-0.49686071E+00
-0.49162602E+00
-0.48751162E+00
-0.48699065E+00
-0.48563510E+00
-0.48358772E+00
-0.48265902E+00
-0.48184876E+00
-0.47965165E+00
-0.47773230E+00
-0.47708374E+00
-0.47470387E+00
-0.47258857E+00
-0.47252157E+00
-0.46962699E+00
-0.46669706E+00
-0.46661321E+00
-0.46620210E+00
-0.46595776E+00
-0.46567776E+00
-0.46476423E+00
-0.46449946E+00
-0.46360471E+00
-0.46138750E+00
-0.46049104E+00
-0.45970528E+00
-0.45857657E+00
-0.45667528E+00
-0.45508126E+00
-0.45478190E+00
-0.45380483E+00
-0.45271616E+00
-0.45183301E+00
-0.45038542E+00
-0.44640993E+00
-0.44335935E+00
-0.44194350E+00
-0.43923090E+00
-0.43693971E+00
-0.43643767E+00
-0.43489880E+00
-0.43419285E+00
-0.43384802E+00
-0.43373194E+00
-0.43202306E+00
-0.43168243E+00
-0.43108761E+00
-0.43079261E+00
-0.42965894E+00
-0.42902937E+00
-0.42817636E+00
-0.42741488E+00
-0.42679894E+00
-0.42624073E+00
-0.42591085E+00
-0.42549538E+00
-0.42490697E+00
-0.42363570E+00
-0.42310749E+00
-0.42261545E+00
-0.42033965E+00
-0.41955152E+00
-0.41864504E+00
-0.41543729E+00
-0.41543373E+00
-0.41229812E+00
-0.40944512E+00
-0.40730048E+00
-0.40689488E+00
-0.40647398E+00
-0.40520304E+00
-0.40454561E+00
-0.40229697E+00
-0.40171590E+00
-0.39905150E+00
-0.39800677E+00
-0.39760627E+00
-0.39727219E+00
-0.39677610E+00
-0.39638870E+00
-0.39592134E+00
-0.39436626E+00
-0.39124004E+00
-0.38966625E+00
-0.38858028E+00
-0.38793732E+00
-0.38759697E+00
-0.38733276E+00
-0.38690466E+00
-0.38660463E+00
-0.38503318E+00
-0.38406696E+00
-0.38327811E+00
-0.38288623E+00
-0.38221176E+00
-0.38058325E+00
-0.37669923E+00
-0.37656314E+00
-0.37550798E+00
-0.37416204E+00
-0.37266063E+00
-0.36899177E+00
-0.36807613E+00
-0.36702788E+00
-0.36634388E+00
-0.36507340E+00
-0.36418707E+00
-0.36337306E+00
-0.36256127E+00
-0.35832746E+00
-0.35735685E+00
-0.35632625E+00
-0.35553017E+00
-0.35491414E+00
-0.35297408E+00
-0.35212465E+00
-0.35134291E+00
-0.34877525E+00
-0.34614074E+00
-0.34585056E+00
-0.34362106E+00
-0.34261545E+00
-0.33916366E+00
-0.33903865E+00
-0.33650659E+00
-0.33532807E+00
-0.33477682E+00
-0.32951312E+00
-0.31442141E+00
-0.31266145E+00
-0.31209183E+00
-0.31055653E+00
-0.30932373E+00
-0.30849674E+00
-0.29738045E+00
-0.29644461E+00
-0.29239519E+00
-0.29068088E+00
-0.28725637E+00
-0.28442237E+00
-0.28005387E+00
-0.27798106E+00
-0.27361068E+00
-0.27329102E+00
-0.27265233E+00
-0.27264055E+00
-0.27195765E+00
-0.27093367E+00
-0.26895581E+00
-0.26854836E+00
-0.26604737E+00
-0.26381852E+00
-0.25955181E+00
-0.25879353E+00
-0.24061804E+00
-0.23873932E+00
-0.23701640E+00
-0.23582276E+00
-0.22585711E+00
-0.22364489E+00
-0.20734136E+00
-0.20695823E+00
-0.13103137E+00
-0.12139922E+00
-0.11889460E+00
-0.11113037E+00
-0.11042276E+00
-0.10622231E+00
-0.94178572E-01
-0.93201803E-01
-0.88748330E-01
-0.86437872E-01
-0.57104153E-01
-0.53515851E-01
-0.49208551E-01
-0.45215199E-01
-0.36969623E-01
-0.34596908E-01
-0.30649962E-01
-0.27380612E-01
-0.26307838E-01
-0.23854316E-01
-0.18033381E-01
-0.15512425E-01
-0.11938674E-01
-0.10822981E-01
-0.95390043E-02
-0.91538280E-02
-0.75470185E-02
-0.56376289E-02
-0.52892463E-02
-0.46669966E-02
-0.38550342E-02
-0.28182197E-02
-0.11665370E-02
-0.37412623E-03
-0.27896458E-04
 0.31402333E-03
 0.96155183E-03
 0.15710637E-02
 0.26316675E-02
 0.31195536E-02
 0.35096113E-02
 0.40323769E-02
 0.52010933E-02
 0.53338838E-02
 0.75694197E-02
 0.85671838E-02
 0.94446732E-02
 0.10596022E-01
 0.11093639E-01
 0.11205370E-01
 0.12069857E-01
 0.13569894E-01
 0.14217666E-01
 0.15572018E-01
 0.15733983E-01
 0.17463668E-01
 0.17886727E-01
 0.18067977E-01
 0.19387186E-01
 0.20398628E-01
 0.20942740E-01
 0.21463765E-01
 0.22644945E-01
 0.23175935E-01
 0.23818381E-01
 0.24821932E-01
 0.25037569E-01
 0.26825442E-01
 0.28332295E-01
 0.29015463E-01
 0.29505613E-01
 0.29774433E-01
 0.31084144E-01
 0.31345025E-01
 0.31722895E-01
 0.34694216E-01
 0.36121684E-01
 0.36298466E-01
 0.36541036E-01
 0.37168615E-01
 0.37225541E-01
 0.37710312E-01
 0.38397208E-01
 0.39058839E-01
 0.40036721E-01
 0.40570877E-01
 0.41112289E-01
 0.41807100E-01
 0.42315964E-01
 0.42870337E-01
 0.45041482E-01
 0.45768940E-01
 0.46487956E-01
 0.47415819E-01
 0.47708071E-01
 0.48306054E-01
 0.50297840E-01
 0.51432737E-01
 0.52063089E-01
 0.52498721E-01
 0.52834844E-01
 0.53646208E-01
 0.53938400E-01
 0.54817920E-01
 0.55283359E-01
 0.56820486E-01
 0.57372811E-01
 0.58060416E-01
 0.59373403E-01
 0.59444400E-01
 0.60205856E-01
 0.61321414E-01
 0.61976272E-01
 0.62611667E-01
 0.63338512E-01
 0.63802273E-01
 0.65456108E-01
 0.66596687E-01
 0.66722229E-01
 0.68090180E-01
 0.68181579E-01
 0.68280925E-01
 0.69189388E-01
 0.70149846E-01
 0.71406674E-01
 0.71639085E-01
 0.72203837E-01
 0.72620399E-01
 0.72857316E-01
 0.73381621E-01
 0.74001519E-01
 0.74251794E-01
 0.74801465E-01
 0.75075344E-01
 0.76089340E-01
 0.76414471E-01
 0.77161333E-01
 0.78052186E-01
 0.79228337E-01
 0.79903942E-01
 0.80461308E-01
 0.81701807E-01
 0.82055835E-01
 0.82741033E-01
 0.83243437E-01
 0.83971925E-01
 0.84440155E-01
 0.86243835E-01
 0.86581024E-01
 0.87287314E-01
 0.87896192E-01
 0.88402786E-01
 0.89611412E-01
 0.90535864E-01
 0.90723778E-01
 0.91825261E-01
 0.92404245E-01
 0.93253369E-01
 0.93428458E-01
 0.94763011E-01
 0.95033614E-01
 0.96016753E-01
 0.96240730E-01
 0.97349785E-01
 0.98554823E-01
 0.98816207E-01
 0.99142238E-01
 0.99311987E-01
 0.10059811E+00
 0.10150582E+00
 0.10224810E+00
 0.10320419E+00
 0.10352794E+00
 0.10460714E+00
 0.10517170E+00
 0.10632600E+00
 0.10688160E+00
 0.10754298E+00
 0.10821253E+00
 0.10863498E+00
 0.10956531E+00
 0.11037940E+00
 0.11143061E+00
 0.11309889E+00
 0.11346573E+00
 0.11449895E+00
 0.11520897E+00
 0.11622752E+00
 0.11686163E+00
 0.11753410E+00
 0.11897531E+00
 0.11973971E+00
 0.12003954E+00
 0.12052989E+00
 0.12112237E+00
 0.12126949E+00
 0.12225000E+00
 0.12338738E+00
 0.12379367E+00
 0.12444772E+00
 0.12488809E+00
 0.12515998E+00
 0.12586022E+00
 0.12715344E+00
 0.12750747E+00
 0.12774491E+00
 0.12900292E+00
 0.13023422E+00
 0.13081195E+00
 0.13129859E+00
 0.13160547E+00
 0.13267746E+00
 0.13301717E+00
 0.13378985E+00
 0.13461623E+00
 0.13495667E+00
 0.13570761E+00
 0.13628806E+00
 0.13764265E+00
 0.13845548E+00
 0.13901110E+00
 0.13938615E+00
 0.13996822E+00
 0.14062993E+00
 0.14102834E+00
 0.14181926E+00
 0.14216334E+00
 0.14302644E+00
 0.14359162E+00
 0.14418503E+00
 0.14439083E+00
 0.14520267E+00
 0.14544562E+00
 0.14651574E+00
 0.14726469E+00
 0.14741460E+00
 0.14802026E+00
 0.14907076E+00
 0.14991093E+00
 0.15012200E+00
 0.15096826E+00
 0.15239322E+00
 0.15289099E+00
 0.15334660E+00
 0.15417282E+00
 0.15447834E+00
 0.15550544E+00
 0.15657167E+00
 0.15709411E+00
 0.15748348E+00
 0.15799305E+00
 0.15838998E+00
 0.15861806E+00
 0.15951788E+00
 0.16086482E+00
 0.16116748E+00
 0.16156772E+00
 0.16268946E+00
 0.16306448E+00
 0.16341247E+00
 0.16407986E+00
 0.16454181E+00
 0.16502643E+00
 0.16525490E+00
 0.16578818E+00
 0.16635597E+00
 0.16720385E+00
 0.16786938E+00
 0.16852801E+00
 0.16909508E+00
 0.16957135E+00
 0.17001798E+00
 0.17054888E+00
 0.17137155E+00
 0.17216653E+00
 0.17287647E+00
 0.17325620E+00
 0.17384698E+00
 0.17552722E+00
 0.17666073E+00
 0.17745644E+00
 0.17768628E+00
 0.17819922E+00
 0.17851596E+00
 0.17919121E+00
 0.17951406E+00
 0.17982480E+00
 0.17995918E+00
 0.18095632E+00
 0.18122433E+00
 0.18165012E+00
 0.18204724E+00
 0.18241274E+00
 0.18356341E+00
 0.18368723E+00
 0.18459274E+00
 0.18545604E+00
 0.18576855E+00
 0.18594243E+00
 0.18641722E+00
 0.18701038E+00
 0.18781479E+00
 0.18848029E+00
 0.18875812E+00
 0.18905807E+00
 0.18998659E+00
 0.19084534E+00
 0.19107346E+00
 0.19165829E+00
 0.19217646E+00
 0.19268348E+00
 0.19373631E+00
 0.19407821E+00
 0.19483725E+00
 0.19523584E+00
 0.19636541E+00
 0.19660974E+00
 0.19729402E+00
 0.19778866E+00
 0.19807153E+00
 0.19926424E+00
 0.19932757E+00
 0.20038008E+00
 0.20074733E+00
 0.20161322E+00
 0.20299832E+00
 0.20393410E+00
 0.20610307E+00
 0.20650575E+00
 0.20739295E+00
 0.20761382E+00
 0.20850867E+00
 0.20901231E+00
 0.20932119E+00
 0.20996831E+00
 0.21040330E+00
 0.21151064E+00
 0.21182739E+00
 0.21235271E+00
 0.21256911E+00
 0.21298190E+00
 0.21396172E+00
 0.21448390E+00
 0.21510508E+00
 0.21633121E+00
 0.21742102E+00
 0.21822958E+00
 0.21835604E+00
 0.21875232E+00
 0.21879558E+00
 0.22064383E+00
 0.22072925E+00
 0.22167670E+00
 0.22241081E+00
 0.22256861E+00
 0.22429965E+00
 0.22500945E+00
 0.22526731E+00
 0.22551695E+00
 0.22620544E+00
 0.22629340E+00
 0.22642347E+00
 0.22773013E+00
 0.22812358E+00
 0.22874833E+00
 0.22897206E+00
 0.22952373E+00
 0.23004146E+00
 0.23142612E+00
 0.23162940E+00
 0.23259638E+00
 0.23281929E+00
 0.23442855E+00
 0.23536148E+00
 0.23646655E+00
 0.23664092E+00
 0.23693442E+00
 0.23738997E+00
 0.23838630E+00
 0.23867955E+00
 0.23952217E+00
 0.24004401E+00
 0.24036330E+00
 0.24075424E+00
 0.24160113E+00
 0.24258838E+00
 0.24336279E+00
 0.24373949E+00
 0.24412340E+00
 0.24514325E+00
 0.24524814E+00
 0.24636861E+00
 0.24665859E+00
 0.24711795E+00
 0.24782352E+00
 0.24936745E+00
 0.24950270E+00
 0.25043525E+00
 0.25079561E+00
 0.25156061E+00
 0.25190394E+00
 0.25236643E+00
 0.25285467E+00
 0.25321529E+00
 0.25392153E+00
 0.25454605E+00
 0.25508826E+00
 0.25544751E+00
 0.25555862E+00
 0.25649314E+00
 0.25686309E+00
 0.25759329E+00
 0.25771812E+00
 0.25866056E+00
 0.25914808E+00
 0.25993907E+00
 0.26100256E+00
 0.26152303E+00
 0.26202212E+00
 0.26286175E+00
 0.26300440E+00
 0.26371236E+00
 0.26467625E+00
 0.26552745E+00
 0.26590799E+00
 0.26610628E+00
 0.26668970E+00
 0.26758490E+00
 0.26803133E+00
 0.26888108E+00
 0.26930492E+00
 0.26967227E+00
 0.27058814E+00
 0.27102013E+00
 0.27192474E+00
 0.27201158E+00
 0.27233006E+00
 0.27262376E+00
 0.27307998E+00
 0.27433113E+00
 0.27502284E+00
 0.27587448E+00
 0.27631499E+00
 0.27682837E+00
 0.27715917E+00
 0.27803875E+00
 0.27893293E+00
 0.27942562E+00
 0.28076703E+00
 0.28169236E+00
 0.28199463E+00
 0.28286582E+00
 0.28375998E+00
 0.28452935E+00
 0.28525263E+00
 0.28595740E+00
 0.28642953E+00
 0.28672045E+00
 0.28735450E+00
 0.28784788E+00
 0.28813530E+00
 0.28842972E+00
 0.28973950E+00
 0.29006559E+00
 0.29078946E+00
 0.29137406E+00
 0.29211645E+00
 0.29276083E+00
 0.29397360E+00
 0.29452716E+00
 0.29510572E+00
 0.29641187E+00
 0.29805846E+00
 0.29838717E+00
 0.29880734E+00
 0.29892661E+00
 0.29917568E+00
 0.29956112E+00
 0.30142452E+00
 0.30167299E+00
 0.30291378E+00
 0.30311440E+00
 0.30420666E+00
 0.30474796E+00
 0.30537615E+00
 0.30578550E+00
 0.30620081E+00
 0.30694744E+00
 0.30766504E+00
 0.30889463E+00
 0.30917136E+00
 0.31031224E+00
 0.31073636E+00
 0.31106530E+00
 0.31124549E+00
 0.31251130E+00
 0.31359338E+00
 0.31404550E+00
 0.31423059E+00
 0.31451545E+00
 0.31506519E+00
 0.31563699E+00
 0.31747335E+00
 0.31923586E+00
 0.31968041E+00
 0.32066871E+00
 0.32093541E+00
 0.32164257E+00
 0.32177495E+00
 0.32239212E+00
 0.32370933E+00
 0.32393773E+00
 0.32495987E+00
 0.32547274E+00
 0.32568609E+00
 0.32680180E+00
 0.32741082E+00
 0.32789712E+00
 0.32898780E+00
 0.32923149E+00
 0.32983616E+00
 0.33006908E+00
 0.33081335E+00
 0.33115290E+00
 0.33182905E+00
 0.33199280E+00
 0.33238305E+00
 0.33380487E+00
 0.33425296E+00
 0.33488091E+00
 0.33512335E+00
 0.33598062E+00
 0.33676420E+00
 0.33716228E+00
 0.33826081E+00
 0.33866302E+00
 0.33916863E+00
 0.33975946E+00
 0.34069882E+00
 0.34141946E+00
 0.34242406E+00
 0.34267548E+00
 0.34393896E+00
 0.34693625E+00
 0.34701662E+00
 0.34779410E+00
 0.34886563E+00
 0.34898258E+00
 0.34996664E+00
 0.35130767E+00
 0.35169570E+00
 0.35209751E+00
 0.35318393E+00
 0.35445200E+00
 0.35544402E+00
 0.35624925E+00
 0.35744847E+00
 0.35793870E+00
 0.35813434E+00
 0.35935861E+00
 0.35991622E+00
 0.36117417E+00
 0.36191110E+00
 0.36248115E+00
 0.36312995E+00
 0.36464266E+00
 0.36487523E+00
 0.36585886E+00
 0.36674180E+00
 0.36836165E+00
 0.36855166E+00
 0.36990396E+00
 0.37030009E+00
 0.37075141E+00
 0.37179528E+00
 0.37289302E+00
 0.37375223E+00
 0.37410744E+00
 0.37567346E+00
 0.37645073E+00
 0.37704557E+00
 0.37794734E+00
 0.37826671E+00
 0.37896133E+00
 0.37975938E+00
 0.38006455E+00
 0.38159858E+00
 0.38328247E+00
 0.38495980E+00
 0.38549210E+00
 0.38577735E+00
 0.38695514E+00
 0.38863509E+00
 0.38865712E+00
 0.38936626E+00
 0.38985446E+00
 0.39047545E+00
 0.39101654E+00
 0.39199094E+00
 0.39302198E+00
 0.39411220E+00
 0.39461754E+00
 0.39638295E+00
 0.39871901E+00
 0.39943960E+00
 0.40041571E+00
 0.40144014E+00
 0.40198887E+00
 0.40271594E+00
 0.40380083E+00
 0.40512271E+00
 0.40578094E+00
 0.40724491E+00
 0.40915081E+00
 0.41012089E+00
 0.41084521E+00
 0.41148287E+00
 0.41179923E+00
 0.41337202E+00
 0.41469864E+00
 0.41722406E+00
 0.41865467E+00
 0.42020175E+00
 0.42051801E+00
 0.42278126E+00
 0.42459108E+00
 0.42577546E+00
 0.42600659E+00
 0.42669268E+00
 0.42840751E+00
 0.43182335E+00
 0.43321555E+00
 0.43457115E+00
 0.43516645E+00
 0.43591142E+00
 0.43738582E+00
 0.43862412E+00
 0.43926728E+00
 0.44122366E+00
 0.44218057E+00
 0.44484207E+00
 0.44589199E+00
 0.44876060E+00
 0.45048182E+00
 0.45100935E+00
 0.45308964E+00
 0.45483048E+00
 0.45502007E+00
 0.45654987E+00
 0.45724640E+00
 0.45965981E+00
 0.46025345E+00
 0.46108685E+00
 0.46179371E+00
 0.46411019E+00
 0.46532559E+00
 0.46843502E+00
 0.46957726E+00
 0.47215694E+00
 0.47492331E+00
 0.47496845E+00
 0.47676402E+00
 0.47763402E+00
 0.47865238E+00
 0.48083156E+00
 0.48194396E+00
 0.48284242E+00
 0.48363565E+00
 0.48542474E+00
 0.48704879E+00
 0.48779774E+00
 0.48984295E+00
 0.49094066E+00
 0.49369018E+00
 0.49541043E+00
 0.49910430E+00
 0.50151087E+00
 0.50361081E+00
 0.50583104E+00
 0.50617096E+00
 0.50743498E+00
 0.50856992E+00
 0.51003201E+00
 0.51082350E+00
 0.51358832E+00
 0.51512008E+00
 0.51881783E+00
 0.52098254E+00
 0.52106767E+00
 0.52152187E+00
 0.52286387E+00
 0.52339713E+00
 0.52377261E+00
 0.52541349E+00
 0.52555382E+00
 0.52812294E+00
 0.52831441E+00
 0.53062499E+00
 0.53490393E+00
 0.53632021E+00
 0.53941518E+00
 0.54221550E+00
 0.54399770E+00
 0.54490726E+00
 0.54642707E+00
 0.54670480E+00
 0.54946217E+00
 0.55068350E+00
 0.55258990E+00
 0.55729280E+00
 0.55839801E+00
 0.56109805E+00
 0.56330556E+00
 0.56579364E+00
 0.56601109E+00
 0.57019042E+00
 0.57511879E+00
 0.57552756E+00
 0.58518506E+00
 0.58579298E+00
 0.58821070E+00
 0.58983071E+00
 0.59030148E+00
 0.59685510E+00
 0.59893507E+00
 0.60159571E+00
 0.60325145E+00
 0.60909688E+00
 0.61681446E+00
 0.61717660E+00
 0.62004177E+00
 0.62336641E+00
 0.62489655E+00
 0.62678263E+00
 0.62823017E+00
 0.63140961E+00
 0.63320462E+00
 0.63340270E+00
 0.63487108E+00
 0.63625068E+00
 0.63660445E+00
 0.63753081E+00
 0.63881601E+00
 0.63945461E+00
 0.64049288E+00
 0.64178435E+00
 0.64191152E+00
 0.64302250E+00
 0.64424514E+00
 0.64588250E+00
 0.64659921E+00
 0.64755349E+00
 0.64824815E+00
 0.64861487E+00
 0.64884081E+00
 0.65064859E+00
 0.65250024E+00
 0.65352723E+00
 0.65614083E+00
 0.65668517E+00
 0.65911350E+00
 0.65967216E+00
 0.66062447E+00
 0.66135547E+00
 0.66200599E+00
 0.66268749E+00
 0.66491648E+00
 0.66579572E+00
 0.66756985E+00
 0.66769751E+00
 0.66956246E+00
 0.67087355E+00
 0.67195604E+00
 0.67579390E+00
 0.67675090E+00
 0.67738006E+00
 0.67783047E+00
 0.67950244E+00
 0.68032003E+00
 0.68091804E+00
 0.68142287E+00
 0.68189792E+00
 0.68391926E+00
 0.68437414E+00
 0.68594457E+00
 0.68648761E+00
 0.68666851E+00
 0.68774317E+00
 0.68879120E+00
 0.68976749E+00
 0.69168947E+00
 0.69314176E+00
 0.69359080E+00
 0.69478683E+00
 0.69548430E+00
 0.69651723E+00
 0.69777365E+00
 0.69799001E+00
 0.69867819E+00
 0.69971992E+00
 0.70104981E+00
 0.70156906E+00
 0.70321697E+00
 0.70482156E+00
 0.70799779E+00
 0.70900248E+00
 0.71139968E+00
 0.71269903E+00
 0.71297229E+00
 0.71424513E+00
 0.71439393E+00
 0.71603619E+00
 0.71669045E+00
 0.71736191E+00
 0.71801138E+00
 0.71828467E+00
 0.71938233E+00
 0.72023331E+00
 0.72089108E+00
 0.72258847E+00
 0.72289636E+00
 0.72480397E+00
 0.72626731E+00
 0.72854453E+00
 0.72920330E+00
 0.73011671E+00
 0.73078637E+00
 0.73122904E+00
 0.73242530E+00
 0.73258980E+00
 0.73362759E+00
 0.73485742E+00
 0.73519769E+00
 0.73647036E+00
 0.73828949E+00
 0.73884085E+00
 0.74011613E+00
 0.74137371E+00
 0.74201642E+00
 0.74232718E+00
 0.74437319E+00
 0.74462431E+00
 0.74568031E+00
 0.74642862E+00
 0.74694382E+00
 0.74940707E+00
 0.75064988E+00
 0.75203299E+00
 0.75311958E+00
 0.75363428E+00
 0.75593874E+00
 0.75738105E+00
 0.75764318E+00
 0.75832142E+00
 0.76274023E+00
 0.76316902E+00
 0.76419465E+00
 0.76572174E+00
 0.76788101E+00
 0.76898318E+00
 0.76962210E+00
 0.77065659E+00
 0.77137043E+00
 0.77281822E+00
 0.77390265E+00
 0.77438098E+00
 0.77711537E+00
 0.77743342E+00
 0.77843149E+00
 0.77940907E+00
 0.78105733E+00
 0.78270065E+00
 0.78320983E+00
 0.78387586E+00
 0.78448196E+00
 0.78505788E+00
 0.78513647E+00
 0.78675001E+00
 0.78881402E+00
 0.79219455E+00
 0.79259855E+00
 0.79611196E+00
 0.79755561E+00
 0.80078666E+00
 0.80209734E+00
 0.80263961E+00
 0.80385215E+00
 0.80431172E+00
 0.80629551E+00
 0.80828144E+00
 0.80914444E+00
 0.81080478E+00
 0.81128419E+00
 0.81257266E+00
 0.81512462E+00
 0.81607604E+00
 0.81613860E+00
 0.81662814E+00
 0.81812785E+00
 0.82031653E+00
 0.82079797E+00
 0.82165495E+00
 0.82343907E+00
 0.82485343E+00
 0.82697800E+00
 0.82857062E+00
 0.83012644E+00
 0.83226225E+00
 0.83356100E+00
 0.83505489E+00
 0.83726087E+00
 0.83798825E+00
 0.83913627E+00
 0.83982018E+00
 0.84019425E+00
 0.84073311E+00
 0.84157422E+00
 0.84336266E+00
 0.84545558E+00
 0.84586451E+00
 0.84680696E+00
 0.84743865E+00
 0.84922969E+00
 0.84991671E+00
 0.85064168E+00
 0.85382859E+00
 0.85480934E+00
 0.85568801E+00
 0.85647961E+00
 0.85702070E+00
 0.85923908E+00
 0.86030583E+00
 0.86587313E+00
 0.86870555E+00
 0.87030536E+00
 0.87321449E+00
 0.87596178E+00
 0.87627097E+00
 0.87858433E+00
 0.87975420E+00
 0.88237631E+00
 0.88270822E+00
 0.88623899E+00
 0.88698875E+00
 0.89166834E+00
 0.89390050E+00
 0.89422928E+00
 0.89847866E+00
 0.89971688E+00
 0.89984591E+00
 0.90192251E+00
 0.90273556E+00
 0.90431665E+00
 0.90691694E+00
 0.90830698E+00
 0.91026594E+00
 0.91127167E+00
 0.91240255E+00
 0.91447227E+00
 0.91805119E+00
 0.91943152E+00
 0.92238010E+00
 0.93026633E+00
 0.93306327E+00
 0.93365625E+00
 0.93405904E+00
 0.93611372E+00
 0.93921451E+00
 0.93999042E+00
 0.94159250E+00
 0.94241842E+00
 0.94419574E+00
 0.94437119E+00
 0.94728577E+00
 0.94743198E+00
 0.95204092E+00
 0.95281616E+00
 0.95608123E+00
 0.95652964E+00
 0.95700179E+00
 0.95877067E+00
 0.96091041E+00
 0.96166703E+00
 0.96451044E+00
 0.96647034E+00
 0.96779607E+00
 0.96893245E+00
 0.96990823E+00
 0.97224367E+00
 0.97411099E+00
 0.97479323E+00
 0.97654975E+00
 0.97764652E+00
 0.97948921E+00
 0.97999506E+00
 0.98097372E+00
 0.98454604E+00
 0.98541150E+00
 0.98804632E+00
 0.98993547E+00
 0.99205167E+00
 0.99517396E+00
 0.99603102E+00
 0.99847948E+00
 0.99889715E+00
 0.99983343E+00
 0.10006087E+01
 0.10010208E+01
 0.10024016E+01
 0.10034722E+01
 0.10037094E+01
 0.10062304E+01
 0.10081249E+01
 0.10085394E+01
 0.10095596E+01
 0.10101796E+01
 0.10105882E+01
 0.10121850E+01
 0.10123102E+01
 0.10149476E+01
 0.10157157E+01
 0.10160733E+01
 0.10185915E+01
 0.10190100E+01
 0.10220551E+01
 0.10224806E+01
 0.10239926E+01
 0.10254832E+01
 0.10265089E+01
 0.10266772E+01
 0.10295331E+01
 0.10305646E+01
 0.10324191E+01
 0.10357408E+01
 0.10364972E+01
 0.10409304E+01
 0.10424111E+01
 0.10429573E+01
 0.10437578E+01
 0.10442630E+01
 0.10472583E+01
 0.10487011E+01
 0.10491145E+01
 0.10513608E+01
 0.10535797E+01
 0.10552261E+01
 0.10556939E+01
 0.10577235E+01
 0.10583204E+01
 0.10619757E+01
 0.10635176E+01
 0.10643131E+01
 0.10674704E+01
 0.10681858E+01
 0.10701820E+01
 0.10715092E+01
 0.10717670E+01
 0.10720093E+01
 0.10740724E+01
 0.10750285E+01
 0.10765726E+01
 0.10781645E+01
 0.10802281E+01
 0.10833681E+01
 0.10835791E+01
 0.10855075E+01
 0.10861528E+01
 0.10867775E+01
 0.10885918E+01
 0.10912370E+01
 0.10946048E+01
 0.10967299E+01
 0.10989793E+01
 0.11001202E+01
 0.11026346E+01
 0.11029431E+01
 0.11065439E+01
 0.11073889E+01
 0.11082902E+01
 0.11103525E+01
 0.11107814E+01
 0.11153336E+01
 0.11187647E+01
 0.11205610E+01
 0.11221712E+01
 0.11223457E+01
 0.11237035E+01
 0.11246479E+01
 0.11251254E+01
 0.11274725E+01
 0.11294382E+01
 0.11296565E+01
 0.11306040E+01
 0.11325058E+01
 0.11334498E+01
 0.11350077E+01
 0.11352136E+01
 0.11371747E+01
 0.11379950E+01
 0.11413596E+01
 0.11421805E+01
 0.11436832E+01
 0.11445001E+01
 0.11450926E+01
 0.11456098E+01
 0.11473324E+01
 0.11482440E+01
 0.11497666E+01
 0.11517287E+01
 0.11542046E+01
 0.11553837E+01
 0.11554456E+01
 0.11577297E+01
 0.11593289E+01
 0.11598747E+01
 0.11611017E+01
 0.11628983E+01
 0.11645160E+01
 0.11649576E+01
 0.11663491E+01
 0.11673427E+01
 0.11696567E+01
 0.11704547E+01
 0.11731419E+01
 0.11748996E+01
 0.11766628E+01
 0.11768009E+01
 0.11791996E+01
 0.11831931E+01
 0.11835402E+01
 0.11849032E+01
 0.11858717E+01
 0.11897112E+01
 0.11919000E+01
 0.11920770E+01
 0.11943861E+01
 0.11948307E+01
 0.11973993E+01
 0.11996312E+01
 0.12000120E+01
 0.12050493E+01
 0.12057499E+01
 0.12075345E+01
 0.12078661E+01
 0.12130929E+01
 0.12157930E+01
 0.12184320E+01
 0.12196993E+01
 0.12217210E+01
 0.12221235E+01
 0.12238904E+01
 0.12263984E+01
 0.12284035E+01
 0.12309793E+01
 0.12323812E+01
 0.12335859E+01
 0.12344635E+01
 0.12354242E+01
 0.12358542E+01
 0.12406502E+01
 0.12415423E+01
 0.12424768E+01
 0.12449110E+01
 0.12455883E+01
 0.12462009E+01
 0.12474091E+01
 0.12478740E+01
 0.12488151E+01
 0.12497685E+01
 0.12509057E+01
 0.12521109E+01
 0.12527015E+01
 0.12547123E+01
 0.12551907E+01
 0.12556887E+01
 0.12566437E+01
 0.12573669E+01
 0.12601290E+01
 0.12605256E+01
 0.12626813E+01
 0.12630264E+01
 0.12639519E+01
 0.12648917E+01
 0.12660037E+01
 0.12685845E+01
 0.12691413E+01
 0.12698489E+01
 0.12720514E+01
 0.12726797E+01
 0.12737549E+01
 0.12752148E+01
 0.12766651E+01
 0.12771235E+01
 0.12782476E+01
 0.12805658E+01
 0.12809846E+01
 0.12823525E+01
 0.12829433E+01
 0.12833193E+01
 0.12845720E+01
 0.12857927E+01
 0.12863845E+01
 0.12874616E+01
 0.12884983E+01
 0.12902471E+01
 0.12910078E+01
 0.12922244E+01
 0.12956852E+01
 0.12966343E+01
 0.12979097E+01
 0.12980677E+01
 0.12995829E+01
 0.13008203E+01
 0.13023362E+01
 0.13029717E+01
 0.13057784E+01
 0.13064116E+01
 0.13066719E+01
 0.13088317E+01
 0.13130462E+01
 0.13158842E+01
 0.13165184E+01
 0.13178383E+01
 0.13194547E+01
 0.13209160E+01
 0.13237073E+01
 0.13242729E+01
 0.13263989E+01
 0.13273634E+01
 0.13290409E+01
 0.13311816E+01
 0.13320121E+01
 0.13347582E+01
 0.13372173E+01
 0.13375742E+01
 0.13387739E+01
 0.13393564E+01
 0.13394352E+01
 0.13429110E+01
 0.13447806E+01
 0.13456917E+01
 0.13479135E+01
 0.13498324E+01
 0.13512232E+01
 0.13529237E+01
 0.13532317E+01
 0.13547206E+01
 0.13557347E+01
 0.13562691E+01
 0.13581955E+01
 0.13592451E+01
 0.13616212E+01
 0.13621900E+01
 0.13627400E+01
 0.13642166E+01
 0.13658653E+01
 0.13665804E+01
 0.13725743E+01
 0.13743376E+01
 0.13754661E+01
 0.13765185E+01
 0.13814310E+01
 0.13819808E+01
 0.13820018E+01
 0.13856390E+01
 0.13866190E+01
 0.13874416E+01
 0.13900244E+01
 0.13920786E+01
 0.13924364E+01
 0.13961564E+01
 0.13975087E+01
 0.14013953E+01
 0.14027952E+01
 0.14054593E+01
 0.14058690E+01
 0.14087069E+01
 0.14119951E+01
 0.14132437E+01
 0.14167140E+01
 0.14206145E+01
 0.14249163E+01
 0.14263401E+01
 0.14353889E+01
 0.14381278E+01
 0.14414020E+01
 0.14433744E+01
 0.14451132E+01
 0.14471321E+01
 0.14480598E+01
 0.14541558E+01
 0.14542650E+01
 0.14570241E+01
 0.14594708E+01
 0.14608131E+01
 0.14632498E+01
 0.14686290E+01
 0.14687470E+01
 0.14716307E+01
 0.14718438E+01
 0.14733242E+01
 0.14737627E+01
 0.14791039E+01
 0.14799833E+01
 0.14840134E+01
 0.14879581E+01
 0.14901656E+01
 0.14948039E+01
 0.14969953E+01
 0.15003129E+01
 0.15013600E+01
 0.15059035E+01
 0.15085409E+01
 0.15089851E+01
 0.15109432E+01
 0.15127854E+01
 0.15132012E+01
 0.15145452E+01
 0.15181029E+01
 0.15255077E+01
 0.15281461E+01
 0.15294857E+01
 0.15298310E+01
 0.15353630E+01
 0.15363363E+01
 0.15380134E+01
 0.15390296E+01
 0.15412560E+01
 0.15470856E+01
 0.15509830E+01
 0.15529732E+01
 0.15563030E+01
 0.15567401E+01
 0.15593641E+01
 0.15663989E+01
 0.15664585E+01
 0.15681804E+01
 0.15756759E+01
 0.15766891E+01
 0.15812798E+01
 0.15855454E+01
 0.15862282E+01
 0.15871952E+01
 0.15876464E+01
 0.15883388E+01
 0.15896515E+01
 0.15947692E+01
 0.15955605E+01
 0.15971703E+01
 0.15984479E+01
 0.16008300E+01
 0.16022293E+01
 0.16032555E+01
 0.16042168E+01
 0.16055340E+01
 0.16084998E+01
 0.16101635E+01
 0.16131881E+01
 0.16199644E+01
 0.16274858E+01
 0.16330555E+01
 0.16339851E+01
 0.16358290E+01
 0.16379509E+01
 0.16382625E+01
 0.16399315E+01
 0.16413959E+01
 0.16421171E+01
 0.16427420E+01
 0.16435135E+01
 0.16449572E+01
 0.16454638E+01
 0.16464981E+01
 0.16472887E+01
 0.16499941E+01
 0.16519185E+01
 0.16541352E+01
 0.16552027E+01
 0.16566033E+01
 0.16604708E+01
 0.16620043E+01
 0.16642609E+01
 0.16649037E+01
 0.16665366E+01
 0.16690029E+01
 0.16700747E+01
 0.16729947E+01
 0.16749081E+01
 0.16766021E+01
 0.16779194E+01
 0.16780052E+01
 0.16861836E+01
 0.16907566E+01
 0.16911260E+01
 0.16932543E+01
 0.16961382E+01
 0.17008150E+01
 0.17013480E+01
 0.17042589E+01
 0.17045127E+01
 0.17078697E+01
 0.17089854E+01
 0.17100873E+01
 0.17135118E+01
 0.17147358E+01
 0.17151860E+01
 0.17185709E+01
 0.17193112E+01
 0.17227362E+01
 0.17231046E+01
 0.17232640E+01
 0.17264054E+01
 0.17268059E+01
 0.17278465E+01
 0.17287338E+01
 0.17293538E+01
 0.17302684E+01
 0.17310854E+01
 0.17320616E+01
 0.17329067E+01
 0.17348578E+01
 0.17358766E+01
 0.17378329E+01
 0.17384504E+01
 0.17437864E+01
 0.17451064E+01
 0.17490246E+01
 0.17496261E+01
 0.17497046E+01
 0.17507982E+01
 0.17524227E+01
 0.17529362E+01
 0.17545685E+01
 0.17550316E+01
 0.17555118E+01
 0.17572895E+01
 0.17579828E+01
 0.17608370E+01
 0.17619920E+01
 0.17638495E+01
 0.17653841E+01
 0.17661041E+01
 0.17680762E+01
 0.17692959E+01
 0.17705810E+01
 0.17710443E+01
 0.17721727E+01
 0.17730974E+01
 0.17732260E+01
 0.17747854E+01
 0.17762835E+01
 0.17776610E+01
 0.17786556E+01
 0.17799125E+01
 0.17820164E+01
 0.17843038E+01
 0.17844028E+01
 0.17871006E+01
 0.17908880E+01
 0.17914498E+01
 0.17927071E+01
 0.17927426E+01
 0.17942212E+01
 0.17960524E+01
 0.17979216E+01
 0.17999827E+01
 0.18002896E+01
 0.18004651E+01
 0.18016499E+01
 0.18030681E+01
 0.18036752E+01
 0.18041044E+01
 0.18069654E+01
 0.18074323E+01
 0.18076639E+01
 0.18085337E+01
 0.18086801E+01
 0.18107436E+01
 0.18130742E+01
 0.18133975E+01
 0.18163512E+01
 0.18174631E+01
 0.18205249E+01
 0.18245391E+01
 0.18253259E+01
 0.18271271E+01
 0.18287060E+01
 0.18316374E+01
 0.18328104E+01
 0.18354806E+01
 0.18367279E+01
 0.18375018E+01
 0.18406803E+01
 0.18436738E+01
 0.18447806E+01
 0.18455780E+01
 0.18457969E+01
 0.18467450E+01
 0.18541898E+01
 0.18564229E+01
 0.18596136E+01
 0.18596990E+01
 0.18612991E+01
 0.18617725E+01
 0.18651165E+01
 0.18654317E+01
 0.18666284E+01
 0.18672803E+01
 0.18689237E+01
 0.18695130E+01
 0.18716283E+01
 0.18747045E+01
 0.18775052E+01
 0.18787722E+01
 0.18805323E+01
 0.18827515E+01
 0.18849926E+01
 0.18856628E+01
 0.18890798E+01
 0.18901300E+01
 0.18910344E+01
 0.18946662E+01
 0.18968284E+01
 0.18976694E+01
 0.19005792E+01
 0.19044102E+01
 0.19047097E+01
 0.19054737E+01
 0.19069212E+01
 0.19074417E+01
 0.19085237E+01
 0.19099295E+01
 0.19130817E+01
 0.19142293E+01
 0.19162384E+01
 0.19189931E+01
 0.19218999E+01
 0.19246356E+01
 0.19279927E+01
 0.19287647E+01
 0.19318992E+01
 0.19382764E+01
 0.19408610E+01
 0.19421346E+01
 0.19455835E+01
 0.19488793E+01
 0.19501288E+01
 0.19539298E+01
 0.19565017E+01
 0.19588753E+01
 0.19599461E+01
 0.19623389E+01
 0.19656332E+01
 0.19662207E+01
 0.19701079E+01
 0.19745158E+01
 0.19779140E+01
 0.19795548E+01
 0.19806109E+01
 0.19823796E+01
 0.19830877E+01
 0.19846845E+01
 0.19878680E+01
 0.19918646E+01
 0.19934428E+01
 0.19948403E+01
 0.19986456E+01
 0.20008586E+01
 0.20019244E+01
 0.20039142E+01
 0.20049026E+01
 0.20073231E+01
 0.20093570E+01
 0.20127449E+01
 0.20128611E+01
 0.20143991E+01
 0.20179799E+01
 0.20183239E+01
 0.20226953E+01
 0.20227351E+01
 0.20269322E+01
 0.20287220E+01
 0.20296837E+01
 0.20305034E+01
 0.20337245E+01
 0.20346472E+01
 0.20379791E+01
 0.20393877E+01
 0.20403561E+01
 0.20410933E+01
 0.20426412E+01
 0.20455874E+01
 0.20475368E+01
 0.20484827E+01
 0.20503833E+01
 0.20515992E+01
 0.20519520E+01
 0.20574946E+01
 0.20578138E+01
 0.20613685E+01
 0.20620926E+01
 0.20621788E+01
 0.20666535E+01
 0.20694855E+01
 0.20711207E+01
 0.20740786E+01
 0.20753805E+01
 0.20777757E+01
 0.20799992E+01
 0.20806185E+01
 0.20828763E+01
 0.20859909E+01
 0.20865436E+01
 0.20913175E+01
 0.20922244E+01
 0.20964680E+01
 0.20973250E+01
 0.20998968E+01
 0.21002386E+01
 0.21033410E+01
 0.21039029E+01
 0.21050349E+01
 0.21074255E+01
 0.21079219E+01
 0.21098797E+01
 0.21109880E+01
 0.21126903E+01
 0.21134821E+01
 0.21147932E+01
 0.21174558E+01
 0.21193935E+01
 0.21205385E+01
 0.21232107E+01
 0.21252248E+01
 0.21260232E+01
 0.21276920E+01
 0.21281653E+01
 0.21285543E+01
 0.21320386E+01
 0.21320908E+01
 0.21346190E+01
 0.21366874E+01
 0.21386281E+01
 0.21409527E+01
 0.21436805E+01
 0.21454269E+01
 0.21464240E+01
 0.21485336E+01
 0.21506377E+01
 0.21508695E+01
 0.21520991E+01
 0.21567883E+01
 0.21580316E+01
 0.21606247E+01
 0.21615580E+01
 0.21668695E+01
 0.21700991E+01
 0.21704911E+01
 0.21705319E+01
 0.21730131E+01
 0.21734944E+01
 0.21761648E+01
 0.21797138E+01
 0.21814822E+01
 0.21866197E+01
 0.21876626E+01
 0.21877526E+01
 0.21912087E+01
 0.21944063E+01
 0.21959595E+01
 0.21983389E+01
 0.21988825E+01
 0.22012110E+01
 0.22059952E+01
 0.22084794E+01
 0.22088253E+01
 0.22119389E+01
 0.22166832E+01
 0.22188701E+01
 0.22191899E+01
 0.22211324E+01
 0.22224458E+01
 0.22241756E+01
 0.22282211E+01
 0.22296648E+01
 0.22307190E+01
 0.22321331E+01
 0.22356171E+01
 0.22378973E+01
 0.22382011E+01
 0.22396919E+01
 0.22403620E+01
 0.22471093E+01
 0.22483535E+01
 0.22487724E+01
 0.22501790E+01
 0.22504860E+01
 0.22537619E+01
 0.22577768E+01
 0.22592280E+01
 0.22626673E+01
 0.22671265E+01
 0.22685981E+01
 0.22735574E+01
 0.22743991E+01
 0.22769628E+01
 0.22805219E+01
 0.22866273E+01
 0.22879757E+01
 0.22965097E+01
 0.22966819E+01
 0.23065832E+01
 0.23074030E+01
 0.23094340E+01
 0.23141052E+01
 0.23151916E+01
 0.23162313E+01
 0.23185230E+01
 0.23201431E+01
 0.23214886E+01
 0.23228376E+01
 0.23234843E+01
 0.23290323E+01
 0.23310512E+01
 0.23318530E+01
 0.23339084E+01
 0.23365143E+01
 0.23368623E+01
 0.23420843E+01
 0.23425181E+01
 0.23456195E+01
 0.23466137E+01
 0.23495891E+01
 0.23521417E+01
 0.23539324E+01
 0.23552099E+01
 0.23576471E+01
 0.23599550E+01
 0.23639459E+01
 0.23655813E+01
 0.23687286E+01
 0.23719849E+01
 0.23738708E+01
 0.23744767E+01
 0.23768264E+01
 0.23773062E+01
 0.23803027E+01
 0.23839937E+01
 0.23859761E+01
 0.23917863E+01
 0.23925830E+01
 0.23931268E+01
 0.23980898E+01
 0.23995350E+01
 0.23997038E+01
 0.24005230E+01
 0.24012017E+01
 0.24035581E+01
 0.24049796E+01
 0.24084858E+01
 0.24122233E+01
 0.24138145E+01
 0.24161916E+01
 0.24175137E+01
 0.24208121E+01
 0.24217268E+01
 0.24225422E+01
 0.24261348E+01
 0.24298722E+01
 0.24303549E+01
 0.24332838E+01
 0.24387549E+01
 0.24388028E+01
 0.24449155E+01
 0.24451086E+01
 0.24476855E+01
 0.24510943E+01
 0.24527294E+01
 0.24545268E+01
 0.24579921E+01
 0.24588106E+01
 0.24629159E+01
 0.24645155E+01
 0.24697939E+01
 0.24734970E+01
 0.24809199E+01
 0.24822993E+01
 0.24837957E+01
 0.24894686E+01
 0.24930399E+01
 0.24931352E+01
 0.24939243E+01
 0.24959914E+01
 0.25016164E+01
 0.25091871E+01
 0.25105831E+01
 0.25131829E+01
 0.25170670E+01
 0.25172674E+01
 0.25176007E+01
 0.25217969E+01
 0.25230954E+01
 0.25253288E+01
 0.25287450E+01
 0.25326257E+01
 0.25348967E+01
 0.25414239E+01
 0.25418828E+01
 0.25441551E+01
 0.25524642E+01
 0.25566698E+01
 0.25581427E+01
 0.25593340E+01
 0.25596047E+01
 0.25646573E+01
 0.25689950E+01
 0.25727352E+01
 0.25745608E+01
 0.25760560E+01
 0.25764250E+01
 0.25803952E+01
 0.25874382E+01
 0.25914613E+01
 0.25936806E+01
 0.25994347E+01
 0.26008794E+01
 0.26053161E+01
 0.26117377E+01
 0.26133060E+01
 0.26192387E+01
 0.26225824E+01
 0.26231003E+01
 0.26236186E+01
 0.26306485E+01
 0.26324978E+01
 0.26355579E+01
 0.26406838E+01
 0.26410059E+01
 0.26450472E+01
 0.26480550E+01
 0.26506223E+01
 0.26533629E+01
 0.26562840E+01
 0.26607976E+01
 0.26649962E+01
 0.26658722E+01
 0.26692053E+01
 0.26718661E+01
 0.26721174E+01
 0.26764936E+01
 0.26775680E+01
 0.26784356E+01
 0.26826173E+01
 0.26836628E+01
 0.26851578E+01
 0.26856295E+01
 0.26879661E+01
 0.26927268E+01
 0.26928373E+01
 0.26974653E+01
 0.26992035E+01
 0.26992860E+01
 0.27025894E+01
 0.27027334E+01
 0.27056897E+01
 0.27083857E+01
 0.27132144E+01
 0.27149696E+01
 0.27151788E+01
 0.27167461E+01
 0.27191085E+01
 0.27209334E+01
 0.27292659E+01
 0.27301763E+01
 0.27338364E+01
 0.27378560E+01
 0.27413560E+01
 0.27491386E+01
 0.27527152E+01
 0.27562781E+01
 0.27588900E+01
 0.27632532E+01
 0.27643822E+01
 0.27698367E+01
 0.27730178E+01
 0.27736470E+01
 0.27777553E+01
 0.27837608E+01
 0.27884017E+01
 0.27888811E+01
 0.27923716E+01
 0.27983204E+01
 0.27994762E+01
 0.28011386E+01
 0.28049280E+01
 0.28135547E+01
 0.28145432E+01
 0.28155507E+01
 0.28163620E+01
 0.28172410E+01
 0.28210715E+01
 0.28229949E+01
 0.28241719E+01
 0.28281106E+01
 0.28283124E+01
 0.28317574E+01
 0.28325153E+01
 0.28366755E+01
 0.28385951E+01
 0.28479175E+01
 0.28500745E+01
 0.28511978E+01
 0.28518358E+01
 0.28531991E+01
 0.28574122E+01
 0.28607338E+01
 0.28619879E+01
 0.28666390E+01
 0.28689826E+01
 0.28712398E+01
 0.28771013E+01
 0.28810615E+01
 0.28900728E+01
 0.28916342E+01
 0.28935641E+01
 0.28950872E+01
 0.28961133E+01
 0.29021291E+01
 0.29030577E+01
 0.29046585E+01
 0.29086943E+01
 0.29131341E+01
 0.29186271E+01
 0.29195326E+01
 0.29226779E+01
 0.29261318E+01
 0.29280525E+01
 0.29317502E+01
 0.29331410E+01
 0.29345891E+01
 0.29426679E+01
 0.29501320E+01
 0.29525892E+01
 0.29561781E+01
 0.29585938E+01
 0.29619102E+01
 0.29653552E+01
 0.29656338E+01
 0.29667972E+01
 0.29813115E+01
 0.29818133E+01
 0.29851312E+01
 0.29873218E+01
 0.29956804E+01
 0.30025858E+01
 0.30036511E+01
 0.30078760E+01
 0.30084061E+01
 0.30103846E+01
 0.30124580E+01
 0.30245332E+01
 0.30324379E+01
 0.30336427E+01
 0.30386094E+01
 0.30477986E+01
 0.30506156E+01
 0.30573625E+01
 0.30611053E+01
 0.30660540E+01
 0.30663194E+01
 0.30739921E+01
 0.30818003E+01
 0.30839629E+01
 0.30905729E+01
 0.30967710E+01
 0.31065528E+01
 0.31107931E+01
 0.31125938E+01
 0.31257513E+01
 0.31307783E+01
 0.31320250E+01
 0.31342825E+01
 0.31495554E+01
 0.31529847E+01
 0.31575688E+01
 0.31609392E+01
 0.31649826E+01
 0.31698737E+01
 0.31710539E+01
 0.31734165E+01
 0.31932861E+01
 0.31973737E+01
 0.32022246E+01
 0.32034725E+01
 0.32078868E+01
 0.32105276E+01
 0.32125064E+01
 0.32174791E+01
 0.32248377E+01
 0.32294909E+01
 0.32394716E+01
 0.32433612E+01
 0.32454790E+01
 0.32534688E+01
 0.32563296E+01
 0.32605771E+01
 0.32688816E+01
 0.32697914E+01
 0.32752735E+01
 0.32805197E+01
 0.32825039E+01
 0.32834349E+01
 0.32859091E+01
 0.33004412E+01
 0.33034463E+01
 0.33088387E+01
 0.33189718E+01
 0.33234433E+01
 0.33273239E+01
 0.33306473E+01
 0.33371052E+01
 0.33409233E+01
 0.33410674E+01
 0.33443186E+01
 0.33485370E+01
 0.33611341E+01
 0.33713636E+01
 0.33714572E+01
 0.33805996E+01
 0.34004982E+01
 0.34026719E+01
 0.34082991E+01
 0.34111351E+01
 0.34233210E+01
 0.34245667E+01
 0.34364889E+01
 0.34404520E+01
 0.34505471E+01
 0.34689343E+01
 0.34717420E+01
 0.34723363E+01
 0.34743803E+01
 0.34759385E+01
 0.34786251E+01
 0.34796493E+01
 0.34816779E+01
 0.34826068E+01
 0.34903302E+01
 0.34916117E+01
 0.34992458E+01
 0.35078857E+01
 0.35115014E+01
 0.35196555E+01
 0.35221884E+01
 0.35254476E+01
 0.35270745E+01
 0.35278889E+01
 0.35348912E+01
 0.35463016E+01
 0.35579885E+01
 0.35719742E+01
 0.35814497E+01
 0.35837302E+01
 0.35896103E+01
 0.39075801E+01
 0.39093505E+01
 0.39169632E+01
 0.39215804E+01
 0.39303469E+01
 0.39366740E+01
 0.39376367E+01
 0.39416013E+01
 0.39691509E+01
 0.39722648E+01
 0.39776034E+01
 0.39793210E+01
 0.39802514E+01
 0.39895197E+01
 0.40058424E+01
 0.40073095E+01
 0.40091952E+01
 0.40127975E+01
 0.40137189E+01
 0.40153275E+01
 0.40169594E+01
 0.40496709E+01
 0.41238052E+01
 0.41424518E+01
 0.42069629E+01
 0.42269083E+01
 0.42313563E+01
 0.42391255E+01
 0.42449773E+01
 0.42456516E+01
 0.42514818E+01
 0.42558383E+01
 0.42590020E+01
 0.42591078E+01
 0.42608504E+01
 0.42716443E+01
 0.42732274E+01
 0.42796102E+01
 0.42809606E+01
 0.42847257E+01
 0.42852151E+01
 0.42880224E+01
 0.42940637E+01
 0.42944272E+01
 0.42988408E+01
 0.42992339E+01
 0.43043722E+01
 0.43074702E+01
 0.43088332E+01
 0.43117926E+01
 0.43153691E+01
 0.43223544E+01
 0.43261587E+01
 0.43284838E+01
 0.43421119E+01
 0.43460494E+01
 0.43480972E+01
 0.43496830E+01
 0.43498778E+01
 0.43542268E+01
 0.43543984E+01
 0.43559831E+01
 0.43596169E+01
 0.43601588E+01
 0.43694322E+01
 0.43711273E+01
 0.43717519E+01
 0.43730185E+01
 0.43745218E+01
 0.43797635E+01
 0.43864630E+01
 0.43884040E+01
 0.43974892E+01
 0.43997850E+01
 0.44037379E+01
 0.44155273E+01
 0.44409263E+01
 0.44489497E+01
 0.44585533E+01
 0.44620151E+01
 0.44654339E+01
 0.44670768E+01
 0.44685717E+01
 0.44695368E+01
 0.44724930E+01
 0.44813232E+01
 0.44953214E+01
 0.45024968E+01
 0.45110955E+01
 0.45121869E+01
 0.45309522E+01
 0.45330188E+01
 0.45356058E+01
 0.45429858E+01
 0.45519404E+01
 0.45534914E+01
 0.45633099E+01
 0.45637415E+01
 0.45689066E+01
 0.45760163E+01
 0.45762366E+01
 0.45787269E+01
 0.45934105E+01
 0.46033628E+01
 0.46124111E+01
 0.46272298E+01
 0.46303913E+01
 0.46351939E+01
 0.46445778E+01
 0.46464077E+01
 0.46502246E+01
 0.46518589E+01
 0.46551778E+01
 0.46558449E+01
 0.46893867E+01
 0.46983775E+01
 0.47135706E+01
 0.47184053E+01
 0.47245246E+01
 0.47346214E+01
 0.47353531E+01
 0.47439123E+01
 0.47773349E+01
 0.47917561E+01
 0.47935860E+01
 0.48023902E+01
 0.48240167E+01
 0.48476461E+01
 0.49345734E+01
 0.49346821E+01
 0.49597462E+01
 0.49606170E+01
 0.49618630E+01
 0.49698620E+01
 0.49868281E+01
 0.50122538E+01
 0.50127057E+01
 0.51219637E+01
 0.56446860E+01
 0.56615224E+01
 0.56656564E+01
 0.57126130E+01
 0.68554010E+01
 0.69596092E+01
 0.69799894E+01
 0.71175154E+01
