     441    497       -0.00018
     447    498        0.00016
     448    497        0.00012
     448    498        0.00027
     449    497       -0.00023
     449    498       -0.00017
     453    497        0.00013
     456    497        0.00021
     459    497        0.00019
     459    498        0.00010
     464    497        0.00021
     464    498       -0.00039
     466    497        0.00013
     468    497        0.00030
     468    498       -0.00039
     468    508       -0.00014
     469    498       -0.00011
     473    498       -0.00023
     478    497       -0.00032
     478    498       -0.00048
     479    497        0.00035
     479    498        0.00040
     482    497        0.00013
     482    498        0.00115
     482    502       -0.00022
     482    508       -0.00029
     482    514        0.00011
     483    498       -0.00129
     483    502        0.00015
     483    508        0.00013
     485    497        0.00019
     485    506        0.00012
     485    508        0.00018
     485    514       -0.00015
     485    516       -0.00011
     487    495        0.00012
     487    497        0.00292
     487    498       -0.00308
     487    501       -0.00042
     487    503        0.00024
     487    506       -0.00029
     487    508        0.00015
     487    514       -0.00017
     488    497       -0.01171
     488    498        0.01365
     488    501        0.00178
     488    502        0.00027
     488    503       -0.00093
     488    506        0.00118
     488    514        0.00039
     488    516        0.00014
     488    533        0.00010
     492    496        0.00042
     492    497        0.02091
     492    498       -0.01609
     492    501       -0.00175
     492    502       -0.00049
     492    503        0.00086
     492    506       -0.00098
     492    508       -0.00028
     492    514       -0.00017
     492    533       -0.00010
     494    497        0.10215
     494    498        0.69877
     494    500        0.00040
     494    501        0.01331
     494    502        0.00072
     494    503       -0.00532
     494    506        0.00348
     494    508        0.00248
     494    514        0.00073
     494    516       -0.00050
     494    518       -0.00023
     494    527       -0.00047
     494    528       -0.00016
     494    529        0.00017
     494    532        0.00011
     494    533        0.00043
     494    537        0.00068
     494    538       -0.00034
     494    539       -0.00025
     494    541       -0.00029
     494    542        0.00014
     494    545       -0.00010
     494    559       -0.00014
     494    563        0.00013
     494    567        0.00011
     494    570        0.00018
     494    583        0.00019
     494    591       -0.00016
     494    609       -0.00011
