     248    500        0.00011
     425    499       -0.00010
     438    499       -0.00012
     438    500       -0.00010
     442    499        0.00028
     444    499       -0.00011
     450    500        0.00020
     454    500        0.00020
     457    500        0.00010
     460    499        0.00017
     462    499       -0.00029
     462    500       -0.00035
     465    495       -0.00016
     465    496        0.00015
     465    499        0.00037
     465    500        0.00051
     470    495       -0.00026
     470    496        0.00013
     470    499        0.00021
     470    500        0.00032
     471    495        0.00011
     472    495        0.00024
     472    496       -0.00018
     472    499       -0.00034
     472    500       -0.00053
     474    495        0.00011
     474    500       -0.00014
     475    496       -0.00011
     475    499        0.00026
     476    496        0.00016
     476    499       -0.00016
     476    500        0.00023
     477    495       -0.00052
     477    496        0.00034
     477    499       -0.00018
     477    500        0.00048
     481    495       -0.00024
     481    496        0.00026
     481    499       -0.00011
     481    500        0.00040
     484    495        0.00080
     484    496       -0.00069
     484    499        0.00060
     484    500       -0.00084
     484    504        0.00015
     484    507        0.00015
     484    530        0.00018
     484    547        0.00015
     484    549        0.00011
     486    495       -0.00029
     486    496       -0.00016
     486    499       -0.00076
     486    500       -0.00076
     489    495       -0.00415
     489    496        0.00768
     489    499        0.00873
     489    500        0.01544
     489    504       -0.00017
     489    505       -0.00013
     489    507        0.00012
     489    525        0.00018
     489    530        0.00016
     489    531       -0.00013
     490    495       -0.00264
     490    496        0.00411
     490    499        0.00602
     490    500        0.00863
     490    504       -0.00015
     491    495        0.00227
     491    496        0.00385
     491    499        0.00427
     491    500        0.00599
     493    495        0.00602
     493    496       -0.04242
     493    498       -0.00023
     493    499        0.65263
     493    500        0.26759
     493    504       -0.00490
     493    505        0.00152
     493    507       -0.00074
     493    513       -0.00054
     493    515        0.00023
     493    517       -0.00011
     493    520       -0.00014
     493    521       -0.00022
     493    523       -0.00023
     493    525       -0.00062
     493    526       -0.00030
     493    528        0.00012
     493    530       -0.00052
     493    531        0.00029
     493    532        0.00016
     493    534        0.00023
     493    535        0.00013
     493    536       -0.00030
     493    543       -0.00017
     493    544        0.00011
     493    546       -0.00023
     493    547       -0.00052
     493    549       -0.00039
     493    601        0.00012
     493    628        0.00011
     493    629        0.00015
     493    630       -0.00010
     493    632        0.00016
     493    640        0.00011
     494    499        0.00038
     494    500        0.00018
