     248    500        0.00013
     425    500       -0.00011
     438    500       -0.00015
     442    499       -0.00014
     442    500        0.00029
     443    500       -0.00010
     450    500        0.00020
     454    499        0.00013
     454    500        0.00014
     457    499        0.00011
     460    500        0.00018
     462    500       -0.00043
     465    496        0.00013
     465    499        0.00016
     465    500        0.00055
     470    495       -0.00020
     470    496        0.00018
     470    499        0.00014
     470    500        0.00028
     472    496       -0.00015
     472    499       -0.00021
     472    500       -0.00053
     474    495        0.00019
     474    496       -0.00012
     474    499       -0.00014
     475    499       -0.00025
     475    500        0.00017
     476    495        0.00012
     476    499        0.00030
     477    495       -0.00018
     477    496        0.00029
     477    499        0.00060
     481    495       -0.00022
     481    496        0.00018
     481    499        0.00045
     481    500        0.00012
     484    495        0.00103
     484    496       -0.00070
     484    499       -0.00129
     484    500        0.00012
     484    505       -0.00013
     484    507        0.00028
     484    530        0.00017
     484    547        0.00013
     486    495       -0.00069
     486    496        0.00033
     486    500       -0.00116
     486    504        0.00011
     486    507       -0.00014
     489    495        0.01181
     489    496       -0.00047
     489    499        0.00765
     489    500        0.01675
     489    504       -0.00174
     489    505        0.00090
     489    513       -0.00041
     489    526        0.00012
     489    530        0.00020
     489    543        0.00010
     490    495        0.00890
     490    496       -0.00058
     490    499        0.00335
     490    500        0.01017
     490    504       -0.00093
     490    505        0.00047
     490    507       -0.00011
     490    513       -0.00020
     491    495       -0.00265
     491    496        0.00065
     491    499        0.00298
     491    500        0.00748
     491    504       -0.00055
     491    505        0.00024
     491    513       -0.00012
     493    495       -0.00434
     493    496       -0.00602
     493    499       -0.26891
     493    500        0.65326
     493    504       -0.00995
     493    505        0.00242
     493    507       -0.00328
     493    510       -0.00010
     493    513       -0.00123
     493    515        0.00058
     493    520       -0.00012
     493    521       -0.00014
     493    523       -0.00014
     493    526       -0.00024
     493    528        0.00017
     493    530       -0.00047
     493    531        0.00022
     493    543       -0.00021
     493    544        0.00015
     493    546       -0.00021
     493    547       -0.00055
     493    549       -0.00037
     493    564       -0.00018
     493    598       -0.00012
     493    606       -0.00012
     493    611        0.00012
     493    625        0.00011
     493    628       -0.00016
     493    632       -0.00018
     493    642        0.00014
     493    661       -0.00015
     494    499       -0.00019
     494    500        0.00037
