     257    495       -0.00016
     401    495        0.00011
     409    495       -0.00019
     411    495       -0.00014
     436    495       -0.00019
     438    495        0.00029
     440    495       -0.00010
     442    495        0.00030
     443    495       -0.00014
     443    496        0.00011
     451    495        0.00025
     451    496       -0.00012
     454    495       -0.00058
     454    496       -0.00011
     454    499       -0.00016
     454    500       -0.00018
     454    507       -0.00012
     457    495        0.00036
     457    496        0.00021
     460    495       -0.00051
     460    496        0.00022
     462    495        0.00036
     462    496       -0.00026
     463    495       -0.00035
     463    496        0.00019
     465    495        0.00052
     465    496       -0.00013
     470    495       -0.00099
     470    496        0.00015
     470    500       -0.00020
     470    507       -0.00018
     470    513        0.00012
     471    495        0.00031
     472    496        0.00017
     474    495        0.00388
     474    496       -0.00144
     474    499       -0.00031
     474    500        0.00013
     474    513       -0.00018
     475    495        0.00104
     475    496       -0.00051
     475    500        0.00010
     476    495        0.00116
     476    500        0.00011
     477    495        0.00074
     477    496       -0.00052
     477    499       -0.00020
     481    495       -0.00400
     481    496        0.00149
     481    499        0.00034
     484    495        0.01362
     484    496       -0.00541
     484    499       -0.00124
     484    504       -0.00030
     484    507       -0.00020
     484    513       -0.00027
     484    515        0.00014
     486    495        0.01148
     486    496       -0.00435
     486    499       -0.00112
     486    500       -0.00021
     486    504       -0.00028
     486    505        0.00016
     486    507       -0.00026
     486    513       -0.00012
     487    495        0.00034
     488    495        0.00014
     489    495        0.09719
     489    496       -0.01048
     489    499       -0.00126
     489    500        0.00054
     489    504       -0.00035
     489    507       -0.00010
     489    513       -0.00018
     489    515        0.00013
     490    495        0.68700
     490    496       -0.07212
     490    499       -0.01227
     490    500       -0.00259
     490    504       -0.00286
     490    505        0.00170
     490    507       -0.00273
     490    509       -0.00016
     490    515        0.00029
     490    525        0.00021
     490    530        0.00025
     490    531       -0.00020
     490    532       -0.00011
     490    534        0.00025
     490    536        0.00017
     490    538       -0.00015
     490    540       -0.00010
     490    546        0.00023
     490    547        0.00033
     490    549        0.00029
     490    558        0.00015
     490    570        0.00027
     490    584       -0.00015
     490    593        0.00010
     490    596        0.00015
     490    605       -0.00012
     490    606       -0.00014
     491    495        0.05183
     491    496        0.09715
     491    499        0.00939
     491    500        0.00416
     491    504        0.00082
     491    505       -0.00049
     491    507        0.00060
     491    513        0.00038
     491    525        0.00012
     493    495       -0.01520
     493    496        0.01006
     493    499        0.00735
     493    500       -0.00808
     493    504       -0.00063
     493    513       -0.00043
     493    515        0.00021
