     259    497        0.00012
     439    497       -0.00012
     441    497        0.00029
     441    498        0.00011
     448    497        0.00013
     449    497       -0.00018
     449    498        0.00014
     453    497       -0.00032
     453    498       -0.00013
     455    497       -0.00016
     456    497       -0.00056
     456    498       -0.00013
     456    501       -0.00011
     458    497        0.00085
     459    497        0.00070
     459    498       -0.00020
     464    497       -0.00043
     464    498        0.00024
     466    498       -0.00011
     467    497       -0.00017
     467    498        0.00017
     468    497        0.00016
     468    498       -0.00019
     469    497       -0.00018
     473    497        0.00194
     473    498       -0.00115
     478    497        0.00049
     478    498       -0.00041
     479    497        0.00024
     482    497       -0.00063
     482    498        0.00065
     482    508        0.00010
     483    497        0.00305
     483    498       -0.00157
     485    497        0.00328
     485    498       -0.00228
     485    503        0.00011
     487    497       -0.01914
     487    498        0.01080
     487    501        0.00041
     487    503       -0.00057
     487    506        0.00023
     487    508        0.00054
     488    497       -0.00486
     488    498        0.00170
     488    502       -0.00011
     488    508       -0.00010
     492    497        0.69931
     492    498       -0.09709
     492    501        0.00038
     492    502        0.00074
     492    503        0.00360
     492    506       -0.00166
     492    508       -0.00280
     492    514        0.00088
     492    518        0.00011
     492    532       -0.00013
     492    533       -0.00074
     492    535       -0.00013
     492    539        0.00012
     492    542        0.00021
     492    544       -0.00014
     492    545       -0.00013
     492    548        0.00031
     492    570       -0.00025
     492    571       -0.00016
     492    576       -0.00010
     492    577       -0.00012
     492    579        0.00015
     492    581       -0.00012
     492    583       -0.00014
     492    584       -0.00016
     492    591        0.00017
     492    600       -0.00010
     492    722        0.00010
     494    497        0.01745
     494    498       -0.02571
     494    502       -0.00094
     494    503       -0.00092
     494    506       -0.00017
     494    508        0.00024
     494    514        0.00012
     494    516        0.00014
