     248    495        0.00015
     425    495       -0.00011
     438    495       -0.00018
     442    495        0.00026
     443    495       -0.00013
     450    495        0.00025
     450    496       -0.00011
     454    495        0.00022
     454    496       -0.00014
     460    495        0.00019
     462    495       -0.00042
     462    496        0.00014
     465    495        0.00044
     465    496       -0.00019
     465    499       -0.00010
     465    500       -0.00010
     470    495        0.00015
     470    496       -0.00011
     470    499       -0.00011
     470    500       -0.00016
     470    507       -0.00012
     471    495        0.00013
     472    495       -0.00051
     472    496        0.00024
     472    499        0.00013
     472    500        0.00010
     475    495        0.00023
     476    495        0.00015
     476    496       -0.00016
     477    496       -0.00032
     477    499       -0.00022
     477    500       -0.00020
     477    507       -0.00012
     481    496       -0.00018
     481    499       -0.00012
     481    500       -0.00012
     481    507       -0.00012
     484    495        0.00075
     484    496        0.00028
     484    499        0.00031
     484    500        0.00046
     484    505       -0.00015
     484    507        0.00041
     484    513       -0.00018
     486    495       -0.00196
     486    496        0.00058
     486    500       -0.00024
     486    507       -0.00017
     486    513        0.00013
     489    495        0.02219
     489    496       -0.00814
     489    499       -0.00178
     489    500        0.00044
     489    504       -0.00046
     489    505        0.00012
     489    507       -0.00012
     489    513       -0.00047
     489    515        0.00023
     490    495        0.01264
     490    496       -0.00421
     490    499       -0.00089
     490    500        0.00021
     490    504       -0.00024
     490    513       -0.00020
     490    515        0.00010
     491    495        0.00969
     491    496       -0.00291
     491    499       -0.00052
     491    500        0.00024
     491    504       -0.00013
     491    513       -0.00014
     493    495        0.70311
     493    496       -0.06831
     493    499       -0.01030
     493    500       -0.00079
     493    504       -0.00266
     493    505        0.00147
     493    507       -0.00237
     493    509       -0.00015
     493    515        0.00027
     493    525        0.00023
     493    526        0.00013
     493    528       -0.00011
     493    530        0.00034
     493    531       -0.00025
     493    532       -0.00011
     493    534        0.00020
     493    536        0.00011
     493    538       -0.00014
     493    546        0.00021
     493    547        0.00029
     493    549        0.00027
     493    558        0.00014
     493    570        0.00025
     493    584       -0.00014
     493    596        0.00013
     493    605       -0.00011
     493    606       -0.00012
     494    495        0.00023
