     246    495       -0.00012
     379    495       -0.00011
     436    495       -0.00019
     438    495        0.00035
     438    496        0.00012
     442    496        0.00013
     444    495        0.00011
     450    495        0.00023
     450    496       -0.00045
     451    495        0.00015
     454    495        0.00101
     454    496       -0.00052
     454    499       -0.00013
     457    495       -0.00055
     457    496       -0.00051
     460    495       -0.00051
     460    499        0.00011
     460    500        0.00011
     462    495        0.00068
     462    496       -0.00023
     463    495       -0.00040
     463    496        0.00017
     465    495       -0.00070
     465    496        0.00011
     465    499       -0.00012
     465    500       -0.00034
     465    507       -0.00024
     465    513        0.00012
     470    495       -0.00040
     470    499       -0.00015
     470    500       -0.00027
     470    507       -0.00024
     470    513        0.00014
     471    495        0.00027
     471    496       -0.00012
     472    495       -0.00057
     472    496        0.00042
     472    499        0.00035
     472    500        0.00042
     472    505       -0.00012
     472    507        0.00028
     474    495        0.00238
     474    496       -0.00076
     474    500        0.00017
     475    495        0.00100
     475    496       -0.00042
     475    499       -0.00017
     476    495        0.00015
     476    499        0.00011
     477    495        0.00097
     477    496       -0.00073
     477    499       -0.00054
     477    500       -0.00055
     477    504       -0.00014
     477    505        0.00014
     477    507       -0.00029
     481    495       -0.00372
     481    496        0.00132
     481    499        0.00028
     481    500       -0.00013
     484    495        0.01949
     484    496       -0.00652
     484    499       -0.00144
     484    500        0.00046
     484    504       -0.00039
     484    505        0.00011
     484    513       -0.00039
     484    515        0.00017
     486    495       -0.01801
     486    496        0.00713
     486    499        0.00137
     486    500       -0.00034
     486    504        0.00036
     486    513        0.00036
     486    515       -0.00016
     489    495        0.60873
     489    496       -0.06060
     489    499       -0.00906
     489    500       -0.00058
     489    504       -0.00233
     489    505        0.00125
     489    507       -0.00162
     489    509       -0.00012
     489    513       -0.00011
     489    515        0.00029
     489    525        0.00022
     489    530        0.00027
     489    531       -0.00021
     489    534        0.00012
     489    546        0.00015
     489    547        0.00017
     489    549        0.00017
     489    570        0.00017
     490    495       -0.03370
     490    496        0.00450
     490    499        0.00284
     490    500        0.00246
     490    504        0.00036
     490    505       -0.00043
     490    507        0.00036
     490    513       -0.00012
     491    495       -0.06265
     491    496       -0.34435
     491    499       -0.01946
     491    500       -0.01041
     491    504       -0.00145
     491    505        0.00097
     491    507       -0.00063
     491    513       -0.00058
     491    515       -0.00020
     491    525       -0.00022
     491    526        0.00014
     491    530        0.00023
     491    536        0.00011
     493    495       -0.01842
     493    496        0.01426
     493    499        0.01048
     493    500       -0.00599
     493    504       -0.00150
     493    505        0.00020
     493    507        0.00011
     493    513       -0.00075
     493    515        0.00034
     493    530       -0.00015
     493    547       -0.00014
     493    549       -0.00011
