     425    496       -0.00010
     438    496       -0.00011
     442    496        0.00028
     444    496       -0.00011
     450    495       -0.00011
     454    495       -0.00016
     460    496        0.00018
     462    496       -0.00021
     465    495       -0.00016
     465    496        0.00022
     465    500        0.00016
     470    495       -0.00012
     470    500        0.00016
     472    495        0.00025
     472    496       -0.00020
     472    500       -0.00017
     475    496        0.00033
     476    495       -0.00023
     476    496       -0.00021
     477    495       -0.00051
     477    496       -0.00041
     477    499        0.00010
     477    500        0.00026
     481    495       -0.00027
     481    496       -0.00030
     481    499        0.00011
     481    500        0.00016
     484    495        0.00052
     484    496        0.00123
     484    499       -0.00023
     484    500       -0.00048
     484    507       -0.00015
     484    513        0.00013
     486    495        0.00058
     486    496       -0.00092
     486    499       -0.00024
     486    504       -0.00011
     489    495       -0.01293
     489    496        0.00679
     489    499        0.00391
     489    500        0.00223
     489    504        0.00082
     489    505       -0.00081
     489    513        0.00029
     489    515       -0.00012
     489    525       -0.00011
     490    495       -0.00637
     490    496        0.00482
     490    499        0.00207
     490    500        0.00123
     490    504        0.00040
     490    505       -0.00040
     490    513        0.00014
     491    495       -0.00790
     491    496        0.00389
     491    499        0.00142
     491    500        0.00068
     491    504        0.00028
     491    505       -0.00024
     493    495        0.06955
     493    496        0.70214
     493    499        0.03570
     493    500        0.02184
     493    504        0.00265
     493    505       -0.00203
     493    507        0.00156
     493    509        0.00011
     493    513        0.00070
     493    515        0.00063
     493    520       -0.00013
     493    525        0.00041
     493    526       -0.00032
     493    529       -0.00010
     493    530       -0.00053
     493    536       -0.00025
     493    543       -0.00016
     493    544        0.00019
     493    547       -0.00023
     493    558       -0.00012
     494    496        0.00041
