     247    497        0.00010
     441    498       -0.00018
     447    497        0.00015
     448    497        0.00026
     449    497       -0.00012
     449    498       -0.00016
     453    498        0.00013
     456    498        0.00021
     459    498        0.00013
     464    497       -0.00049
     464    498        0.00030
     466    497       -0.00010
     466    498        0.00013
     468    497       -0.00047
     468    498        0.00036
     468    506        0.00010
     468    508        0.00013
     469    497       -0.00013
     473    497       -0.00021
     473    508       -0.00011
     478    497       -0.00040
     478    498       -0.00015
     478    508       -0.00011
     479    497        0.00032
     479    498        0.00018
     479    508        0.00011
     482    497        0.00120
     482    498       -0.00016
     482    501        0.00016
     482    502        0.00016
     482    506        0.00021
     482    508        0.00031
     483    497       -0.00136
     483    498        0.00029
     483    501       -0.00012
     483    502       -0.00013
     483    508       -0.00015
     485    497        0.00016
     485    508       -0.00026
     485    514        0.00016
     485    516        0.00011
     487    497       -0.00417
     487    498        0.00275
     487    502       -0.00013
     487    506       -0.00013
     487    508       -0.00014
     487    514        0.00013
     488    497        0.01738
     488    498       -0.01054
     488    501       -0.00010
     488    502        0.00041
     488    503        0.00050
     488    506        0.00015
     488    514       -0.00022
     488    516       -0.00019
     492    497       -0.01963
     492    498        0.01092
     492    501        0.00025
     492    502       -0.00022
     492    503       -0.00051
     492    508        0.00034
     493    497       -0.00057
     494    497        0.69918
     494    498       -0.10083
     494    501        0.00108
     494    502        0.00163
     494    503        0.00359
     494    506       -0.00125
     494    508       -0.00208
     494    514        0.00064
     494    518        0.00012
     494    532       -0.00013
     494    533       -0.00076
     494    535       -0.00013
     494    537       -0.00010
     494    539        0.00016
     494    542        0.00025
     494    543       -0.00010
     494    544       -0.00017
     494    545       -0.00013
     494    548        0.00022
     494    570       -0.00022
     494    571       -0.00015
     494    577       -0.00010
     494    579        0.00013
     494    581       -0.00011
     494    583       -0.00013
     494    584       -0.00014
     494    591        0.00016
