     254    495       -0.00011
     257    495        0.00014
     438    495       -0.00016
     442    495       -0.00029
     450    495        0.00059
     454    495        0.00081
     454    496       -0.00019
     454    500        0.00011
     457    495        0.00101
     460    495        0.00049
     462    495        0.00027
     463    495       -0.00017
     465    500       -0.00015
     465    507       -0.00012
     472    495       -0.00034
     472    496        0.00025
     472    499        0.00014
     472    500        0.00013
     472    507        0.00010
     474    495       -0.00141
     474    496        0.00052
     474    499        0.00013
     475    496       -0.00010
     476    495       -0.00066
     476    496        0.00030
     477    496       -0.00019
     477    499       -0.00017
     477    500       -0.00020
     477    507       -0.00012
     481    495       -0.00054
     481    496        0.00021
     484    495        0.00380
     484    496       -0.00143
     484    499       -0.00025
     484    500        0.00023
     486    495       -0.00576
     486    496        0.00151
     486    499        0.00019
     486    500       -0.00035
     486    507       -0.00020
     486    513        0.00021
     489    495        0.02747
     489    496       -0.00644
     489    499       -0.00100
     489    500        0.00054
     489    504       -0.00028
     489    513       -0.00025
     489    515        0.00012
     490    495       -0.04546
     490    496        0.01322
     490    499        0.00313
     490    500        0.00065
     490    504        0.00065
     490    505       -0.00036
     490    507        0.00061
     490    513        0.00027
     490    515       -0.00016
     491    495        0.70107
     491    496       -0.07109
     491    499       -0.01156
     491    500       -0.00209
     491    504       -0.00277
     491    505        0.00167
     491    507       -0.00290
     491    509       -0.00016
     491    513        0.00024
     491    515        0.00020
     491    525        0.00023
     491    526        0.00012
     491    530        0.00031
     491    531       -0.00023
     491    532       -0.00012
     491    534        0.00026
     491    536        0.00018
     491    538       -0.00016
     491    540       -0.00010
     491    544       -0.00011
     491    546        0.00024
     491    547        0.00037
     491    549        0.00033
     491    554       -0.00010
     491    558        0.00017
     491    570        0.00029
     491    584       -0.00017
     491    593        0.00010
     491    596        0.00015
     491    605       -0.00012
     491    606       -0.00014
     491    762       -0.00010
     493    495       -0.00916
     493    496        0.00932
     493    499       -0.00220
     493    500        0.00220
     493    504       -0.00016
     493    507        0.00013
     493    513       -0.00021
     493    515        0.00010
