-0.88984644E+02
-0.88979978E+02
-0.88937911E+02
-0.88936761E+02
-0.88936725E+02
-0.88934923E+02
-0.88934367E+02
-0.88930978E+02
-0.88929902E+02
-0.88924696E+02
-0.24761990E+02
-0.24761561E+02
-0.24758404E+02
-0.24757014E+02
-0.24750539E+02
-0.24750474E+02
-0.24748279E+02
-0.24747848E+02
-0.19168098E+02
-0.19160904E+02
-0.19160640E+02
-0.19158565E+02
-0.14424812E+02
-0.14419744E+02
-0.14419505E+02
-0.14416421E+02
-0.14385000E+02
-0.14383492E+02
-0.14381863E+02
-0.14381772E+02
-0.14378829E+02
-0.14378633E+02
-0.14372612E+02
-0.14371945E+02
-0.14370923E+02
-0.14368098E+02
-0.14365047E+02
-0.14350257E+02
-0.10320396E+02
-0.10318849E+02
-0.10318039E+02
-0.10312333E+02
-0.10310479E+02
-0.10309366E+02
-0.10307667E+02
-0.10303477E+02
-0.10298289E+02
-0.10297224E+02
-0.10294565E+02
-0.10294556E+02
-0.10291946E+02
-0.10286550E+02
-0.10283680E+02
-0.10282630E+02
-0.10277505E+02
-0.10274961E+02
-0.10274687E+02
-0.10273466E+02
-0.10273428E+02
-0.10273104E+02
-0.10270952E+02
-0.10270229E+02
-0.10269085E+02
-0.10267536E+02
-0.10267406E+02
-0.10267233E+02
-0.10266374E+02
-0.10264837E+02
-0.10263434E+02
-0.10261137E+02
-0.10258819E+02
-0.10258586E+02
-0.10257142E+02
-0.10255893E+02
-0.10254667E+02
-0.10254398E+02
-0.10253810E+02
-0.10253416E+02
-0.10253158E+02
-0.10252921E+02
-0.10252054E+02
-0.10251746E+02
-0.10251505E+02
-0.10251391E+02
-0.10251065E+02
-0.10249361E+02
-0.10248703E+02
-0.10248091E+02
-0.10247608E+02
-0.10247185E+02
-0.10246626E+02
-0.10246153E+02
-0.10244556E+02
-0.10244032E+02
-0.10243247E+02
-0.10242473E+02
-0.10242471E+02
-0.10242005E+02
-0.10241384E+02
-0.10240998E+02
-0.10240619E+02
-0.10239852E+02
-0.10238760E+02
-0.10238376E+02
-0.10237480E+02
-0.10237450E+02
-0.10237359E+02
-0.10237161E+02
-0.10234783E+02
-0.10233732E+02
-0.10232782E+02
-0.10231185E+02
-0.10230231E+02
-0.10230119E+02
-0.10230064E+02
-0.10227948E+02
-0.10227558E+02
-0.10227191E+02
-0.10226820E+02
-0.10226077E+02
-0.10224299E+02
-0.10222788E+02
-0.10222302E+02
-0.10221020E+02
-0.10219309E+02
-0.10218028E+02
-0.10216552E+02
-0.10215211E+02
-0.10215104E+02
-0.10213882E+02
-0.10209194E+02
-0.10205262E+02
-0.10201438E+02
-0.10200639E+02
-0.80323135E+01
-0.80270349E+01
-0.79906244E+01
-0.79893136E+01
-0.79874244E+01
-0.79872475E+01
-0.79864759E+01
-0.79839121E+01
-0.79822960E+01
-0.79777309E+01
-0.59990488E+01
-0.59939762E+01
-0.59932025E+01
-0.59915783E+01
-0.59883901E+01
-0.59857278E+01
-0.59565640E+01
-0.59553091E+01
-0.59535674E+01
-0.59532021E+01
-0.59525851E+01
-0.59525114E+01
-0.59513391E+01
-0.59500083E+01
-0.59499581E+01
-0.59497456E+01
-0.59485845E+01
-0.59485440E+01
-0.59484993E+01
-0.59471541E+01
-0.59464185E+01
-0.59450306E+01
-0.59448425E+01
-0.59447519E+01
-0.59442842E+01
-0.59437630E+01
-0.59412429E+01
-0.59404214E+01
-0.59394872E+01
-0.59349279E+01
-0.12871451E+01
-0.12834318E+01
-0.12763543E+01
-0.12712440E+01
-0.12592187E+01
-0.12507720E+01
-0.12446233E+01
-0.12402574E+01
-0.10799180E+01
-0.10591058E+01
-0.10450427E+01
-0.10427705E+01
-0.10331385E+01
-0.10292519E+01
-0.10198170E+01
-0.10154654E+01
-0.10127250E+01
-0.10038993E+01
-0.96492254E+00
-0.95660730E+00
-0.95379704E+00
-0.95140321E+00
-0.94584135E+00
-0.94540015E+00
-0.94178695E+00
-0.93771504E+00
-0.93742057E+00
-0.93603408E+00
-0.93021155E+00
-0.92657484E+00
-0.92634355E+00
-0.92469498E+00
-0.92395611E+00
-0.90845306E+00
-0.89604063E+00
-0.89531240E+00
-0.89263015E+00
-0.88919753E+00
-0.88893154E+00
-0.88685410E+00
-0.88410956E+00
-0.88307208E+00
-0.87532241E+00
-0.87436869E+00
-0.87381073E+00
-0.86705868E+00
-0.84034753E+00
-0.83863929E+00
-0.83764951E+00
-0.83350032E+00
-0.82542912E+00
-0.82233286E+00
-0.81828465E+00
-0.81380594E+00
-0.81291055E+00
-0.81066764E+00
-0.80987764E+00
-0.80838469E+00
-0.80732941E+00
-0.80532022E+00
-0.80132434E+00
-0.80090019E+00
-0.79835132E+00
-0.79603349E+00
-0.79548210E+00
-0.79170117E+00
-0.77509082E+00
-0.76662598E+00
-0.75749056E+00
-0.75239827E+00
-0.75198052E+00
-0.74850072E+00
-0.74686043E+00
-0.74160544E+00
-0.72858064E+00
-0.72520742E+00
-0.72269153E+00
-0.72005240E+00
-0.71618664E+00
-0.71442799E+00
-0.71159369E+00
-0.70927674E+00
-0.70759140E+00
-0.70568170E+00
-0.70393912E+00
-0.70005399E+00
-0.69761436E+00
-0.69354053E+00
-0.69317775E+00
-0.69129957E+00
-0.68332794E+00
-0.67555026E+00
-0.66683631E+00
-0.66192245E+00
-0.65380530E+00
-0.65302208E+00
-0.64569266E+00
-0.64507413E+00
-0.64297644E+00
-0.64250204E+00
-0.64140415E+00
-0.63786120E+00
-0.63483167E+00
-0.63095835E+00
-0.62749679E+00
-0.62204330E+00
-0.61839840E+00
-0.60978792E+00
-0.60875212E+00
-0.60071448E+00
-0.59941374E+00
-0.59787575E+00
-0.59338424E+00
-0.59165781E+00
-0.58871880E+00
-0.58663214E+00
-0.58549268E+00
-0.58460767E+00
-0.57972286E+00
-0.57437042E+00
-0.57304662E+00
-0.57243694E+00
-0.56855854E+00
-0.56749807E+00
-0.56578193E+00
-0.56253050E+00
-0.56127913E+00
-0.56087017E+00
-0.55742730E+00
-0.55565772E+00
-0.55299629E+00
-0.55050258E+00
-0.54578106E+00
-0.54407395E+00
-0.53645374E+00
-0.53413869E+00
-0.53289519E+00
-0.52781230E+00
-0.52597964E+00
-0.52470301E+00
-0.52355780E+00
-0.52222758E+00
-0.52163186E+00
-0.52037031E+00
-0.52028511E+00
-0.51845137E+00
-0.51639507E+00
-0.51556776E+00
-0.51388924E+00
-0.51295059E+00
-0.50980095E+00
-0.50967104E+00
-0.50633493E+00
-0.50600945E+00
-0.50472692E+00
-0.50229419E+00
-0.50089902E+00
-0.49979813E+00
-0.49849892E+00
-0.49659751E+00
-0.48682092E+00
-0.48587476E+00
-0.48476159E+00
-0.48401860E+00
-0.48248925E+00
-0.48224740E+00
-0.47983121E+00
-0.47755342E+00
-0.47641800E+00
-0.47417458E+00
-0.47345552E+00
-0.47100376E+00
-0.47055496E+00
-0.46912925E+00
-0.46756160E+00
-0.46622051E+00
-0.46592275E+00
-0.46575463E+00
-0.46522430E+00
-0.46441496E+00
-0.46410704E+00
-0.46169952E+00
-0.46148218E+00
-0.45977358E+00
-0.45959450E+00
-0.45854529E+00
-0.45728732E+00
-0.45456591E+00
-0.45414134E+00
-0.45321880E+00
-0.45232092E+00
-0.44969585E+00
-0.44631553E+00
-0.44515075E+00
-0.44235406E+00
-0.43862859E+00
-0.43710532E+00
-0.43690385E+00
-0.43648542E+00
-0.43499252E+00
-0.43397347E+00
-0.43291455E+00
-0.43262545E+00
-0.43152632E+00
-0.43109561E+00
-0.42994030E+00
-0.42955082E+00
-0.42948039E+00
-0.42876094E+00
-0.42767463E+00
-0.42686799E+00
-0.42559015E+00
-0.42523010E+00
-0.42512058E+00
-0.42439073E+00
-0.42313064E+00
-0.42247914E+00
-0.42063021E+00
-0.41881782E+00
-0.41861015E+00
-0.41860037E+00
-0.41460234E+00
-0.41345696E+00
-0.41176763E+00
-0.41091467E+00
-0.40768270E+00
-0.40751067E+00
-0.40684181E+00
-0.40532343E+00
-0.40477962E+00
-0.40217952E+00
-0.40044961E+00
-0.39931256E+00
-0.39855416E+00
-0.39791662E+00
-0.39703539E+00
-0.39685975E+00
-0.39614937E+00
-0.39545966E+00
-0.39310694E+00
-0.39041646E+00
-0.38927173E+00
-0.38825756E+00
-0.38785115E+00
-0.38764012E+00
-0.38719570E+00
-0.38702395E+00
-0.38660249E+00
-0.38519607E+00
-0.38441023E+00
-0.38380288E+00
-0.38365399E+00
-0.38277851E+00
-0.38203353E+00
-0.37934760E+00
-0.37678596E+00
-0.37563279E+00
-0.37415493E+00
-0.37203854E+00
-0.36984897E+00
-0.36866869E+00
-0.36744253E+00
-0.36647354E+00
-0.36563403E+00
-0.36405502E+00
-0.36372713E+00
-0.36288688E+00
-0.35876047E+00
-0.35751994E+00
-0.35658862E+00
-0.35573889E+00
-0.35519782E+00
-0.35363631E+00
-0.35220589E+00
-0.35116108E+00
-0.34916968E+00
-0.34711319E+00
-0.34655725E+00
-0.34357378E+00
-0.34355401E+00
-0.33942285E+00
-0.33882722E+00
-0.33780642E+00
-0.33756657E+00
-0.33516116E+00
-0.33069702E+00
-0.31496420E+00
-0.31344996E+00
-0.31286584E+00
-0.31079802E+00
-0.30953219E+00
-0.30862637E+00
-0.29692026E+00
-0.29626364E+00
-0.29289820E+00
-0.29149031E+00
-0.28735879E+00
-0.28433447E+00
-0.27969051E+00
-0.27854430E+00
-0.27365237E+00
-0.27335855E+00
-0.27317788E+00
-0.27258246E+00
-0.27244823E+00
-0.27029503E+00
-0.26933419E+00
-0.26838164E+00
-0.26635175E+00
-0.26442392E+00
-0.25952928E+00
-0.25928477E+00
-0.24084646E+00
-0.23925843E+00
-0.23748425E+00
-0.23623957E+00
-0.22671009E+00
-0.22455863E+00
-0.20796316E+00
-0.20718797E+00
-0.13071902E+00
-0.12163406E+00
-0.11946112E+00
-0.11168457E+00
-0.11065223E+00
-0.10579504E+00
-0.94486801E-01
-0.93408600E-01
-0.89692070E-01
-0.87120334E-01
-0.57539211E-01
-0.53859973E-01
-0.48654697E-01
-0.45319755E-01
-0.36643652E-01
-0.35450819E-01
-0.30959720E-01
-0.27804284E-01
-0.26174347E-01
-0.24366154E-01
-0.18321207E-01
-0.16106052E-01
-0.14369289E-01
-0.12244574E-01
-0.10935348E-01
-0.93221978E-02
-0.73702405E-02
-0.61817214E-02
-0.59584598E-02
-0.46374344E-02
-0.38135366E-02
-0.29815211E-02
-0.18268472E-02
-0.10522531E-02
-0.50946827E-03
 0.12063075E-03
 0.63841563E-03
 0.15939251E-02
 0.22660016E-02
 0.25803359E-02
 0.28859273E-02
 0.37472834E-02
 0.47237080E-02
 0.49220147E-02
 0.73092759E-02
 0.81522624E-02
 0.90509025E-02
 0.10455766E-01
 0.10756082E-01
 0.10893584E-01
 0.11162958E-01
 0.12750761E-01
 0.14063002E-01
 0.15079494E-01
 0.15241184E-01
 0.16204276E-01
 0.17279223E-01
 0.17652928E-01
 0.19056436E-01
 0.19692840E-01
 0.20622039E-01
 0.20896160E-01
 0.22062487E-01
 0.22832190E-01
 0.23370940E-01
 0.23690299E-01
 0.23910284E-01
 0.24419368E-01
 0.26416271E-01
 0.28206278E-01
 0.28995852E-01
 0.29506016E-01
 0.29984086E-01
 0.31427416E-01
 0.32169354E-01
 0.35176038E-01
 0.35768661E-01
 0.36477083E-01
 0.36582574E-01
 0.37030679E-01
 0.37215509E-01
 0.37583300E-01
 0.38680857E-01
 0.38839300E-01
 0.39966978E-01
 0.40611206E-01
 0.40905440E-01
 0.41092345E-01
 0.41859165E-01
 0.42971488E-01
 0.44297585E-01
 0.45188925E-01
 0.45941202E-01
 0.47081512E-01
 0.47549184E-01
 0.47996269E-01
 0.48802977E-01
 0.50760145E-01
 0.50950140E-01
 0.51887702E-01
 0.52944940E-01
 0.53444414E-01
 0.54319362E-01
 0.55180707E-01
 0.55837382E-01
 0.56542970E-01
 0.57084100E-01
 0.57847846E-01
 0.58637066E-01
 0.59982723E-01
 0.60333025E-01
 0.61211825E-01
 0.61840120E-01
 0.62920037E-01
 0.63491258E-01
 0.64553115E-01
 0.65072387E-01
 0.65634609E-01
 0.66934016E-01
 0.67213566E-01
 0.67843013E-01
 0.68890844E-01
 0.69414865E-01
 0.70665004E-01
 0.71131114E-01
 0.71587032E-01
 0.71774312E-01
 0.72157507E-01
 0.72552244E-01
 0.73529182E-01
 0.73819977E-01
 0.74132307E-01
 0.74622692E-01
 0.74965394E-01
 0.75944141E-01
 0.76612958E-01
 0.77380938E-01
 0.78401841E-01
 0.79283274E-01
 0.80166000E-01
 0.81121139E-01
 0.81409535E-01
 0.81648512E-01
 0.82689759E-01
 0.82820006E-01
 0.84302021E-01
 0.84523368E-01
 0.86078247E-01
 0.86433008E-01
 0.86825029E-01
 0.86919287E-01
 0.88428895E-01
 0.88893226E-01
 0.90414826E-01
 0.91166736E-01
 0.91600111E-01
 0.92530527E-01
 0.93549014E-01
 0.93847654E-01
 0.94223441E-01
 0.94482117E-01
 0.95647434E-01
 0.96247521E-01
 0.97199736E-01
 0.97836865E-01
 0.98476823E-01
 0.99400494E-01
 0.99680765E-01
 0.10031940E+00
 0.10143106E+00
 0.10204688E+00
 0.10302233E+00
 0.10364310E+00
 0.10432369E+00
 0.10492212E+00
 0.10557124E+00
 0.10593563E+00
 0.10755570E+00
 0.10778730E+00
 0.10844212E+00
 0.10980616E+00
 0.11054247E+00
 0.11102498E+00
 0.11298798E+00
 0.11337170E+00
 0.11464829E+00
 0.11572091E+00
 0.11660230E+00
 0.11694481E+00
 0.11768804E+00
 0.11829243E+00
 0.11868522E+00
 0.11931720E+00
 0.12022547E+00
 0.12127657E+00
 0.12156822E+00
 0.12215970E+00
 0.12333424E+00
 0.12369342E+00
 0.12411829E+00
 0.12424704E+00
 0.12558924E+00
 0.12578105E+00
 0.12684294E+00
 0.12733750E+00
 0.12754878E+00
 0.12819827E+00
 0.12880283E+00
 0.13009466E+00
 0.13114081E+00
 0.13125789E+00
 0.13278078E+00
 0.13336714E+00
 0.13360220E+00
 0.13414290E+00
 0.13508237E+00
 0.13528176E+00
 0.13676609E+00
 0.13770621E+00
 0.13841960E+00
 0.13873044E+00
 0.13925040E+00
 0.13993746E+00
 0.14037799E+00
 0.14100590E+00
 0.14172650E+00
 0.14210042E+00
 0.14320811E+00
 0.14347662E+00
 0.14401416E+00
 0.14453602E+00
 0.14534072E+00
 0.14595026E+00
 0.14674527E+00
 0.14682378E+00
 0.14753344E+00
 0.14828724E+00
 0.14880406E+00
 0.14939014E+00
 0.15048039E+00
 0.15125616E+00
 0.15153268E+00
 0.15329290E+00
 0.15370703E+00
 0.15412525E+00
 0.15470534E+00
 0.15643066E+00
 0.15655634E+00
 0.15689452E+00
 0.15735800E+00
 0.15807431E+00
 0.15813810E+00
 0.15919751E+00
 0.16007850E+00
 0.16127928E+00
 0.16178184E+00
 0.16236186E+00
 0.16241567E+00
 0.16302799E+00
 0.16372052E+00
 0.16409129E+00
 0.16493409E+00
 0.16517106E+00
 0.16536212E+00
 0.16576251E+00
 0.16637491E+00
 0.16710920E+00
 0.16767907E+00
 0.16795574E+00
 0.16856424E+00
 0.16889119E+00
 0.16957694E+00
 0.17009714E+00
 0.17046830E+00
 0.17155214E+00
 0.17180919E+00
 0.17374072E+00
 0.17495474E+00
 0.17518768E+00
 0.17546404E+00
 0.17640952E+00
 0.17664722E+00
 0.17749161E+00
 0.17788608E+00
 0.17857410E+00
 0.17924264E+00
 0.17937858E+00
 0.17964278E+00
 0.18071913E+00
 0.18115848E+00
 0.18152339E+00
 0.18207812E+00
 0.18238331E+00
 0.18313928E+00
 0.18367319E+00
 0.18451128E+00
 0.18511906E+00
 0.18557868E+00
 0.18615122E+00
 0.18637535E+00
 0.18686945E+00
 0.18742788E+00
 0.18803788E+00
 0.18832827E+00
 0.18852275E+00
 0.18996016E+00
 0.19026161E+00
 0.19124986E+00
 0.19194187E+00
 0.19198632E+00
 0.19290268E+00
 0.19358468E+00
 0.19389951E+00
 0.19435972E+00
 0.19518032E+00
 0.19559993E+00
 0.19625438E+00
 0.19682805E+00
 0.19764898E+00
 0.19859362E+00
 0.19934031E+00
 0.19992030E+00
 0.20037933E+00
 0.20128697E+00
 0.20306590E+00
 0.20379053E+00
 0.20553306E+00
 0.20590894E+00
 0.20677953E+00
 0.20744984E+00
 0.20812411E+00
 0.20848938E+00
 0.20907121E+00
 0.20950320E+00
 0.21021776E+00
 0.21093446E+00
 0.21186942E+00
 0.21257203E+00
 0.21297500E+00
 0.21356864E+00
 0.21426888E+00
 0.21495414E+00
 0.21539462E+00
 0.21615282E+00
 0.21678343E+00
 0.21693135E+00
 0.21738368E+00
 0.21821235E+00
 0.21899050E+00
 0.21966595E+00
 0.22042890E+00
 0.22125284E+00
 0.22205033E+00
 0.22237195E+00
 0.22286523E+00
 0.22401124E+00
 0.22448801E+00
 0.22458730E+00
 0.22492707E+00
 0.22507893E+00
 0.22563058E+00
 0.22677204E+00
 0.22749818E+00
 0.22761098E+00
 0.22805300E+00
 0.22880141E+00
 0.22963792E+00
 0.23047579E+00
 0.23055152E+00
 0.23121323E+00
 0.23307074E+00
 0.23409561E+00
 0.23464734E+00
 0.23532055E+00
 0.23625711E+00
 0.23664681E+00
 0.23745557E+00
 0.23818942E+00
 0.23892789E+00
 0.23925416E+00
 0.23997018E+00
 0.24018660E+00
 0.24086392E+00
 0.24121816E+00
 0.24191290E+00
 0.24237194E+00
 0.24295409E+00
 0.24303178E+00
 0.24417079E+00
 0.24480185E+00
 0.24507322E+00
 0.24528668E+00
 0.24672175E+00
 0.24701832E+00
 0.24799128E+00
 0.24868621E+00
 0.24955483E+00
 0.25008578E+00
 0.25078060E+00
 0.25129996E+00
 0.25198842E+00
 0.25330772E+00
 0.25362153E+00
 0.25381150E+00
 0.25470631E+00
 0.25498359E+00
 0.25530737E+00
 0.25580636E+00
 0.25655522E+00
 0.25685840E+00
 0.25717493E+00
 0.25758922E+00
 0.25802421E+00
 0.25879152E+00
 0.25958641E+00
 0.26007636E+00
 0.26102870E+00
 0.26206169E+00
 0.26242440E+00
 0.26351339E+00
 0.26357621E+00
 0.26410428E+00
 0.26507583E+00
 0.26523510E+00
 0.26605791E+00
 0.26642333E+00
 0.26688978E+00
 0.26751746E+00
 0.26847356E+00
 0.26874807E+00
 0.26908033E+00
 0.26949720E+00
 0.27115190E+00
 0.27141072E+00
 0.27173805E+00
 0.27253098E+00
 0.27290274E+00
 0.27395723E+00
 0.27464117E+00
 0.27520006E+00
 0.27555031E+00
 0.27570686E+00
 0.27627435E+00
 0.27677819E+00
 0.27783689E+00
 0.27824494E+00
 0.27892451E+00
 0.27978904E+00
 0.28040866E+00
 0.28212448E+00
 0.28251965E+00
 0.28308315E+00
 0.28459534E+00
 0.28468839E+00
 0.28535038E+00
 0.28541790E+00
 0.28664434E+00
 0.28718854E+00
 0.28736616E+00
 0.28881960E+00
 0.28915471E+00
 0.28975593E+00
 0.29035540E+00
 0.29065522E+00
 0.29137297E+00
 0.29232893E+00
 0.29292932E+00
 0.29348364E+00
 0.29425716E+00
 0.29459453E+00
 0.29596885E+00
 0.29658337E+00
 0.29663076E+00
 0.29701565E+00
 0.29806760E+00
 0.29838922E+00
 0.29913925E+00
 0.30055510E+00
 0.30152863E+00
 0.30210203E+00
 0.30266400E+00
 0.30368042E+00
 0.30395123E+00
 0.30491052E+00
 0.30556525E+00
 0.30633738E+00
 0.30694564E+00
 0.30769732E+00
 0.30882252E+00
 0.30958114E+00
 0.31001066E+00
 0.31054575E+00
 0.31063816E+00
 0.31173633E+00
 0.31233826E+00
 0.31287952E+00
 0.31326183E+00
 0.31390639E+00
 0.31456763E+00
 0.31556699E+00
 0.31578080E+00
 0.31631417E+00
 0.31706832E+00
 0.31837364E+00
 0.31950538E+00
 0.31979910E+00
 0.32099519E+00
 0.32120656E+00
 0.32188807E+00
 0.32303645E+00
 0.32320499E+00
 0.32400381E+00
 0.32521321E+00
 0.32583365E+00
 0.32633314E+00
 0.32676300E+00
 0.32732386E+00
 0.32764217E+00
 0.32829977E+00
 0.32889994E+00
 0.32925405E+00
 0.32980140E+00
 0.33023669E+00
 0.33128146E+00
 0.33223918E+00
 0.33272631E+00
 0.33348301E+00
 0.33425478E+00
 0.33460160E+00
 0.33477690E+00
 0.33535868E+00
 0.33655828E+00
 0.33672110E+00
 0.33708450E+00
 0.33819430E+00
 0.33908690E+00
 0.33940507E+00
 0.33973778E+00
 0.34005793E+00
 0.34144387E+00
 0.34214251E+00
 0.34308445E+00
 0.34555070E+00
 0.34580454E+00
 0.34692764E+00
 0.34737067E+00
 0.34748003E+00
 0.34869779E+00
 0.34941097E+00
 0.35026666E+00
 0.35226389E+00
 0.35298549E+00
 0.35369592E+00
 0.35558546E+00
 0.35570043E+00
 0.35679022E+00
 0.35715358E+00
 0.35826812E+00
 0.35847902E+00
 0.35939499E+00
 0.36073092E+00
 0.36183238E+00
 0.36232594E+00
 0.36367046E+00
 0.36392470E+00
 0.36501159E+00
 0.36645385E+00
 0.36772278E+00
 0.36808151E+00
 0.36880178E+00
 0.36993797E+00
 0.37024124E+00
 0.37105344E+00
 0.37137605E+00
 0.37155718E+00
 0.37304922E+00
 0.37407841E+00
 0.37494175E+00
 0.37577172E+00
 0.37659473E+00
 0.37744415E+00
 0.37829257E+00
 0.37935718E+00
 0.37993857E+00
 0.38043958E+00
 0.38072384E+00
 0.38355719E+00
 0.38422468E+00
 0.38517869E+00
 0.38597679E+00
 0.38621517E+00
 0.38743499E+00
 0.38754523E+00
 0.38933202E+00
 0.38976373E+00
 0.38997246E+00
 0.39145493E+00
 0.39229321E+00
 0.39302542E+00
 0.39478806E+00
 0.39566117E+00
 0.39619947E+00
 0.39832275E+00
 0.40003161E+00
 0.40170632E+00
 0.40209588E+00
 0.40263402E+00
 0.40341382E+00
 0.40435948E+00
 0.40562589E+00
 0.40616601E+00
 0.40778407E+00
 0.40824994E+00
 0.41017791E+00
 0.41062138E+00
 0.41217960E+00
 0.41291759E+00
 0.41351317E+00
 0.41469204E+00
 0.41512424E+00
 0.41774286E+00
 0.41953971E+00
 0.42091163E+00
 0.42310146E+00
 0.42344649E+00
 0.42486014E+00
 0.42679132E+00
 0.42748210E+00
 0.42980234E+00
 0.43073017E+00
 0.43391228E+00
 0.43521219E+00
 0.43584150E+00
 0.43642347E+00
 0.43730276E+00
 0.43893826E+00
 0.43938025E+00
 0.44156594E+00
 0.44323730E+00
 0.44529378E+00
 0.44633003E+00
 0.44883750E+00
 0.44943193E+00
 0.45178465E+00
 0.45423803E+00
 0.45582257E+00
 0.45754075E+00
 0.45852543E+00
 0.45902801E+00
 0.46015328E+00
 0.46272166E+00
 0.46456859E+00
 0.46495169E+00
 0.46682338E+00
 0.46709604E+00
 0.46861284E+00
 0.46976151E+00
 0.47244548E+00
 0.47286672E+00
 0.47351658E+00
 0.47709434E+00
 0.47751100E+00
 0.48007383E+00
 0.48201040E+00
 0.48324428E+00
 0.48562353E+00
 0.48630383E+00
 0.48663532E+00
 0.48820443E+00
 0.49049076E+00
 0.49105746E+00
 0.49331930E+00
 0.49429891E+00
 0.49593977E+00
 0.49831139E+00
 0.50154039E+00
 0.50339870E+00
 0.50370260E+00
 0.50573354E+00
 0.50661705E+00
 0.50905753E+00
 0.51094419E+00
 0.51300131E+00
 0.51392518E+00
 0.51565087E+00
 0.51665846E+00
 0.51859024E+00
 0.52132881E+00
 0.52314353E+00
 0.52376922E+00
 0.52469783E+00
 0.52516536E+00
 0.52687097E+00
 0.52784915E+00
 0.52813605E+00
 0.52975636E+00
 0.53038384E+00
 0.53230712E+00
 0.53549297E+00
 0.53923851E+00
 0.54065090E+00
 0.54309824E+00
 0.54473075E+00
 0.54492088E+00
 0.54599757E+00
 0.54876531E+00
 0.54924583E+00
 0.55146442E+00
 0.55296309E+00
 0.55482304E+00
 0.55903561E+00
 0.55990931E+00
 0.56167579E+00
 0.56581592E+00
 0.56619009E+00
 0.57033048E+00
 0.57531145E+00
 0.57597055E+00
 0.58673148E+00
 0.58778686E+00
 0.58958447E+00
 0.59091038E+00
 0.59245324E+00
 0.59722399E+00
 0.60036981E+00
 0.60137784E+00
 0.60693807E+00
 0.60884578E+00
 0.61809160E+00
 0.62109156E+00
 0.62127955E+00
 0.62354535E+00
 0.62560534E+00
 0.62695613E+00
 0.62873431E+00
 0.62947110E+00
 0.63164624E+00
 0.63445808E+00
 0.63570564E+00
 0.63613366E+00
 0.63695527E+00
 0.63766139E+00
 0.63809206E+00
 0.63886425E+00
 0.64019564E+00
 0.64212409E+00
 0.64254780E+00
 0.64323683E+00
 0.64473976E+00
 0.64583806E+00
 0.64641387E+00
 0.64683986E+00
 0.64798484E+00
 0.64906939E+00
 0.64940438E+00
 0.65036479E+00
 0.65193781E+00
 0.65319938E+00
 0.65461721E+00
 0.65578350E+00
 0.65685180E+00
 0.65904844E+00
 0.65987654E+00
 0.66027772E+00
 0.66254640E+00
 0.66317437E+00
 0.66512082E+00
 0.66551432E+00
 0.66705769E+00
 0.66937836E+00
 0.67096088E+00
 0.67136604E+00
 0.67465376E+00
 0.67686568E+00
 0.67721810E+00
 0.67824399E+00
 0.67869309E+00
 0.67921421E+00
 0.67954302E+00
 0.67978781E+00
 0.68073504E+00
 0.68173682E+00
 0.68343187E+00
 0.68441600E+00
 0.68483041E+00
 0.68577642E+00
 0.68647078E+00
 0.68795804E+00
 0.68847615E+00
 0.68877130E+00
 0.69058077E+00
 0.69175753E+00
 0.69297282E+00
 0.69387218E+00
 0.69415093E+00
 0.69472580E+00
 0.69650515E+00
 0.69710419E+00
 0.69842945E+00
 0.69994512E+00
 0.70088229E+00
 0.70123804E+00
 0.70358256E+00
 0.70370674E+00
 0.70837218E+00
 0.70929215E+00
 0.70995958E+00
 0.71165369E+00
 0.71270659E+00
 0.71373830E+00
 0.71517899E+00
 0.71647762E+00
 0.71679951E+00
 0.71744263E+00
 0.71775283E+00
 0.71803114E+00
 0.71858474E+00
 0.71958375E+00
 0.71995435E+00
 0.72212252E+00
 0.72315049E+00
 0.72392959E+00
 0.72497928E+00
 0.72591933E+00
 0.72779600E+00
 0.73044597E+00
 0.73085239E+00
 0.73134021E+00
 0.73183601E+00
 0.73245804E+00
 0.73344444E+00
 0.73406477E+00
 0.73450724E+00
 0.73550831E+00
 0.73610811E+00
 0.73813997E+00
 0.73972737E+00
 0.74105664E+00
 0.74188170E+00
 0.74247794E+00
 0.74280384E+00
 0.74404991E+00
 0.74568850E+00
 0.74737961E+00
 0.74779371E+00
 0.74971439E+00
 0.75177004E+00
 0.75225492E+00
 0.75354164E+00
 0.75576010E+00
 0.75634177E+00
 0.75747804E+00
 0.75849608E+00
 0.76032103E+00
 0.76320335E+00
 0.76424986E+00
 0.76540720E+00
 0.76610940E+00
 0.76678230E+00
 0.76755772E+00
 0.76861183E+00
 0.76951174E+00
 0.77182258E+00
 0.77254872E+00
 0.77373930E+00
 0.77593538E+00
 0.77714366E+00
 0.77759890E+00
 0.77790317E+00
 0.77946996E+00
 0.78109837E+00
 0.78227608E+00
 0.78345499E+00
 0.78418900E+00
 0.78441318E+00
 0.78468468E+00
 0.78507770E+00
 0.78701024E+00
 0.78829416E+00
 0.79184098E+00
 0.79380685E+00
 0.79541961E+00
 0.79804012E+00
 0.80126095E+00
 0.80143923E+00
 0.80242097E+00
 0.80411690E+00
 0.80513424E+00
 0.80733868E+00
 0.80803604E+00
 0.80924662E+00
 0.81177812E+00
 0.81230316E+00
 0.81305473E+00
 0.81500059E+00
 0.81547439E+00
 0.81579049E+00
 0.81906805E+00
 0.81981238E+00
 0.82208035E+00
 0.82273345E+00
 0.82419156E+00
 0.82489224E+00
 0.82717121E+00
 0.82886047E+00
 0.83179400E+00
 0.83293674E+00
 0.83466378E+00
 0.83579450E+00
 0.83687949E+00
 0.83795638E+00
 0.83914509E+00
 0.83985540E+00
 0.84097650E+00
 0.84101126E+00
 0.84246513E+00
 0.84389920E+00
 0.84502116E+00
 0.84593196E+00
 0.84702182E+00
 0.84802688E+00
 0.84899544E+00
 0.84999376E+00
 0.85162429E+00
 0.85309960E+00
 0.85508769E+00
 0.85588810E+00
 0.85848158E+00
 0.85932597E+00
 0.86009882E+00
 0.86071211E+00
 0.86836138E+00
 0.86863059E+00
 0.87091449E+00
 0.87373327E+00
 0.87619261E+00
 0.87734970E+00
 0.87885547E+00
 0.87922299E+00
 0.88146466E+00
 0.88328553E+00
 0.88410614E+00
 0.88664413E+00
 0.89151552E+00
 0.89260650E+00
 0.89616050E+00
 0.89700321E+00
 0.89830315E+00
 0.90077847E+00
 0.90142649E+00
 0.90390820E+00
 0.90509194E+00
 0.90862496E+00
 0.90892892E+00
 0.91043545E+00
 0.91121047E+00
 0.91374731E+00
 0.91747860E+00
 0.91797392E+00
 0.92182915E+00
 0.92908553E+00
 0.93193239E+00
 0.93343676E+00
 0.93430273E+00
 0.93476976E+00
 0.93650424E+00
 0.93722794E+00
 0.93781725E+00
 0.94115170E+00
 0.94267200E+00
 0.94524858E+00
 0.94656367E+00
 0.94872535E+00
 0.94899281E+00
 0.95039195E+00
 0.95131550E+00
 0.95523302E+00
 0.95622070E+00
 0.95859462E+00
 0.95872780E+00
 0.96047772E+00
 0.96324709E+00
 0.96398691E+00
 0.96555711E+00
 0.96647264E+00
 0.96798518E+00
 0.96976042E+00
 0.97129258E+00
 0.97246697E+00
 0.97339606E+00
 0.97495665E+00
 0.97637777E+00
 0.97803303E+00
 0.97943200E+00
 0.98212277E+00
 0.98462406E+00
 0.98503897E+00
 0.98715480E+00
 0.98915568E+00
 0.98980985E+00
 0.99254781E+00
 0.99320509E+00
 0.99710713E+00
 0.99831856E+00
 0.99879010E+00
 0.99919565E+00
 0.99971323E+00
 0.99994905E+00
 0.10024931E+01
 0.10032209E+01
 0.10052927E+01
 0.10056911E+01
 0.10069094E+01
 0.10080896E+01
 0.10086267E+01
 0.10090845E+01
 0.10105225E+01
 0.10105873E+01
 0.10136348E+01
 0.10148136E+01
 0.10157310E+01
 0.10170213E+01
 0.10186286E+01
 0.10197351E+01
 0.10203666E+01
 0.10224894E+01
 0.10240493E+01
 0.10246429E+01
 0.10283658E+01
 0.10289577E+01
 0.10292311E+01
 0.10308199E+01
 0.10317825E+01
 0.10348563E+01
 0.10387835E+01
 0.10398623E+01
 0.10417166E+01
 0.10419907E+01
 0.10427527E+01
 0.10449330E+01
 0.10463140E+01
 0.10481442E+01
 0.10489700E+01
 0.10501093E+01
 0.10516348E+01
 0.10518700E+01
 0.10546870E+01
 0.10575552E+01
 0.10583854E+01
 0.10608975E+01
 0.10630813E+01
 0.10636745E+01
 0.10663430E+01
 0.10696163E+01
 0.10707672E+01
 0.10715376E+01
 0.10734558E+01
 0.10737193E+01
 0.10746066E+01
 0.10761451E+01
 0.10766838E+01
 0.10787569E+01
 0.10789614E+01
 0.10806246E+01
 0.10817475E+01
 0.10824151E+01
 0.10857026E+01
 0.10860195E+01
 0.10896204E+01
 0.10925150E+01
 0.10929154E+01
 0.10968700E+01
 0.10976719E+01
 0.10986290E+01
 0.11017087E+01
 0.11052590E+01
 0.11058875E+01
 0.11085637E+01
 0.11096996E+01
 0.11126890E+01
 0.11144913E+01
 0.11151403E+01
 0.11161809E+01
 0.11203712E+01
 0.11209054E+01
 0.11235969E+01
 0.11259965E+01
 0.11271693E+01
 0.11277081E+01
 0.11288307E+01
 0.11290709E+01
 0.11307006E+01
 0.11314599E+01
 0.11321730E+01
 0.11329985E+01
 0.11365890E+01
 0.11368906E+01
 0.11397870E+01
 0.11400457E+01
 0.11423202E+01
 0.11434561E+01
 0.11438234E+01
 0.11440610E+01
 0.11475831E+01
 0.11493062E+01
 0.11499060E+01
 0.11502712E+01
 0.11531268E+01
 0.11548692E+01
 0.11549480E+01
 0.11577531E+01
 0.11585538E+01
 0.11592737E+01
 0.11601790E+01
 0.11629037E+01
 0.11632516E+01
 0.11649719E+01
 0.11653778E+01
 0.11681020E+01
 0.11686458E+01
 0.11705658E+01
 0.11709357E+01
 0.11744179E+01
 0.11765522E+01
 0.11785982E+01
 0.11799641E+01
 0.11808028E+01
 0.11830801E+01
 0.11843508E+01
 0.11850613E+01
 0.11862302E+01
 0.11883077E+01
 0.11898966E+01
 0.11925110E+01
 0.11947476E+01
 0.11957686E+01
 0.11978522E+01
 0.12002727E+01
 0.12054797E+01
 0.12063170E+01
 0.12083684E+01
 0.12131516E+01
 0.12135047E+01
 0.12171668E+01
 0.12191547E+01
 0.12201638E+01
 0.12224345E+01
 0.12232432E+01
 0.12241464E+01
 0.12265437E+01
 0.12277917E+01
 0.12289750E+01
 0.12297324E+01
 0.12317392E+01
 0.12335615E+01
 0.12343331E+01
 0.12373030E+01
 0.12424501E+01
 0.12431472E+01
 0.12434382E+01
 0.12440295E+01
 0.12443462E+01
 0.12475797E+01
 0.12476984E+01
 0.12479437E+01
 0.12485685E+01
 0.12492409E+01
 0.12498802E+01
 0.12511544E+01
 0.12534517E+01
 0.12539295E+01
 0.12550377E+01
 0.12555940E+01
 0.12560424E+01
 0.12569753E+01
 0.12584268E+01
 0.12595666E+01
 0.12613937E+01
 0.12627018E+01
 0.12637165E+01
 0.12647092E+01
 0.12658044E+01
 0.12660647E+01
 0.12682294E+01
 0.12687997E+01
 0.12698209E+01
 0.12721588E+01
 0.12735428E+01
 0.12739364E+01
 0.12754734E+01
 0.12765116E+01
 0.12779342E+01
 0.12784542E+01
 0.12795631E+01
 0.12801918E+01
 0.12814613E+01
 0.12827049E+01
 0.12835518E+01
 0.12845885E+01
 0.12856983E+01
 0.12865492E+01
 0.12881225E+01
 0.12895453E+01
 0.12906980E+01
 0.12915148E+01
 0.12917784E+01
 0.12925389E+01
 0.12939894E+01
 0.12952494E+01
 0.12966492E+01
 0.12972928E+01
 0.12987423E+01
 0.13018202E+01
 0.13023770E+01
 0.13031141E+01
 0.13041877E+01
 0.13064938E+01
 0.13092205E+01
 0.13103745E+01
 0.13135024E+01
 0.13151693E+01
 0.13161956E+01
 0.13176441E+01
 0.13187062E+01
 0.13191606E+01
 0.13241705E+01
 0.13251334E+01
 0.13284540E+01
 0.13290300E+01
 0.13296514E+01
 0.13326295E+01
 0.13338407E+01
 0.13341451E+01
 0.13368130E+01
 0.13387939E+01
 0.13389187E+01
 0.13396591E+01
 0.13410475E+01
 0.13446656E+01
 0.13463671E+01
 0.13469762E+01
 0.13485935E+01
 0.13497043E+01
 0.13512602E+01
 0.13518552E+01
 0.13529035E+01
 0.13542749E+01
 0.13549386E+01
 0.13568780E+01
 0.13570139E+01
 0.13596364E+01
 0.13631529E+01
 0.13642461E+01
 0.13649588E+01
 0.13653930E+01
 0.13656515E+01
 0.13694384E+01
 0.13711195E+01
 0.13730630E+01
 0.13755057E+01
 0.13759983E+01
 0.13777870E+01
 0.13821212E+01
 0.13836949E+01
 0.13847111E+01
 0.13868512E+01
 0.13885696E+01
 0.13913876E+01
 0.13915640E+01
 0.13921148E+01
 0.13975609E+01
 0.14007873E+01
 0.14014664E+01
 0.14037981E+01
 0.14040963E+01
 0.14067365E+01
 0.14073903E+01
 0.14096326E+01
 0.14140529E+01
 0.14174185E+01
 0.14237365E+01
 0.14265169E+01
 0.14270585E+01
 0.14365730E+01
 0.14412109E+01
 0.14430547E+01
 0.14436568E+01
 0.14467828E+01
 0.14479209E+01
 0.14532420E+01
 0.14549023E+01
 0.14551173E+01
 0.14571885E+01
 0.14597225E+01
 0.14618399E+01
 0.14660390E+01
 0.14664456E+01
 0.14690892E+01
 0.14699830E+01
 0.14726239E+01
 0.14737485E+01
 0.14783168E+01
 0.14798211E+01
 0.14803405E+01
 0.14887077E+01
 0.14894950E+01
 0.14927952E+01
 0.14943315E+01
 0.14991725E+01
 0.15011591E+01
 0.15039967E+01
 0.15040733E+01
 0.15075287E+01
 0.15086463E+01
 0.15093734E+01
 0.15123664E+01
 0.15127187E+01
 0.15140667E+01
 0.15180612E+01
 0.15223499E+01
 0.15283197E+01
 0.15296164E+01
 0.15341679E+01
 0.15351067E+01
 0.15353443E+01
 0.15375991E+01
 0.15377606E+01
 0.15409468E+01
 0.15463646E+01
 0.15518226E+01
 0.15549242E+01
 0.15578593E+01
 0.15618565E+01
 0.15650463E+01
 0.15683219E+01
 0.15701834E+01
 0.15712218E+01
 0.15760030E+01
 0.15774565E+01
 0.15801167E+01
 0.15817870E+01
 0.15870810E+01
 0.15881335E+01
 0.15891950E+01
 0.15907184E+01
 0.15925404E+01
 0.15954627E+01
 0.15970694E+01
 0.15975160E+01
 0.15982666E+01
 0.16014245E+01
 0.16038381E+01
 0.16049739E+01
 0.16054192E+01
 0.16088936E+01
 0.16099422E+01
 0.16130992E+01
 0.16175541E+01
 0.16339085E+01
 0.16354447E+01
 0.16368647E+01
 0.16389030E+01
 0.16408458E+01
 0.16416474E+01
 0.16418408E+01
 0.16422691E+01
 0.16434920E+01
 0.16435751E+01
 0.16439765E+01
 0.16455566E+01
 0.16463890E+01
 0.16465551E+01
 0.16493992E+01
 0.16530675E+01
 0.16535114E+01
 0.16559823E+01
 0.16571253E+01
 0.16578181E+01
 0.16606939E+01
 0.16616323E+01
 0.16631424E+01
 0.16656700E+01
 0.16661544E+01
 0.16674246E+01
 0.16692874E+01
 0.16729483E+01
 0.16744331E+01
 0.16774055E+01
 0.16779108E+01
 0.16827446E+01
 0.16828151E+01
 0.16888751E+01
 0.16909660E+01
 0.16930404E+01
 0.16951157E+01
 0.16969864E+01
 0.17030148E+01
 0.17040026E+01
 0.17045450E+01
 0.17075391E+01
 0.17078132E+01
 0.17093793E+01
 0.17133663E+01
 0.17135850E+01
 0.17141343E+01
 0.17155731E+01
 0.17159849E+01
 0.17188187E+01
 0.17203530E+01
 0.17213934E+01
 0.17249192E+01
 0.17261817E+01
 0.17270341E+01
 0.17273714E+01
 0.17277245E+01
 0.17294046E+01
 0.17296136E+01
 0.17306261E+01
 0.17322538E+01
 0.17330810E+01
 0.17341343E+01
 0.17368820E+01
 0.17403685E+01
 0.17414327E+01
 0.17447930E+01
 0.17449097E+01
 0.17460379E+01
 0.17497581E+01
 0.17501324E+01
 0.17505467E+01
 0.17513440E+01
 0.17518894E+01
 0.17540778E+01
 0.17560416E+01
 0.17566222E+01
 0.17571651E+01
 0.17581749E+01
 0.17614865E+01
 0.17618956E+01
 0.17629208E+01
 0.17649060E+01
 0.17665127E+01
 0.17671343E+01
 0.17693248E+01
 0.17698274E+01
 0.17708810E+01
 0.17711879E+01
 0.17721595E+01
 0.17743902E+01
 0.17760498E+01
 0.17768271E+01
 0.17775999E+01
 0.17798010E+01
 0.17798995E+01
 0.17833511E+01
 0.17847081E+01
 0.17848431E+01
 0.17859146E+01
 0.17900401E+01
 0.17914795E+01
 0.17929508E+01
 0.17931891E+01
 0.17948405E+01
 0.17953351E+01
 0.17965435E+01
 0.17982257E+01
 0.17995257E+01
 0.18000131E+01
 0.18004460E+01
 0.18019004E+01
 0.18038685E+01
 0.18044386E+01
 0.18064817E+01
 0.18080170E+01
 0.18082726E+01
 0.18089731E+01
 0.18102335E+01
 0.18107722E+01
 0.18124976E+01
 0.18132390E+01
 0.18152252E+01
 0.18156685E+01
 0.18182073E+01
 0.18214150E+01
 0.18244187E+01
 0.18251093E+01
 0.18267696E+01
 0.18302866E+01
 0.18323096E+01
 0.18358787E+01
 0.18362382E+01
 0.18369507E+01
 0.18398188E+01
 0.18426957E+01
 0.18437009E+01
 0.18451966E+01
 0.18466480E+01
 0.18500365E+01
 0.18562135E+01
 0.18564082E+01
 0.18589172E+01
 0.18593397E+01
 0.18607983E+01
 0.18621670E+01
 0.18669964E+01
 0.18673084E+01
 0.18687117E+01
 0.18707239E+01
 0.18708956E+01
 0.18737405E+01
 0.18739864E+01
 0.18786373E+01
 0.18795523E+01
 0.18813108E+01
 0.18837145E+01
 0.18852896E+01
 0.18860948E+01
 0.18892526E+01
 0.18897824E+01
 0.18915847E+01
 0.18932924E+01
 0.18947927E+01
 0.18957836E+01
 0.19002014E+01
 0.19010013E+01
 0.19032439E+01
 0.19039777E+01
 0.19044418E+01
 0.19067825E+01
 0.19078669E+01
 0.19093927E+01
 0.19097926E+01
 0.19120928E+01
 0.19157882E+01
 0.19175537E+01
 0.19182224E+01
 0.19209028E+01
 0.19237498E+01
 0.19291310E+01
 0.19295792E+01
 0.19309984E+01
 0.19334421E+01
 0.19390900E+01
 0.19415277E+01
 0.19426565E+01
 0.19481208E+01
 0.19508739E+01
 0.19539013E+01
 0.19563764E+01
 0.19567225E+01
 0.19616586E+01
 0.19656269E+01
 0.19660251E+01
 0.19683389E+01
 0.19711861E+01
 0.19762422E+01
 0.19778238E+01
 0.19784808E+01
 0.19795376E+01
 0.19812689E+01
 0.19819565E+01
 0.19829656E+01
 0.19853419E+01
 0.19881353E+01
 0.19918404E+01
 0.19936901E+01
 0.19939484E+01
 0.19959644E+01
 0.20017084E+01
 0.20030138E+01
 0.20057163E+01
 0.20059318E+01
 0.20094379E+01
 0.20108658E+01
 0.20128733E+01
 0.20131001E+01
 0.20150370E+01
 0.20166949E+01
 0.20219142E+01
 0.20225054E+01
 0.20237469E+01
 0.20275443E+01
 0.20289238E+01
 0.20309015E+01
 0.20311059E+01
 0.20334549E+01
 0.20340481E+01
 0.20370903E+01
 0.20376417E+01
 0.20381803E+01
 0.20413625E+01
 0.20450669E+01
 0.20470761E+01
 0.20475154E+01
 0.20497679E+01
 0.20526379E+01
 0.20536489E+01
 0.20579466E+01
 0.20608626E+01
 0.20635972E+01
 0.20637931E+01
 0.20648591E+01
 0.20692751E+01
 0.20723294E+01
 0.20747583E+01
 0.20769083E+01
 0.20793029E+01
 0.20827367E+01
 0.20828351E+01
 0.20834058E+01
 0.20844910E+01
 0.20854206E+01
 0.20876534E+01
 0.20887902E+01
 0.20913094E+01
 0.20934633E+01
 0.20960740E+01
 0.20961819E+01
 0.20968153E+01
 0.20987675E+01
 0.21010855E+01
 0.21037018E+01
 0.21049826E+01
 0.21067761E+01
 0.21077020E+01
 0.21089123E+01
 0.21120706E+01
 0.21131399E+01
 0.21139021E+01
 0.21155559E+01
 0.21180141E+01
 0.21183957E+01
 0.21233565E+01
 0.21242646E+01
 0.21258085E+01
 0.21271062E+01
 0.21272019E+01
 0.21292551E+01
 0.21317413E+01
 0.21327967E+01
 0.21339756E+01
 0.21353515E+01
 0.21367806E+01
 0.21395426E+01
 0.21418187E+01
 0.21456911E+01
 0.21470306E+01
 0.21498205E+01
 0.21502255E+01
 0.21526812E+01
 0.21541689E+01
 0.21572240E+01
 0.21580984E+01
 0.21606049E+01
 0.21622579E+01
 0.21638429E+01
 0.21693900E+01
 0.21699431E+01
 0.21711190E+01
 0.21716607E+01
 0.21741692E+01
 0.21775808E+01
 0.21792323E+01
 0.21819919E+01
 0.21868367E+01
 0.21890072E+01
 0.21917737E+01
 0.21928609E+01
 0.21942411E+01
 0.21966726E+01
 0.21989708E+01
 0.22001291E+01
 0.22026518E+01
 0.22053042E+01
 0.22101080E+01
 0.22102519E+01
 0.22131899E+01
 0.22176348E+01
 0.22191972E+01
 0.22223048E+01
 0.22242579E+01
 0.22248432E+01
 0.22268935E+01
 0.22292919E+01
 0.22297555E+01
 0.22320692E+01
 0.22341058E+01
 0.22365440E+01
 0.22388689E+01
 0.22414282E+01
 0.22445792E+01
 0.22476022E+01
 0.22481351E+01
 0.22486015E+01
 0.22490469E+01
 0.22494106E+01
 0.22559171E+01
 0.22583432E+01
 0.22624390E+01
 0.22649495E+01
 0.22673039E+01
 0.22731923E+01
 0.22743106E+01
 0.22777278E+01
 0.22793159E+01
 0.22841439E+01
 0.22902439E+01
 0.22905780E+01
 0.22995056E+01
 0.23009043E+01
 0.23062820E+01
 0.23094190E+01
 0.23096085E+01
 0.23120123E+01
 0.23134808E+01
 0.23154134E+01
 0.23176507E+01
 0.23194876E+01
 0.23219883E+01
 0.23226682E+01
 0.23233078E+01
 0.23243390E+01
 0.23305801E+01
 0.23329873E+01
 0.23341791E+01
 0.23371055E+01
 0.23398861E+01
 0.23401309E+01
 0.23413238E+01
 0.23456805E+01
 0.23462765E+01
 0.23482050E+01
 0.23498755E+01
 0.23529573E+01
 0.23539887E+01
 0.23544793E+01
 0.23567398E+01
 0.23589395E+01
 0.23630484E+01
 0.23671382E+01
 0.23708813E+01
 0.23730920E+01
 0.23738715E+01
 0.23745377E+01
 0.23787157E+01
 0.23818130E+01
 0.23839476E+01
 0.23859130E+01
 0.23891047E+01
 0.23913091E+01
 0.23919970E+01
 0.23933308E+01
 0.23967966E+01
 0.23975972E+01
 0.23984013E+01
 0.24005545E+01
 0.24007026E+01
 0.24014722E+01
 0.24086156E+01
 0.24114131E+01
 0.24147420E+01
 0.24150294E+01
 0.24180831E+01
 0.24197365E+01
 0.24218776E+01
 0.24234922E+01
 0.24264247E+01
 0.24270135E+01
 0.24354513E+01
 0.24360343E+01
 0.24382973E+01
 0.24406635E+01
 0.24444014E+01
 0.24463714E+01
 0.24487256E+01
 0.24509817E+01
 0.24535278E+01
 0.24552648E+01
 0.24570630E+01
 0.24590199E+01
 0.24618120E+01
 0.24647330E+01
 0.24728745E+01
 0.24770454E+01
 0.24805188E+01
 0.24821330E+01
 0.24828152E+01
 0.24864960E+01
 0.24878131E+01
 0.24937927E+01
 0.24951817E+01
 0.24953033E+01
 0.25016738E+01
 0.25053966E+01
 0.25077175E+01
 0.25119068E+01
 0.25154203E+01
 0.25170807E+01
 0.25172799E+01
 0.25227283E+01
 0.25238274E+01
 0.25244815E+01
 0.25273941E+01
 0.25298803E+01
 0.25331811E+01
 0.25348929E+01
 0.25384617E+01
 0.25436027E+01
 0.25467139E+01
 0.25495124E+01
 0.25512349E+01
 0.25528610E+01
 0.25584111E+01
 0.25617803E+01
 0.25637162E+01
 0.25693440E+01
 0.25711565E+01
 0.25743799E+01
 0.25751928E+01
 0.25760775E+01
 0.25824870E+01
 0.25874091E+01
 0.25926335E+01
 0.25948529E+01
 0.25963586E+01
 0.25995278E+01
 0.26006699E+01
 0.26051359E+01
 0.26129019E+01
 0.26185495E+01
 0.26201641E+01
 0.26222066E+01
 0.26263750E+01
 0.26306744E+01
 0.26352908E+01
 0.26372557E+01
 0.26411063E+01
 0.26442227E+01
 0.26472583E+01
 0.26484749E+01
 0.26532853E+01
 0.26539113E+01
 0.26594067E+01
 0.26620561E+01
 0.26655420E+01
 0.26666750E+01
 0.26714223E+01
 0.26742969E+01
 0.26751759E+01
 0.26759619E+01
 0.26830954E+01
 0.26838156E+01
 0.26841722E+01
 0.26857750E+01
 0.26877209E+01
 0.26892602E+01
 0.26931109E+01
 0.26961680E+01
 0.26991187E+01
 0.26999647E+01
 0.27004782E+01
 0.27007096E+01
 0.27042855E+01
 0.27101188E+01
 0.27114688E+01
 0.27116713E+01
 0.27141441E+01
 0.27143522E+01
 0.27164055E+01
 0.27195039E+01
 0.27234593E+01
 0.27275378E+01
 0.27284593E+01
 0.27330186E+01
 0.27379243E+01
 0.27385778E+01
 0.27411104E+01
 0.27489323E+01
 0.27523650E+01
 0.27547232E+01
 0.27556267E+01
 0.27613877E+01
 0.27635176E+01
 0.27686694E+01
 0.27708218E+01
 0.27772849E+01
 0.27774359E+01
 0.27825901E+01
 0.27869710E+01
 0.27898046E+01
 0.27933395E+01
 0.27946469E+01
 0.28037403E+01
 0.28063181E+01
 0.28065952E+01
 0.28116470E+01
 0.28136924E+01
 0.28160008E+01
 0.28172974E+01
 0.28180783E+01
 0.28223499E+01
 0.28227007E+01
 0.28240829E+01
 0.28258201E+01
 0.28303149E+01
 0.28322221E+01
 0.28352774E+01
 0.28367642E+01
 0.28453775E+01
 0.28503091E+01
 0.28504968E+01
 0.28522130E+01
 0.28523459E+01
 0.28553762E+01
 0.28605306E+01
 0.28626721E+01
 0.28656619E+01
 0.28686186E+01
 0.28701717E+01
 0.28726824E+01
 0.28773211E+01
 0.28795317E+01
 0.28920848E+01
 0.28929007E+01
 0.28953708E+01
 0.28959518E+01
 0.28965401E+01
 0.29000648E+01
 0.29022733E+01
 0.29055745E+01
 0.29109922E+01
 0.29114667E+01
 0.29165224E+01
 0.29236355E+01
 0.29264303E+01
 0.29282270E+01
 0.29311729E+01
 0.29312308E+01
 0.29335416E+01
 0.29407866E+01
 0.29485362E+01
 0.29489680E+01
 0.29536456E+01
 0.29581625E+01
 0.29597423E+01
 0.29666297E+01
 0.29680974E+01
 0.29702896E+01
 0.29787594E+01
 0.29819296E+01
 0.29829422E+01
 0.29858539E+01
 0.29974197E+01
 0.29981883E+01
 0.30014316E+01
 0.30020110E+01
 0.30080059E+01
 0.30114759E+01
 0.30135187E+01
 0.30157984E+01
 0.30253836E+01
 0.30339641E+01
 0.30373069E+01
 0.30374436E+01
 0.30471953E+01
 0.30559903E+01
 0.30579387E+01
 0.30628678E+01
 0.30655634E+01
 0.30660894E+01
 0.30677661E+01
 0.30832906E+01
 0.30841498E+01
 0.30917153E+01
 0.30988816E+01
 0.31057666E+01
 0.31112105E+01
 0.31134890E+01
 0.31239276E+01
 0.31314582E+01
 0.31347699E+01
 0.31373694E+01
 0.31536425E+01
 0.31537354E+01
 0.31585452E+01
 0.31609104E+01
 0.31658208E+01
 0.31700475E+01
 0.31728588E+01
 0.31743013E+01
 0.31937137E+01
 0.31967410E+01
 0.32028360E+01
 0.32037020E+01
 0.32074464E+01
 0.32109914E+01
 0.32126979E+01
 0.32175918E+01
 0.32239552E+01
 0.32301249E+01
 0.32387337E+01
 0.32438930E+01
 0.32457246E+01
 0.32534292E+01
 0.32582749E+01
 0.32584248E+01
 0.32686165E+01
 0.32703438E+01
 0.32743205E+01
 0.32837547E+01
 0.32843795E+01
 0.32860609E+01
 0.32885694E+01
 0.33030068E+01
 0.33089484E+01
 0.33119286E+01
 0.33207516E+01
 0.33305245E+01
 0.33318115E+01
 0.33379966E+01
 0.33420739E+01
 0.33454853E+01
 0.33469079E+01
 0.33474808E+01
 0.33594671E+01
 0.33662013E+01
 0.33700978E+01
 0.33820152E+01
 0.33835204E+01
 0.33993113E+01
 0.34038277E+01
 0.34071297E+01
 0.34078891E+01
 0.34129873E+01
 0.34236118E+01
 0.34367408E+01
 0.34409545E+01
 0.34462244E+01
 0.34493243E+01
 0.34676352E+01
 0.34705120E+01
 0.34719393E+01
 0.34735107E+01
 0.34745924E+01
 0.34763949E+01
 0.34794062E+01
 0.34908664E+01
 0.34915185E+01
 0.34931985E+01
 0.35076774E+01
 0.35099966E+01
 0.35191958E+01
 0.35205762E+01
 0.35253131E+01
 0.35262773E+01
 0.35301041E+01
 0.35397660E+01
 0.35571419E+01
 0.35721066E+01
 0.35752067E+01
 0.35821165E+01
 0.35849589E+01
 0.35914468E+01
 0.36135823E+01
 0.39071563E+01
 0.39095029E+01
 0.39174258E+01
 0.39217510E+01
 0.39311809E+01
 0.39321791E+01
 0.39394996E+01
 0.39421121E+01
 0.39688039E+01
 0.39726731E+01
 0.39771525E+01
 0.39798385E+01
 0.39833890E+01
 0.39907702E+01
 0.40059548E+01
 0.40069268E+01
 0.40097770E+01
 0.40123284E+01
 0.40139182E+01
 0.40155182E+01
 0.40169760E+01
 0.40500682E+01
 0.41240455E+01
 0.41432785E+01
 0.42057776E+01
 0.42271654E+01
 0.42315879E+01
 0.42397187E+01
 0.42459159E+01
 0.42468822E+01
 0.42503495E+01
 0.42557282E+01
 0.42581363E+01
 0.42591119E+01
 0.42605237E+01
 0.42719943E+01
 0.42731618E+01
 0.42810173E+01
 0.42831692E+01
 0.42845435E+01
 0.42871029E+01
 0.42885383E+01
 0.42950832E+01
 0.42966560E+01
 0.42987701E+01
 0.43029036E+01
 0.43032172E+01
 0.43079729E+01
 0.43103374E+01
 0.43117062E+01
 0.43152242E+01
 0.43225270E+01
 0.43254612E+01
 0.43300750E+01
 0.43434495E+01
 0.43452044E+01
 0.43477890E+01
 0.43488562E+01
 0.43498791E+01
 0.43532518E+01
 0.43551284E+01
 0.43559993E+01
 0.43600552E+01
 0.43608053E+01
 0.43693579E+01
 0.43715599E+01
 0.43727279E+01
 0.43734600E+01
 0.43793454E+01
 0.43819246E+01
 0.43856224E+01
 0.43893860E+01
 0.43988655E+01
 0.44023983E+01
 0.44054152E+01
 0.44193722E+01
 0.44379657E+01
 0.44411215E+01
 0.44565436E+01
 0.44581074E+01
 0.44616578E+01
 0.44672979E+01
 0.44692853E+01
 0.44710121E+01
 0.44729930E+01
 0.44820559E+01
 0.44969466E+01
 0.44982665E+01
 0.45131832E+01
 0.45139469E+01
 0.45300489E+01
 0.45335155E+01
 0.45348722E+01
 0.45452126E+01
 0.45486721E+01
 0.45530679E+01
 0.45646868E+01
 0.45662754E+01
 0.45700070E+01
 0.45774623E+01
 0.45821125E+01
 0.45969071E+01
 0.46052245E+01
 0.46130929E+01
 0.46199314E+01
 0.46281848E+01
 0.46394453E+01
 0.46431318E+01
 0.46465336E+01
 0.46500696E+01
 0.46511364E+01
 0.46552992E+01
 0.46581302E+01
 0.46761277E+01
 0.46872067E+01
 0.47000537E+01
 0.47143770E+01
 0.47193767E+01
 0.47310323E+01
 0.47392402E+01
 0.47516924E+01
 0.47779057E+01
 0.47840768E+01
 0.47946424E+01
 0.47966583E+01
 0.48037206E+01
 0.48245760E+01
 0.48479408E+01
 0.49345872E+01
 0.49349994E+01
 0.49595522E+01
 0.49613234E+01
 0.49617751E+01
 0.49705099E+01
 0.49870458E+01
 0.50097419E+01
 0.50124268E+01
 0.51215127E+01
 0.56440141E+01
 0.56639944E+01
 0.56676216E+01
 0.57093210E+01
 0.68561368E+01
 0.69613950E+01
 0.69808622E+01
 0.71170511E+01
