     254    495        0.00018
     434    495        0.00017
     438    495       -0.00034
     438    496        0.00019
     442    496       -0.00016
     443    496        0.00011
     444    495        0.00036
     450    495        0.00043
     450    496       -0.00052
     450    500       -0.00014
     453    495        0.00046
     453    496       -0.00034
     453    500       -0.00013
     457    495       -0.00125
     457    496        0.00115
     457    500        0.00036
     457    507        0.00013
     460    495        0.00061
     460    496       -0.00079
     460    499        0.00013
     460    500       -0.00024
     463    495        0.00016
     463    496        0.00012
     463    499       -0.00017
     465    495       -0.00030
     465    496       -0.00033
     465    499        0.00013
     470    495       -0.00055
     470    496        0.00034
     470    500        0.00011
     471    495        0.00042
     471    499       -0.00012
     472    495        0.00044
     474    495       -0.00061
     474    496       -0.00024
     475    495       -0.00011
     476    495        0.00012
     476    496       -0.00010
     478    495       -0.00041
     481    495        0.00031
     481    496       -0.00057
     481    500       -0.00017
     484    495        0.00011
     484    496        0.00216
     484    500        0.00044
     484    504        0.00022
     484    505       -0.00022
     485    495        0.00670
     485    496       -0.00211
     485    499       -0.00047
     485    500       -0.00085
     485    504       -0.00032
     485    505        0.00047
     485    507       -0.00022
     485    513       -0.00015
     489    495        0.01862
     489    496        0.00801
     489    499       -0.00119
     489    500        0.00065
     489    504        0.00040
     489    505        0.00013
     490    495       -0.00480
     490    496       -0.01603
     490    499        0.00183
     490    500       -0.00285
     490    504       -0.00124
     490    505        0.00036
     490    507       -0.00042
     491    495        0.70376
     491    496        0.05584
     491    499       -0.02147
     491    500       -0.00521
     491    504       -0.00540
     491    505        0.00456
     491    507       -0.00255
     491    509        0.00010
     491    513       -0.00090
     491    515        0.00050
     491    525       -0.00014
     491    526       -0.00018
     491    528        0.00017
     491    530       -0.00011
     491    532       -0.00014
     491    536        0.00048
     491    538        0.00014
     491    542       -0.00013
     491    547        0.00016
     491    548       -0.00011
     491    575       -0.00012
     491    616        0.00010
     492    495       -0.00025
     493    495       -0.00375
     493    496       -0.00607
     493    499       -0.01494
     493    500        0.00321
     493    504        0.00056
     493    505       -0.00019
