     248    499       -0.00021
     264    499        0.00014
     426    499       -0.00011
     436    499       -0.00011
     438    499        0.00019
     442    499       -0.00020
     442    500        0.00010
     444    499       -0.00023
     450    496       -0.00017
     450    499       -0.00033
     450    500        0.00012
     453    496        0.00012
     453    499        0.00011
     457    495       -0.00014
     457    496        0.00013
     457    499        0.00039
     457    500       -0.00020
     460    499       -0.00028
     462    495       -0.00015
     462    499        0.00060
     462    500       -0.00021
     463    495       -0.00024
     463    499        0.00088
     463    500       -0.00034
     470    495        0.00034
     470    496        0.00017
     470    499       -0.00076
     470    500        0.00028
     470    504        0.00015
     471    495       -0.00019
     471    496        0.00015
     471    499        0.00088
     471    500       -0.00035
     471    504       -0.00012
     472    495       -0.00017
     472    496       -0.00014
     472    499        0.00046
     472    500       -0.00012
     474    495        0.00027
     474    496        0.00013
     474    499       -0.00073
     474    500        0.00028
     475    495        0.00011
     475    496        0.00027
     475    499       -0.00046
     476    496       -0.00015
     478    495        0.00014
     481    495       -0.00013
     481    496       -0.00098
     481    499       -0.00020
     481    500        0.00032
     481    504        0.00022
     481    505       -0.00020
     484    495        0.00084
     484    496        0.00340
     484    499       -0.00094
     484    500       -0.00063
     484    504       -0.00064
     484    505        0.00069
     484    507        0.00021
     484    513       -0.00014
     484    515       -0.00018
     484    525       -0.00019
     484    542        0.00013
     485    495        0.00066
     485    496        0.00045
     485    499       -0.00234
     485    500        0.00047
     489    495        0.00450
     489    496       -0.00980
     489    499       -0.02366
     489    500        0.00772
     489    504        0.00205
     489    505       -0.00112
     489    507       -0.00015
     489    513        0.00036
     489    515        0.00038
     489    525        0.00011
     489    542       -0.00016
     490    495        0.00178
     490    496       -0.00620
     490    499       -0.01417
     490    500        0.00416
     490    504        0.00117
     490    505       -0.00072
     490    507       -0.00016
     490    513        0.00017
     490    515        0.00025
     490    525        0.00012
     490    542       -0.00013
     491    495        0.01500
     491    496        0.00578
     491    499        0.00922
     491    500       -0.00267
     491    504       -0.00065
     491    505        0.00039
     493    495        0.02027
     493    496       -0.00504
     493    498        0.00061
     493    499        0.69911
     493    500       -0.09701
     493    504        0.00086
     493    505       -0.00151
     493    507       -0.00212
     493    510        0.00019
     493    513       -0.00029
     493    515        0.00028
     493    520       -0.00013
     493    523        0.00010
     493    524       -0.00030
     493    525        0.00080
     493    526        0.00031
     493    527       -0.00012
     493    528       -0.00013
     493    529       -0.00014
     493    530       -0.00021
     493    540       -0.00010
     493    542       -0.00036
     493    543       -0.00021
     493    544       -0.00011
     493    545        0.00016
     493    546       -0.00011
     493    547        0.00012
     493    548       -0.00031
     493    549        0.00020
     493    571        0.00012
     493    576       -0.00018
     493    584        0.00012
     493    616       -0.00012
     493    631       -0.00025
     493    632        0.00015
     493    638        0.00016
     493    641        0.00020
     493    651       -0.00012
     493    658        0.00010
     493    662       -0.00011
     493    664        0.00011
     493    668       -0.00012
