     450    499        0.00010
     451    500        0.00013
     457    495        0.00012
     457    499       -0.00021
     457    500       -0.00020
     460    500       -0.00034
     462    499       -0.00013
     462    500        0.00019
     463    495        0.00015
     463    496        0.00011
     463    499       -0.00025
     463    500        0.00014
     470    495       -0.00031
     470    499        0.00021
     470    500       -0.00020
     471    495        0.00025
     471    499       -0.00030
     472    500        0.00033
     474    496       -0.00011
     474    499        0.00018
     474    500       -0.00018
     474    504       -0.00011
     475    495        0.00011
     475    499       -0.00014
     475    500       -0.00072
     476    499        0.00015
     476    500        0.00030
     478    500        0.00011
     481    495       -0.00056
     481    499        0.00065
     481    500        0.00142
     481    505        0.00012
     481    507        0.00010
     484    495        0.00195
     484    496       -0.00020
     484    499       -0.00203
     484    500       -0.00567
     484    504       -0.00022
     484    505       -0.00037
     484    507       -0.00035
     484    515        0.00015
     485    495        0.00038
     485    496       -0.00015
     485    499       -0.00015
     485    500       -0.00209
     485    504       -0.00014
     489    495       -0.01713
     489    496       -0.00301
     489    499        0.00786
     489    500       -0.00193
     489    505        0.00086
     489    507        0.00049
     489    513       -0.00019
     489    515       -0.00031
     490    495       -0.01255
     490    496       -0.00143
     490    499        0.00393
     490    500       -0.00283
     490    504        0.00020
     490    505        0.00050
     490    507        0.00033
     490    515       -0.00018
     491    495       -0.00135
     491    496        0.00459
     491    499       -0.00241
     491    500        0.00335
     491    505       -0.00024
     493    495        0.00760
     493    496       -0.02312
     493    498        0.00011
     493    499        0.09714
     493    500        0.69933
     493    504        0.01602
     493    505       -0.00114
     493    507        0.00297
     493    509       -0.00018
     493    513        0.00165
     493    515       -0.00070
     493    525       -0.00022
     493    529        0.00018
     493    530        0.00028
     493    535       -0.00013
     493    536       -0.00014
     493    542        0.00026
     493    544       -0.00014
     493    545       -0.00012
     493    547        0.00047
     493    548       -0.00054
     493    549        0.00038
     493    558       -0.00012
     493    561       -0.00014
     493    562       -0.00018
     493    568        0.00016
     493    569        0.00010
     493    574        0.00021
     493    641        0.00015
     493    642        0.00026
     493    655        0.00012
     493    662        0.00014
     493    668       -0.00026
