     254    496        0.00023
     260    496       -0.00012
     392    496       -0.00011
     434    496        0.00016
     436    495       -0.00012
     438    495        0.00019
     438    499        0.00014
     442    495       -0.00024
     443    495        0.00023
     443    496        0.00010
     444    495       -0.00020
     444    496        0.00027
     450    495       -0.00059
     450    496       -0.00032
     450    499       -0.00026
     451    496        0.00015
     453    495       -0.00068
     453    496        0.00045
     457    495        0.00125
     457    496        0.00036
     457    499        0.00039
     457    504        0.00022
     457    505       -0.00010
     457    513        0.00016
     457    515        0.00010
     460    495       -0.00104
     460    496       -0.00024
     460    499       -0.00024
     460    504       -0.00015
     462    495        0.00025
     462    499       -0.00011
     463    495        0.00032
     463    496        0.00010
     463    499       -0.00021
     463    505        0.00013
     465    495       -0.00022
     465    496       -0.00060
     465    500       -0.00013
     470    495        0.00013
     470    499        0.00020
     471    495        0.00036
     471    496        0.00048
     471    499       -0.00012
     472    496        0.00021
     472    499       -0.00014
     474    495        0.00078
     474    496       -0.00087
     474    499       -0.00034
     474    505        0.00018
     476    495        0.00029
     476    496       -0.00019
     476    499       -0.00019
     478    495        0.00039
     478    496       -0.00017
     481    495       -0.00106
     481    496       -0.00093
     481    499       -0.00023
     481    504       -0.00011
     484    495        0.00287
     484    496        0.00495
     484    499        0.00119
     484    500        0.00038
     484    504        0.00041
     484    505       -0.00047
     484    513        0.00010
     485    495       -0.00590
     485    499       -0.00147
     485    500        0.00029
     485    504       -0.00050
     485    505        0.00059
     485    507        0.00025
     485    515       -0.00014
     487    495        0.00023
     489    495        0.05913
     489    496        0.03372
     489    497       -0.00015
     489    499        0.00013
     489    500        0.00089
     489    504        0.00021
     489    505        0.00011
     489    507       -0.00010
     489    525       -0.00023
     490    495       -0.21870
     490    496       -0.05000
     490    497       -0.00016
     490    498        0.00015
     490    499       -0.00023
     490    500        0.00092
     490    504        0.00029
     490    505       -0.00029
     490    507        0.00098
     490    513       -0.00015
     490    515       -0.00038
     490    525        0.00027
     490    526        0.00013
     490    534        0.00015
     490    535       -0.00018
     490    547       -0.00011
     491    495       -0.05727
     491    496        0.66401
     491    497       -0.00146
     491    498        0.00013
     491    499       -0.00336
     491    500        0.02429
     491    504        0.00258
     491    505        0.00185
     491    507        0.00436
     491    509       -0.00012
     491    513        0.00086
     491    515       -0.00059
     491    517        0.00012
     491    530        0.00019
     491    536       -0.00020
     491    538        0.00011
     491    540        0.00019
     491    542       -0.00045
     491    543       -0.00013
     491    544       -0.00022
     491    545        0.00029
     491    548        0.00011
     491    549       -0.00012
     491    565       -0.00010
     491    574       -0.00014
     491    599       -0.00013
     491    601       -0.00012
     491    629        0.00013
     491    631       -0.00016
     491    632        0.00014
     491    642       -0.00011
     491    658        0.00012
     491    662       -0.00015
     492    496       -0.00028
     493    495       -0.00240
     493    496       -0.00766
     493    498       -0.00017
     493    499       -0.00486
     493    500       -0.00659
     493    504        0.00095
     493    505       -0.00063
     493    507       -0.00019
     493    525       -0.00011
