     253    497        0.00014
     258    497        0.00018
     423    497        0.00013
     441    498        0.00025
     445    497       -0.00016
     447    497        0.00011
     448    497       -0.00016
     454    497        0.00019
     454    498       -0.00058
     455    497       -0.00039
     455    498        0.00140
     455    502       -0.00012
     455    503        0.00013
     455    508       -0.00014
     458    497        0.00062
     458    498       -0.00077
     458    502        0.00010
     459    497       -0.00043
     459    498        0.00022
     464    497       -0.00021
     464    498       -0.00019
     466    497       -0.00044
     466    498        0.00065
     467    498        0.00032
     467    503       -0.00010
     467    506       -0.00011
     468    497        0.00022
     468    498       -0.00047
     468    506        0.00011
     469    498        0.00015
     473    497        0.00159
     473    498        0.00064
     473    501       -0.00014
     477    497       -0.00066
     477    498       -0.00031
     479    497       -0.00017
     479    498        0.00040
     480    497       -0.00016
     480    498       -0.00011
     482    497       -0.00012
     482    498        0.00287
     482    502       -0.00030
     482    508       -0.00020
     483    497        0.00291
     483    498       -0.00043
     483    501       -0.00014
     483    502        0.00012
     483    508        0.00011
     486    497       -0.00287
     486    498       -0.00214
     486    501        0.00024
     486    502        0.00013
     487    495       -0.00026
     487    497        0.01832
     487    498        0.00483
     487    501       -0.00133
     487    503        0.00016
     487    506        0.00064
     487    514        0.00026
     487    541       -0.00011
     488    497       -0.00460
     488    498        0.00607
     488    501        0.00010
     488    502       -0.00066
     488    503       -0.00030
     488    506       -0.00039
     488    508       -0.00029
     491    497        0.00084
     492    496        0.00038
     492    497        0.70590
     492    498       -0.01416
     492    501       -0.01152
     492    502        0.00508
     492    503        0.00583
     492    506        0.00697
     492    508        0.00225
     492    514        0.00078
     492    516        0.00012
     492    533       -0.00023
     492    539        0.00011
     492    541       -0.00032
     492    542        0.00013
     492    543       -0.00032
     492    548        0.00017
     492    549        0.00021
     492    551       -0.00010
     492    557       -0.00011
     492    562        0.00012
     492    569        0.00013
     492    574       -0.00014
     492    576       -0.00014
     492    578       -0.00029
     492    584       -0.00024
     492    603        0.00023
     492    604        0.00013
     492    606       -0.00015
     492    622       -0.00011
     492    624        0.00011
     492    625        0.00010
     492    629       -0.00011
     492    992       -0.00011
     492   1045        0.00012
     494    497       -0.01575
     494    498       -0.02313
     494    501       -0.00329
     494    502       -0.00086
     494    503       -0.00030
     494    508       -0.00014
     494    516        0.00016
     494    541       -0.00010
