     257    495       -0.00015
     438    495        0.00022
     440    495       -0.00015
     442    495        0.00015
     442    496       -0.00031
     443    495       -0.00031
     444    495        0.00020
     444    496       -0.00016
     450    495       -0.00022
     450    496        0.00013
     453    495        0.00074
     453    496       -0.00113
     453    500       -0.00034
     453    504       -0.00011
     453    507       -0.00012
     457    495        0.00099
     457    496       -0.00037
     457    499        0.00016
     457    500       -0.00011
     460    496       -0.00036
     462    495       -0.00055
     462    496        0.00020
     462    499        0.00011
     463    495       -0.00075
     463    496        0.00024
     463    499        0.00020
     463    505       -0.00014
     465    495       -0.00024
     470    495        0.00180
     470    496       -0.00024
     470    499       -0.00015
     470    500       -0.00018
     470    504       -0.00012
     470    505        0.00013
     471    495       -0.00118
     471    499        0.00023
     472    495       -0.00074
     472    496        0.00022
     474    495       -0.00332
     474    496       -0.00036
     474    499        0.00036
     474    500        0.00020
     474    504        0.00012
     474    505       -0.00024
     475    495        0.00023
     476    495       -0.00158
     476    496        0.00030
     476    499        0.00011
     476    500        0.00015
     478    495       -0.00041
     478    496       -0.00032
     478    499        0.00010
     481    495        0.00048
     481    496        0.00125
     481    499       -0.00035
     481    500        0.00032
     481    504        0.00010
     484    495        0.00169
     484    496       -0.00514
     484    499        0.00072
     484    500       -0.00136
     484    504       -0.00051
     484    505        0.00026
     484    507       -0.00025
     485    495        0.00155
     485    496        0.00611
     485    499       -0.00120
     485    500        0.00119
     485    504        0.00053
     485    507        0.00024
     487    495       -0.00163
     488    495        0.00015
     489    495       -0.09627
     489    496       -0.00170
     489    499        0.00528
     489    500        0.00044
     489    504        0.00076
     489    505       -0.00089
     489    507        0.00032
     489    513        0.00022
     490    495        0.66017
     490    496        0.04243
     490    499       -0.02150
     490    500       -0.00455
     490    504       -0.00560
     490    505        0.00426
     490    507       -0.00221
     490    513       -0.00085
     490    515        0.00040
     490    526       -0.00012
     490    528        0.00013
     490    530       -0.00013
     490    532       -0.00011
     490    536        0.00043
     490    538        0.00013
     490    542       -0.00015
     490    547        0.00013
     490    548       -0.00011
     490    575       -0.00010
     491    495       -0.00997
     491    496        0.22852
     491    497       -0.00035
     491    499        0.00327
     491    500        0.00256
     491    504       -0.00143
     491    505        0.00128
     491    507        0.00097
     491    513        0.00026
     491    515       -0.00027
     491    525        0.00013
     491    542       -0.00024
     491    544       -0.00012
     491    545        0.00015
     492    496        0.00032
     492    499        0.00013
     493    495        0.00211
     493    496        0.00303
     493    499       -0.00151
     493    500        0.00841
     493    504       -0.00182
     493    505        0.00041
