     248    495       -0.00013
     442    496       -0.00019
     444    496       -0.00014
     450    496       -0.00017
     457    496        0.00031
     460    495       -0.00025
     462    495        0.00032
     462    496        0.00024
     462    499       -0.00012
     463    495        0.00031
     463    496        0.00041
     463    499       -0.00017
     463    500        0.00011
     470    495       -0.00020
     470    496       -0.00030
     470    499        0.00021
     470    500       -0.00014
     471    495        0.00013
     471    496        0.00043
     471    499       -0.00010
     471    500        0.00013
     472    495        0.00031
     472    499       -0.00012
     474    495       -0.00037
     474    496       -0.00031
     474    499        0.00018
     475    495       -0.00065
     475    496        0.00011
     475    499        0.00011
     476    495        0.00019
     476    496       -0.00021
     478    496       -0.00013
     481    495        0.00130
     481    496       -0.00063
     481    499       -0.00019
     481    500       -0.00022
     481    504       -0.00016
     481    505        0.00020
     484    495       -0.00546
     484    496        0.00159
     484    499        0.00086
     484    500        0.00067
     484    504        0.00053
     484    505       -0.00072
     484    507        0.00017
     484    513        0.00016
     485    495       -0.00227
     485    496       -0.00037
     485    499        0.00037
     485    504        0.00010
     485    505       -0.00017
     489    495       -0.00486
     489    496       -0.00973
     489    499        0.00067
     489    500       -0.00167
     489    504       -0.00096
     489    505        0.00054
     489    507       -0.00018
     490    495       -0.00394
     490    496       -0.00500
     490    499        0.00033
     490    500       -0.00080
     490    504       -0.00061
     490    505        0.00034
     491    495        0.00387
     491    496        0.00284
     491    499       -0.00031
     491    500        0.00034
     491    504        0.00023
     493    495        0.70234
     493    496        0.07763
     493    499       -0.02031
     493    500       -0.00237
     493    504       -0.00462
     493    505        0.00381
     493    507       -0.00211
     493    513       -0.00072
     493    515        0.00052
     493    525       -0.00012
     493    526       -0.00015
     493    528        0.00014
     493    532       -0.00011
     493    535        0.00011
     493    536        0.00042
     493    538        0.00012
     493    542       -0.00011
     493    547        0.00014
     493    575       -0.00010
     493    616        0.00010
