     248    496       -0.00018
     264    496        0.00012
     442    495       -0.00019
     442    496       -0.00021
     444    495       -0.00012
     444    496       -0.00022
     450    495       -0.00017
     450    496       -0.00023
     450    499       -0.00013
     457    495        0.00034
     457    496        0.00023
     460    495        0.00010
     460    496       -0.00019
     462    495        0.00019
     462    496        0.00047
     463    495        0.00038
     463    496        0.00062
     465    496        0.00012
     470    495       -0.00032
     470    496       -0.00035
     470    499        0.00010
     471    495        0.00048
     471    496        0.00055
     471    499        0.00011
     472    496        0.00028
     474    495       -0.00027
     474    496       -0.00054
     474    500       -0.00011
     475    495        0.00028
     475    496       -0.00036
     475    499        0.00016
     476    495       -0.00029
     476    499       -0.00010
     478    495       -0.00017
     481    495       -0.00109
     481    496        0.00017
     481    499       -0.00058
     481    500        0.00020
     481    505        0.00023
     481    507        0.00014
     484    495        0.00335
     484    496       -0.00193
     484    499        0.00192
     484    500       -0.00082
     484    504        0.00023
     484    505       -0.00078
     484    507       -0.00049
     484    515        0.00015
     484    542        0.00014
     485    495        0.00015
     485    496       -0.00209
     485    499        0.00019
     485    500       -0.00029
     485    505       -0.00011
     485    507       -0.00011
     487    495       -0.00011
     488    495       -0.00033
     488    499        0.00023
     489    495       -0.01467
     489    496       -0.01735
     489    499       -0.00472
     489    504       -0.00092
     489    505        0.00116
     489    507        0.00038
     489    513       -0.00028
     489    515       -0.00020
     489    525        0.00022
     489    534        0.00015
     489    535       -0.00015
     489    542       -0.00017
     490    495       -0.00735
     490    496       -0.01031
     490    499       -0.00262
     490    504       -0.00043
     490    505        0.00068
     490    507        0.00025
     490    525        0.00017
     490    535       -0.00010
     490    542       -0.00013
     491    495        0.00549
     491    496        0.00757
     491    499        0.00124
     491    500        0.00011
     491    504        0.00019
     491    505       -0.00025
     492    499        0.00020
     493    495       -0.07767
     493    496        0.70180
     493    498       -0.00010
     493    499        0.00977
     493    500        0.02202
     493    504        0.00329
     493    505        0.00079
     493    507        0.00396
     493    509       -0.00012
     493    513        0.00111
     493    515       -0.00046
     493    530        0.00015
     493    536       -0.00025
     493    540        0.00017
     493    542       -0.00037
     493    543       -0.00011
     493    544       -0.00021
     493    545        0.00024
     493    559        0.00011
     493    560       -0.00012
     493    565       -0.00011
     493    574       -0.00013
     493    599       -0.00010
     493    601       -0.00011
     493    629        0.00014
     493    631       -0.00015
     493    632        0.00013
     493    658        0.00011
     493    662       -0.00014
     494    495       -0.00033
     494    496        0.00244
     494    499        0.00051
     494    500       -0.00042
