     247    497        0.00015
     263    497       -0.00012
     435    498        0.00010
     441    497       -0.00012
     446    497       -0.00012
     448    497        0.00013
     448    498        0.00024
     449    498       -0.00015
     454    498        0.00015
     455    497       -0.00016
     455    498       -0.00022
     458    497        0.00013
     459    497       -0.00019
     459    498        0.00016
     464    497        0.00024
     464    501       -0.00014
     464    506        0.00018
     466    497       -0.00011
     466    498        0.00014
     466    506       -0.00012
     467    497       -0.00034
     467    498        0.00022
     467    501        0.00011
     467    506       -0.00012
     468    497        0.00032
     468    498       -0.00035
     468    501       -0.00011
     468    506        0.00012
     469    497       -0.00012
     473    497       -0.00012
     473    498        0.00024
     477    497        0.00027
     477    498       -0.00091
     479    497       -0.00037
     479    498        0.00073
     479    501        0.00011
     480    497        0.00028
     480    498       -0.00017
     482    497       -0.00187
     482    498        0.00159
     482    501        0.00016
     482    502       -0.00025
     482    503       -0.00017
     482    506       -0.00028
     482    508       -0.00015
     483    497       -0.00198
     483    498        0.00200
     483    501        0.00026
     483    502       -0.00027
     483    503       -0.00018
     483    506       -0.00039
     483    508       -0.00014
     483    514       -0.00013
     486    497        0.00123
     486    498       -0.00257
     486    501       -0.00016
     486    502        0.00034
     486    503        0.00023
     486    506        0.00034
     486    508        0.00019
     486    514        0.00012
     487    497        0.00069
     487    501       -0.00014
     487    503        0.00015
     487    506        0.00017
     488    497        0.01633
     488    498        0.00806
     488    501       -0.00099
     488    502       -0.00038
     488    506        0.00026
     488    508       -0.00017
     488    516        0.00013
     488    533       -0.00010
     492    497        0.01668
     492    498        0.00912
     492    501       -0.00099
     492    502       -0.00042
     492    506        0.00029
     492    508       -0.00023
     494    497        0.70605
     494    498        0.02398
     494    499       -0.00013
     494    501       -0.01082
     494    502        0.00292
     494    503        0.00552
     494    506        0.00640
     494    508        0.00136
     494    514        0.00051
     494    516        0.00018
     494    527       -0.00011
     494    533       -0.00021
     494    539        0.00014
     494    541       -0.00029
     494    543       -0.00024
     494    548        0.00013
     494    549        0.00017
     494    569        0.00011
     494    574       -0.00014
     494    576       -0.00014
     494    578       -0.00025
     494    584       -0.00024
     494    603        0.00020
     494    604        0.00012
     494    606       -0.00013
     494    622       -0.00011
     494    629       -0.00011
     494   1045        0.00012
