     247    498        0.00015
     263    498       -0.00011
     435    497        0.00011
     441    498       -0.00010
     446    498       -0.00012
     448    497        0.00025
     448    498        0.00013
     449    497       -0.00017
     454    497        0.00017
     455    497       -0.00024
     455    498       -0.00011
     459    497        0.00019
     459    498       -0.00017
     464    498        0.00018
     464    502       -0.00011
     464    506        0.00012
     464    508       -0.00010
     466    497        0.00016
     467    497        0.00029
     467    498       -0.00027
     468    497       -0.00043
     468    498        0.00025
     473    497        0.00035
     473    498       -0.00014
     477    497       -0.00121
     477    498        0.00028
     477    501       -0.00016
     477    506        0.00011
     477    514        0.00011
     479    497        0.00097
     479    498       -0.00037
     479    501        0.00016
     480    497       -0.00024
     480    498        0.00027
     482    497        0.00226
     482    498       -0.00184
     482    501        0.00021
     482    502        0.00020
     482    506       -0.00026
     482    508        0.00024
     482    514       -0.00016
     483    497        0.00287
     483    498       -0.00194
     483    501        0.00033
     483    502        0.00028
     483    503       -0.00013
     483    506       -0.00035
     483    508        0.00029
     483    514       -0.00018
     483    516        0.00010
     486    497       -0.00372
     486    498        0.00126
     486    501       -0.00031
     486    502       -0.00020
     486    503        0.00010
     486    506        0.00037
     486    508       -0.00028
     486    514        0.00023
     486    516       -0.00011
     487    497        0.00017
     487    498        0.00068
     487    502       -0.00014
     487    503       -0.00012
     487    506        0.00013
     487    508       -0.00011
     488    497        0.01182
     488    498        0.01552
     488    501        0.00054
     488    502       -0.00119
     488    503       -0.00047
     488    506       -0.00051
     488    508       -0.00026
     488    514       -0.00057
     488    527       -0.00014
     488    537        0.00015
     488    558       -0.00010
     492    497        0.02277
     492    498        0.01523
     492    501        0.00032
     492    502       -0.00106
     492    503       -0.00038
     492    506       -0.00024
     492    508       -0.00014
     492    514       -0.00048
     492    527       -0.00013
     492    537        0.00012
     493    498        0.00013
     494    497       -0.02505
     494    498        0.70560
     494    499       -0.00041
     494    501       -0.00183
     494    502       -0.01612
     494    503       -0.00443
     494    506        0.00209
     494    508       -0.00626
     494    514       -0.00034
     494    516       -0.00100
     494    517       -0.00037
     494    519       -0.00012
     494    539       -0.00030
     494    541        0.00017
     494    545       -0.00015
     494    548       -0.00023
     494    549       -0.00028
     494    552       -0.00012
     494    576       -0.00021
     494    577        0.00010
     494    578        0.00014
     494    581       -0.00012
     494    582        0.00011
     494    584       -0.00025
     494    591        0.00022
     494    592       -0.00037
     494    593        0.00014
     494    597       -0.00012
     494    603       -0.00017
     494    608        0.00012
