-0.88978712E+02
-0.88978613E+02
-0.88937415E+02
-0.88936659E+02
-0.88936111E+02
-0.88935592E+02
-0.88929948E+02
-0.88929577E+02
-0.88929248E+02
-0.88928889E+02
-0.24761801E+02
-0.24761666E+02
-0.24759029E+02
-0.24758957E+02
-0.24751031E+02
-0.24750856E+02
-0.24748106E+02
-0.24747921E+02
-0.19167978E+02
-0.19167545E+02
-0.19159977E+02
-0.19159707E+02
-0.14423950E+02
-0.14422308E+02
-0.14416882E+02
-0.14415163E+02
-0.14383939E+02
-0.14383649E+02
-0.14382218E+02
-0.14381924E+02
-0.14378661E+02
-0.14378511E+02
-0.14371907E+02
-0.14371736E+02
-0.14365290E+02
-0.14365281E+02
-0.14349828E+02
-0.14349663E+02
-0.10317695E+02
-0.10317428E+02
-0.10312630E+02
-0.10312543E+02
-0.10310140E+02
-0.10309930E+02
-0.10309687E+02
-0.10309527E+02
-0.10297003E+02
-0.10296762E+02
-0.10293944E+02
-0.10293903E+02
-0.10293657E+02
-0.10293641E+02
-0.10286690E+02
-0.10286432E+02
-0.10274774E+02
-0.10274584E+02
-0.10272799E+02
-0.10272727E+02
-0.10272539E+02
-0.10272532E+02
-0.10272130E+02
-0.10272070E+02
-0.10268370E+02
-0.10268187E+02
-0.10267539E+02
-0.10267393E+02
-0.10265120E+02
-0.10265117E+02
-0.10257747E+02
-0.10256183E+02
-0.10254175E+02
-0.10253767E+02
-0.10251787E+02
-0.10251615E+02
-0.10251472E+02
-0.10251415E+02
-0.10250868E+02
-0.10250795E+02
-0.10250765E+02
-0.10250762E+02
-0.10250635E+02
-0.10250462E+02
-0.10250386E+02
-0.10250090E+02
-0.10248552E+02
-0.10248179E+02
-0.10247243E+02
-0.10246886E+02
-0.10246254E+02
-0.10244718E+02
-0.10242791E+02
-0.10242618E+02
-0.10241664E+02
-0.10241646E+02
-0.10241189E+02
-0.10241039E+02
-0.10241031E+02
-0.10241028E+02
-0.10240877E+02
-0.10240391E+02
-0.10240365E+02
-0.10239998E+02
-0.10237824E+02
-0.10237616E+02
-0.10236428E+02
-0.10236235E+02
-0.10233817E+02
-0.10233471E+02
-0.10232022E+02
-0.10231795E+02
-0.10230830E+02
-0.10230594E+02
-0.10229363E+02
-0.10229073E+02
-0.10227479E+02
-0.10227176E+02
-0.10222291E+02
-0.10222263E+02
-0.10221793E+02
-0.10220630E+02
-0.10220607E+02
-0.10220451E+02
-0.10218935E+02
-0.10218717E+02
-0.10216243E+02
-0.10215410E+02
-0.10215383E+02
-0.10215374E+02
-0.10214019E+02
-0.10213933E+02
-0.10200425E+02
-0.10200307E+02
-0.10200112E+02
-0.10200003E+02
-0.80257721E+01
-0.80256734E+01
-0.79901141E+01
-0.79893287E+01
-0.79887104E+01
-0.79881468E+01
-0.79828705E+01
-0.79825073E+01
-0.79816508E+01
-0.79813097E+01
-0.59927172E+01
-0.59926157E+01
-0.59871265E+01
-0.59870290E+01
-0.59844611E+01
-0.59843634E+01
-0.59560568E+01
-0.59552633E+01
-0.59547109E+01
-0.59541399E+01
-0.59520796E+01
-0.59512836E+01
-0.59507412E+01
-0.59501719E+01
-0.59489720E+01
-0.59486057E+01
-0.59480286E+01
-0.59479379E+01
-0.59475928E+01
-0.59472607E+01
-0.59465363E+01
-0.59459904E+01
-0.59453786E+01
-0.59450167E+01
-0.59441979E+01
-0.59438525E+01
-0.59401939E+01
-0.59398320E+01
-0.59388416E+01
-0.59385063E+01
-0.12869643E+01
-0.12868287E+01
-0.12840547E+01
-0.12839879E+01
-0.12514997E+01
-0.12511099E+01
-0.12400966E+01
-0.12399410E+01
-0.10804887E+01
-0.10793934E+01
-0.10584309E+01
-0.10581529E+01
-0.10282779E+01
-0.10278452E+01
-0.10189074E+01
-0.10181081E+01
-0.10122679E+01
-0.10115239E+01
-0.96450005E+00
-0.96445601E+00
-0.95679170E+00
-0.95664824E+00
-0.95313335E+00
-0.95300863E+00
-0.94206281E+00
-0.94185677E+00
-0.93661901E+00
-0.93652095E+00
-0.93509106E+00
-0.93503762E+00
-0.92603522E+00
-0.92589003E+00
-0.92409514E+00
-0.92390313E+00
-0.89478728E+00
-0.89414064E+00
-0.88830518E+00
-0.88821667E+00
-0.88673072E+00
-0.88655662E+00
-0.88233731E+00
-0.88174391E+00
-0.87450447E+00
-0.87423463E+00
-0.86617469E+00
-0.86612995E+00
-0.83712040E+00
-0.83703624E+00
-0.83299813E+00
-0.83286299E+00
-0.82164710E+00
-0.82164280E+00
-0.81316308E+00
-0.81295320E+00
-0.81007633E+00
-0.80988522E+00
-0.80651214E+00
-0.80646461E+00
-0.80048802E+00
-0.80033783E+00
-0.79843757E+00
-0.79836428E+00
-0.79503603E+00
-0.79464706E+00
-0.79112534E+00
-0.79061677E+00
-0.76579830E+00
-0.76563692E+00
-0.75173499E+00
-0.75092508E+00
-0.74790048E+00
-0.74696478E+00
-0.74106771E+00
-0.74100230E+00
-0.72474457E+00
-0.72453409E+00
-0.71964369E+00
-0.71908689E+00
-0.71399457E+00
-0.71338121E+00
-0.70694236E+00
-0.70611840E+00
-0.69930801E+00
-0.69930055E+00
-0.69740065E+00
-0.69730064E+00
-0.69298021E+00
-0.69276990E+00
-0.69079414E+00
-0.69065441E+00
-0.67511706E+00
-0.67508815E+00
-0.66159359E+00
-0.66151482E+00
-0.65242553E+00
-0.65189540E+00
-0.64297755E+00
-0.64294331E+00
-0.64108890E+00
-0.64099262E+00
-0.63743049E+00
-0.63742163E+00
-0.63007945E+00
-0.62963931E+00
-0.62157938E+00
-0.62154660E+00
-0.60820578E+00
-0.60820276E+00
-0.59924030E+00
-0.59923047E+00
-0.59737850E+00
-0.59726826E+00
-0.59119278E+00
-0.59096913E+00
-0.58833758E+00
-0.58809482E+00
-0.58390826E+00
-0.58350685E+00
-0.57428301E+00
-0.57428209E+00
-0.57224448E+00
-0.57223964E+00
-0.56803891E+00
-0.56778357E+00
-0.56031607E+00
-0.56004850E+00
-0.55683210E+00
-0.55658787E+00
-0.55542336E+00
-0.55541680E+00
-0.55019360E+00
-0.55015265E+00
-0.54376258E+00
-0.54370968E+00
-0.53365125E+00
-0.53346197E+00
-0.52698191E+00
-0.52660684E+00
-0.52319951E+00
-0.52316249E+00
-0.52203787E+00
-0.52191957E+00
-0.52093627E+00
-0.52085575E+00
-0.51535278E+00
-0.51491514E+00
-0.51403978E+00
-0.51207258E+00
-0.50908867E+00
-0.50880431E+00
-0.50501282E+00
-0.50402540E+00
-0.50165345E+00
-0.50154537E+00
-0.50026766E+00
-0.50006005E+00
-0.49999154E+00
-0.49993129E+00
-0.49771829E+00
-0.49758214E+00
-0.48641122E+00
-0.48577195E+00
-0.48288924E+00
-0.48265982E+00
-0.48192369E+00
-0.48183019E+00
-0.47738412E+00
-0.47724563E+00
-0.47312423E+00
-0.47304923E+00
-0.47012382E+00
-0.46973070E+00
-0.46715164E+00
-0.46667841E+00
-0.46637096E+00
-0.46561045E+00
-0.46518719E+00
-0.46505158E+00
-0.46341647E+00
-0.46322946E+00
-0.46165769E+00
-0.46129504E+00
-0.45945076E+00
-0.45909269E+00
-0.45782330E+00
-0.45670029E+00
-0.45408552E+00
-0.45337602E+00
-0.45312227E+00
-0.45214004E+00
-0.45186919E+00
-0.45143489E+00
-0.44561544E+00
-0.44540305E+00
-0.43627916E+00
-0.43620670E+00
-0.43612769E+00
-0.43602038E+00
-0.43385025E+00
-0.43382401E+00
-0.43280978E+00
-0.43274935E+00
-0.43243532E+00
-0.43167768E+00
-0.43112524E+00
-0.43080990E+00
-0.42867957E+00
-0.42691077E+00
-0.42690906E+00
-0.42665628E+00
-0.42635804E+00
-0.42628592E+00
-0.42434792E+00
-0.42373014E+00
-0.42270004E+00
-0.42252958E+00
-0.42175564E+00
-0.42103823E+00
-0.41970256E+00
-0.41951689E+00
-0.41844798E+00
-0.41776476E+00
-0.41396431E+00
-0.41391989E+00
-0.40686697E+00
-0.40673197E+00
-0.40653457E+00
-0.40652693E+00
-0.40462065E+00
-0.40420601E+00
-0.39993131E+00
-0.39983069E+00
-0.39912927E+00
-0.39805951E+00
-0.39722004E+00
-0.39703127E+00
-0.39629223E+00
-0.39615964E+00
-0.39293727E+00
-0.39211210E+00
-0.38960609E+00
-0.38954324E+00
-0.38782771E+00
-0.38778222E+00
-0.38742616E+00
-0.38728412E+00
-0.38643259E+00
-0.38641983E+00
-0.38407577E+00
-0.38396240E+00
-0.38315997E+00
-0.38306508E+00
-0.38217097E+00
-0.38212264E+00
-0.38155278E+00
-0.38138625E+00
-0.37711813E+00
-0.37691129E+00
-0.37533707E+00
-0.37524239E+00
-0.37352916E+00
-0.37344756E+00
-0.36931643E+00
-0.36930761E+00
-0.36653940E+00
-0.36611809E+00
-0.36491706E+00
-0.36481004E+00
-0.36383728E+00
-0.36366120E+00
-0.35829741E+00
-0.35818969E+00
-0.35675124E+00
-0.35671888E+00
-0.35576730E+00
-0.35566455E+00
-0.34862558E+00
-0.34856483E+00
-0.34598061E+00
-0.34584703E+00
-0.34285902E+00
-0.34247431E+00
-0.33773335E+00
-0.33655452E+00
-0.32976355E+00
-0.32881639E+00
-0.31233897E+00
-0.31220591E+00
-0.31180233E+00
-0.31163250E+00
-0.30894552E+00
-0.30877511E+00
-0.29071902E+00
-0.29063306E+00
-0.28694647E+00
-0.28682745E+00
-0.28442337E+00
-0.28436837E+00
-0.27770367E+00
-0.27764268E+00
-0.27329277E+00
-0.27321111E+00
-0.27298751E+00
-0.27286991E+00
-0.27269385E+00
-0.27264970E+00
-0.26869127E+00
-0.26848178E+00
-0.26369258E+00
-0.26356103E+00
-0.25857840E+00
-0.25838260E+00
-0.23660512E+00
-0.23660369E+00
-0.23557451E+00
-0.23533181E+00
-0.22570203E+00
-0.22538426E+00
-0.20706946E+00
-0.20705052E+00
-0.11882765E+00
-0.11879710E+00
-0.11106661E+00
-0.11101678E+00
-0.94001032E-01
-0.93861830E-01
-0.93062277E-01
-0.92953838E-01
-0.88445340E-01
-0.88432076E-01
-0.53239905E-01
-0.53072014E-01
-0.45050374E-01
-0.44902338E-01
-0.31045373E-01
-0.30939891E-01
-0.27184636E-01
-0.26884171E-01
-0.23695671E-01
-0.23587870E-01
-0.15329031E-01
-0.15249973E-01
-0.10567449E-01
-0.10516129E-01
-0.94058887E-02
-0.93944343E-02
-0.62399546E-02
-0.55370654E-02
-0.53766573E-02
-0.51458985E-02
-0.99497189E-03
-0.81508493E-03
 0.34648642E-03
 0.58419920E-03
 0.84960380E-03
 0.13654568E-02
 0.26251541E-02
 0.26681832E-02
 0.35823821E-02
 0.36687603E-02
 0.54221539E-02
 0.55210517E-02
 0.79084004E-02
 0.79763707E-02
 0.90890669E-02
 0.93742469E-02
 0.10996408E-01
 0.11144076E-01
 0.11923813E-01
 0.12155973E-01
 0.15292089E-01
 0.15369040E-01
 0.17413967E-01
 0.17656939E-01
 0.17917074E-01
 0.17952866E-01
 0.20250568E-01
 0.20537723E-01
 0.21291862E-01
 0.21311076E-01
 0.22701883E-01
 0.22878283E-01
 0.24295107E-01
 0.24623239E-01
 0.24818150E-01
 0.24918425E-01
 0.28722109E-01
 0.28734727E-01
 0.29898505E-01
 0.30061903E-01
 0.30856256E-01
 0.30984464E-01
 0.31378578E-01
 0.31704494E-01
 0.35929742E-01
 0.36173259E-01
 0.36702941E-01
 0.36938457E-01
 0.37475019E-01
 0.37612242E-01
 0.37759870E-01
 0.39731879E-01
 0.40678545E-01
 0.40893921E-01
 0.41077965E-01
 0.41430613E-01
 0.42021603E-01
 0.42208966E-01
 0.42592275E-01
 0.42847632E-01
 0.46015151E-01
 0.46289064E-01
 0.47744592E-01
 0.47791016E-01
 0.48894361E-01
 0.49162498E-01
 0.51468068E-01
 0.51753337E-01
 0.52253387E-01
 0.52794638E-01
 0.53363061E-01
 0.53698090E-01
 0.53930320E-01
 0.54341576E-01
 0.55525351E-01
 0.56784191E-01
 0.57486757E-01
 0.57775348E-01
 0.59688324E-01
 0.60316151E-01
 0.60912851E-01
 0.61545622E-01
 0.62227217E-01
 0.62957470E-01
 0.63948568E-01
 0.64057817E-01
 0.67048296E-01
 0.67233759E-01
 0.67597771E-01
 0.67840506E-01
 0.68342949E-01
 0.68480747E-01
 0.69876788E-01
 0.70546468E-01
 0.70958228E-01
 0.71679309E-01
 0.71904497E-01
 0.72577987E-01
 0.73256477E-01
 0.73510695E-01
 0.74103363E-01
 0.74181341E-01
 0.74507902E-01
 0.74726756E-01
 0.76007625E-01
 0.76765496E-01
 0.77326781E-01
 0.78064241E-01
 0.80218447E-01
 0.80970612E-01
 0.81567225E-01
 0.81974807E-01
 0.82154121E-01
 0.82387290E-01
 0.83264747E-01
 0.83714222E-01
 0.84994795E-01
 0.85108213E-01
 0.86523261E-01
 0.87094332E-01
 0.87170676E-01
 0.87467829E-01
 0.89633414E-01
 0.90732990E-01
 0.91123059E-01
 0.91203240E-01
 0.93096498E-01
 0.93160433E-01
 0.93884321E-01
 0.94284117E-01
 0.94580259E-01
 0.95216212E-01
 0.96306953E-01
 0.97454498E-01
 0.98793415E-01
 0.98999657E-01
 0.99369249E-01
 0.99588128E-01
 0.10076307E+00
 0.10081741E+00
 0.10231353E+00
 0.10267573E+00
 0.10342620E+00
 0.10383868E+00
 0.10526778E+00
 0.10539067E+00
 0.10630115E+00
 0.10671242E+00
 0.10794675E+00
 0.10869656E+00
 0.11010859E+00
 0.11070086E+00
 0.11136364E+00
 0.11161096E+00
 0.11406155E+00
 0.11420249E+00
 0.11516141E+00
 0.11561011E+00
 0.11707270E+00
 0.11736264E+00
 0.11790671E+00
 0.11833911E+00
 0.11998334E+00
 0.12084686E+00
 0.12106128E+00
 0.12146023E+00
 0.12219276E+00
 0.12231060E+00
 0.12405331E+00
 0.12451035E+00
 0.12481720E+00
 0.12509673E+00
 0.12669960E+00
 0.12719342E+00
 0.12754357E+00
 0.12800001E+00
 0.12865896E+00
 0.12907831E+00
 0.13048970E+00
 0.13193041E+00
 0.13289559E+00
 0.13357209E+00
 0.13392496E+00
 0.13409353E+00
 0.13438939E+00
 0.13496390E+00
 0.13699716E+00
 0.13733580E+00
 0.13877613E+00
 0.13919783E+00
 0.13980212E+00
 0.13993330E+00
 0.14030374E+00
 0.14042796E+00
 0.14090300E+00
 0.14128565E+00
 0.14275853E+00
 0.14326521E+00
 0.14354106E+00
 0.14394778E+00
 0.14443587E+00
 0.14456293E+00
 0.14634742E+00
 0.14679094E+00
 0.14728326E+00
 0.14739604E+00
 0.14851483E+00
 0.14912959E+00
 0.14950680E+00
 0.14970162E+00
 0.15035962E+00
 0.15086168E+00
 0.15286069E+00
 0.15310001E+00
 0.15465246E+00
 0.15489395E+00
 0.15565424E+00
 0.15648279E+00
 0.15677877E+00
 0.15696942E+00
 0.15818513E+00
 0.15837575E+00
 0.16068160E+00
 0.16104828E+00
 0.16186143E+00
 0.16215914E+00
 0.16251318E+00
 0.16333989E+00
 0.16357734E+00
 0.16366474E+00
 0.16431895E+00
 0.16455742E+00
 0.16500043E+00
 0.16525192E+00
 0.16572518E+00
 0.16635080E+00
 0.16650121E+00
 0.16705736E+00
 0.16742070E+00
 0.16790477E+00
 0.16840765E+00
 0.16901296E+00
 0.16935884E+00
 0.16985004E+00
 0.17071974E+00
 0.17097661E+00
 0.17137531E+00
 0.17284325E+00
 0.17330395E+00
 0.17478411E+00
 0.17745125E+00
 0.17767865E+00
 0.17896816E+00
 0.17906191E+00
 0.17960517E+00
 0.17982008E+00
 0.18003859E+00
 0.18018276E+00
 0.18109069E+00
 0.18172087E+00
 0.18195353E+00
 0.18237547E+00
 0.18297161E+00
 0.18352993E+00
 0.18412101E+00
 0.18462132E+00
 0.18508131E+00
 0.18535759E+00
 0.18607918E+00
 0.18625433E+00
 0.18675787E+00
 0.18705131E+00
 0.18780311E+00
 0.18843961E+00
 0.18901023E+00
 0.18932874E+00
 0.19122347E+00
 0.19126945E+00
 0.19203267E+00
 0.19288825E+00
 0.19352739E+00
 0.19416981E+00
 0.19468173E+00
 0.19511731E+00
 0.19589875E+00
 0.19620349E+00
 0.19664714E+00
 0.19702071E+00
 0.19740330E+00
 0.19758406E+00
 0.19932019E+00
 0.20024633E+00
 0.20067720E+00
 0.20096113E+00
 0.20306710E+00
 0.20349202E+00
 0.20597166E+00
 0.20644176E+00
 0.20762479E+00
 0.20774891E+00
 0.20874295E+00
 0.20907673E+00
 0.20984830E+00
 0.21045864E+00
 0.21095247E+00
 0.21172033E+00
 0.21215410E+00
 0.21267502E+00
 0.21334736E+00
 0.21368178E+00
 0.21543186E+00
 0.21557230E+00
 0.21645616E+00
 0.21659485E+00
 0.21735751E+00
 0.21836623E+00
 0.21859372E+00
 0.21876407E+00
 0.22010054E+00
 0.22050460E+00
 0.22120865E+00
 0.22153582E+00
 0.22264038E+00
 0.22295824E+00
 0.22346336E+00
 0.22454317E+00
 0.22517636E+00
 0.22576594E+00
 0.22613211E+00
 0.22685256E+00
 0.22750857E+00
 0.22773253E+00
 0.22871999E+00
 0.22886049E+00
 0.22908871E+00
 0.22970805E+00
 0.23010976E+00
 0.23075258E+00
 0.23142794E+00
 0.23159933E+00
 0.23360587E+00
 0.23395220E+00
 0.23550130E+00
 0.23671074E+00
 0.23735058E+00
 0.23760712E+00
 0.23815504E+00
 0.23888113E+00
 0.23937069E+00
 0.23994367E+00
 0.24026221E+00
 0.24076262E+00
 0.24174513E+00
 0.24220766E+00
 0.24282200E+00
 0.24355063E+00
 0.24439637E+00
 0.24458062E+00
 0.24512403E+00
 0.24613928E+00
 0.24728132E+00
 0.24762563E+00
 0.24804378E+00
 0.24835294E+00
 0.24954549E+00
 0.24998025E+00
 0.25028230E+00
 0.25038110E+00
 0.25146321E+00
 0.25160493E+00
 0.25210092E+00
 0.25256468E+00
 0.25291324E+00
 0.25354375E+00
 0.25430763E+00
 0.25458758E+00
 0.25541874E+00
 0.25558541E+00
 0.25680789E+00
 0.25688597E+00
 0.25721246E+00
 0.25750246E+00
 0.25774457E+00
 0.25824567E+00
 0.25851842E+00
 0.26006805E+00
 0.26201377E+00
 0.26231525E+00
 0.26255995E+00
 0.26261408E+00
 0.26312151E+00
 0.26394869E+00
 0.26489542E+00
 0.26580528E+00
 0.26606189E+00
 0.26618683E+00
 0.26664471E+00
 0.26723011E+00
 0.26741631E+00
 0.26800650E+00
 0.26915810E+00
 0.26973410E+00
 0.27019959E+00
 0.27079209E+00
 0.27099520E+00
 0.27164622E+00
 0.27185719E+00
 0.27209535E+00
 0.27243841E+00
 0.27311171E+00
 0.27409823E+00
 0.27464680E+00
 0.27532863E+00
 0.27623578E+00
 0.27645298E+00
 0.27747679E+00
 0.27845901E+00
 0.28034055E+00
 0.28168667E+00
 0.28219555E+00
 0.28287284E+00
 0.28355214E+00
 0.28549411E+00
 0.28576034E+00
 0.28620624E+00
 0.28647862E+00
 0.28684116E+00
 0.28693187E+00
 0.28727652E+00
 0.28800767E+00
 0.28883238E+00
 0.28926019E+00
 0.28979906E+00
 0.29027512E+00
 0.29047900E+00
 0.29099785E+00
 0.29199315E+00
 0.29199809E+00
 0.29302633E+00
 0.29348973E+00
 0.29538312E+00
 0.29558296E+00
 0.29659820E+00
 0.29675438E+00
 0.29717505E+00
 0.29783002E+00
 0.29883323E+00
 0.29924786E+00
 0.29984698E+00
 0.30083132E+00
 0.30152061E+00
 0.30165717E+00
 0.30266437E+00
 0.30399715E+00
 0.30518188E+00
 0.30576594E+00
 0.30610862E+00
 0.30625060E+00
 0.30757273E+00
 0.30817852E+00
 0.30904721E+00
 0.31012550E+00
 0.31046258E+00
 0.31062937E+00
 0.31105175E+00
 0.31145050E+00
 0.31284785E+00
 0.31325837E+00
 0.31426643E+00
 0.31446160E+00
 0.31501829E+00
 0.31571847E+00
 0.31580778E+00
 0.31652690E+00
 0.31682908E+00
 0.31836175E+00
 0.32007777E+00
 0.32074674E+00
 0.32138301E+00
 0.32167672E+00
 0.32233472E+00
 0.32293464E+00
 0.32375806E+00
 0.32409395E+00
 0.32564751E+00
 0.32624761E+00
 0.32722166E+00
 0.32774168E+00
 0.32831423E+00
 0.32849567E+00
 0.32972682E+00
 0.33002460E+00
 0.33077914E+00
 0.33123153E+00
 0.33177501E+00
 0.33262963E+00
 0.33277614E+00
 0.33384996E+00
 0.33464374E+00
 0.33477006E+00
 0.33546279E+00
 0.33576594E+00
 0.33637454E+00
 0.33705418E+00
 0.33752529E+00
 0.33822718E+00
 0.33944369E+00
 0.34015070E+00
 0.34072457E+00
 0.34108970E+00
 0.34199942E+00
 0.34242928E+00
 0.34343964E+00
 0.34432085E+00
 0.34567158E+00
 0.34654040E+00
 0.34724657E+00
 0.34980215E+00
 0.35043774E+00
 0.35087249E+00
 0.35240385E+00
 0.35286473E+00
 0.35349539E+00
 0.35411846E+00
 0.35479001E+00
 0.35598456E+00
 0.35731789E+00
 0.35743348E+00
 0.35807495E+00
 0.35846423E+00
 0.35961245E+00
 0.35986967E+00
 0.36107659E+00
 0.36167211E+00
 0.36326088E+00
 0.36336288E+00
 0.36441107E+00
 0.36495607E+00
 0.36706614E+00
 0.36804290E+00
 0.36852669E+00
 0.36939167E+00
 0.37006037E+00
 0.37079491E+00
 0.37128283E+00
 0.37233282E+00
 0.37285315E+00
 0.37338813E+00
 0.37386700E+00
 0.37402779E+00
 0.37608624E+00
 0.37688391E+00
 0.37756494E+00
 0.37814048E+00
 0.37930277E+00
 0.37955644E+00
 0.38007416E+00
 0.38099126E+00
 0.38443670E+00
 0.38463929E+00
 0.38535683E+00
 0.38544134E+00
 0.38577050E+00
 0.38617359E+00
 0.38775098E+00
 0.38843003E+00
 0.38929972E+00
 0.38932098E+00
 0.38986452E+00
 0.39147294E+00
 0.39387625E+00
 0.39425515E+00
 0.39494499E+00
 0.39533290E+00
 0.39995119E+00
 0.40060723E+00
 0.40240101E+00
 0.40267822E+00
 0.40343366E+00
 0.40453162E+00
 0.40567413E+00
 0.40680044E+00
 0.40898134E+00
 0.40947921E+00
 0.41057327E+00
 0.41126733E+00
 0.41230013E+00
 0.41297726E+00
 0.41360392E+00
 0.41423968E+00
 0.41499759E+00
 0.41563962E+00
 0.42049174E+00
 0.42100692E+00
 0.42509185E+00
 0.42520873E+00
 0.42725643E+00
 0.42918174E+00
 0.43010972E+00
 0.43031430E+00
 0.43182720E+00
 0.43494116E+00
 0.43538140E+00
 0.43608104E+00
 0.43617595E+00
 0.43739870E+00
 0.44010571E+00
 0.44133743E+00
 0.44316101E+00
 0.44423364E+00
 0.44673527E+00
 0.44696264E+00
 0.44949112E+00
 0.45244799E+00
 0.45335010E+00
 0.45430839E+00
 0.45613902E+00
 0.45657812E+00
 0.45876511E+00
 0.45912284E+00
 0.46268516E+00
 0.46306289E+00
 0.46494768E+00
 0.46553305E+00
 0.46752498E+00
 0.46885090E+00
 0.46927060E+00
 0.47329433E+00
 0.47462227E+00
 0.47547844E+00
 0.47742937E+00
 0.47814433E+00
 0.47919371E+00
 0.48042620E+00
 0.48192861E+00
 0.48352627E+00
 0.48592038E+00
 0.48635018E+00
 0.48643431E+00
 0.48700136E+00
 0.49082312E+00
 0.49145771E+00
 0.49637076E+00
 0.49667539E+00
 0.49844085E+00
 0.49849422E+00
 0.50118470E+00
 0.50204363E+00
 0.50585358E+00
 0.50621766E+00
 0.50673848E+00
 0.50702555E+00
 0.51297236E+00
 0.51309496E+00
 0.51560611E+00
 0.51726910E+00
 0.51752156E+00
 0.51915771E+00
 0.51976946E+00
 0.52230159E+00
 0.52309693E+00
 0.52491875E+00
 0.52595071E+00
 0.52752417E+00
 0.52867156E+00
 0.52928693E+00
 0.53071552E+00
 0.53282517E+00
 0.53946987E+00
 0.54026965E+00
 0.54299193E+00
 0.54343876E+00
 0.54502111E+00
 0.54806057E+00
 0.54962330E+00
 0.54985821E+00
 0.55067476E+00
 0.55197609E+00
 0.55892815E+00
 0.55978454E+00
 0.56185978E+00
 0.56208612E+00
 0.56610933E+00
 0.56671469E+00
 0.57056846E+00
 0.57088283E+00
 0.57494481E+00
 0.57575556E+00
 0.58810618E+00
 0.58842050E+00
 0.59076075E+00
 0.59081399E+00
 0.59703587E+00
 0.59765692E+00
 0.60157961E+00
 0.60219916E+00
 0.60932448E+00
 0.60969151E+00
 0.61824562E+00
 0.61849516E+00
 0.62372674E+00
 0.62455315E+00
 0.62718146E+00
 0.62775346E+00
 0.63500868E+00
 0.63523524E+00
 0.63592590E+00
 0.63659906E+00
 0.63735148E+00
 0.63781363E+00
 0.63859051E+00
 0.63863447E+00
 0.63885837E+00
 0.63932079E+00
 0.64219826E+00
 0.64247924E+00
 0.64340386E+00
 0.64409674E+00
 0.64471986E+00
 0.64582109E+00
 0.64636613E+00
 0.64703594E+00
 0.64813744E+00
 0.64837009E+00
 0.65020545E+00
 0.65069653E+00
 0.65286757E+00
 0.65334359E+00
 0.65539480E+00
 0.65677362E+00
 0.65850740E+00
 0.65981684E+00
 0.66018722E+00
 0.66166974E+00
 0.66364049E+00
 0.66367792E+00
 0.66612312E+00
 0.66636951E+00
 0.66956329E+00
 0.66976211E+00
 0.67174333E+00
 0.67407598E+00
 0.67713752E+00
 0.67752738E+00
 0.67847512E+00
 0.67879293E+00
 0.67919337E+00
 0.67987179E+00
 0.68067869E+00
 0.68202483E+00
 0.68238537E+00
 0.68411744E+00
 0.68456704E+00
 0.68522702E+00
 0.68582888E+00
 0.68625348E+00
 0.68719834E+00
 0.68801496E+00
 0.68834051E+00
 0.68876016E+00
 0.69132263E+00
 0.69152361E+00
 0.69305776E+00
 0.69314975E+00
 0.69460099E+00
 0.69514977E+00
 0.69731941E+00
 0.69843152E+00
 0.69935544E+00
 0.70005604E+00
 0.70067822E+00
 0.70191528E+00
 0.70268413E+00
 0.70598033E+00
 0.70912155E+00
 0.71119336E+00
 0.71196786E+00
 0.71235345E+00
 0.71296723E+00
 0.71399755E+00
 0.71520492E+00
 0.71554788E+00
 0.71740177E+00
 0.71773902E+00
 0.71843284E+00
 0.71854078E+00
 0.71889274E+00
 0.72182182E+00
 0.72197743E+00
 0.72276159E+00
 0.72392644E+00
 0.72636571E+00
 0.72686648E+00
 0.72912073E+00
 0.73072072E+00
 0.73169503E+00
 0.73233393E+00
 0.73241323E+00
 0.73284482E+00
 0.73315310E+00
 0.73469758E+00
 0.73490964E+00
 0.73515534E+00
 0.73627832E+00
 0.73870395E+00
 0.74116640E+00
 0.74255185E+00
 0.74318399E+00
 0.74364476E+00
 0.74413698E+00
 0.74542844E+00
 0.74602819E+00
 0.74694566E+00
 0.74775418E+00
 0.75015819E+00
 0.75049699E+00
 0.75235517E+00
 0.75323125E+00
 0.75367267E+00
 0.75684411E+00
 0.75739866E+00
 0.75883700E+00
 0.75959294E+00
 0.76368472E+00
 0.76466439E+00
 0.76470190E+00
 0.76538886E+00
 0.76671602E+00
 0.76767524E+00
 0.76884107E+00
 0.76931170E+00
 0.77108616E+00
 0.77245427E+00
 0.77251460E+00
 0.77724180E+00
 0.77748378E+00
 0.77824658E+00
 0.77953348E+00
 0.77974629E+00
 0.78049683E+00
 0.78317540E+00
 0.78346180E+00
 0.78404002E+00
 0.78458715E+00
 0.78528277E+00
 0.78570463E+00
 0.78684039E+00
 0.78831002E+00
 0.79218407E+00
 0.79328227E+00
 0.79596006E+00
 0.79672182E+00
 0.80211211E+00
 0.80285420E+00
 0.80423197E+00
 0.80485759E+00
 0.80816724E+00
 0.80898308E+00
 0.80945411E+00
 0.81016917E+00
 0.81193421E+00
 0.81232323E+00
 0.81336765E+00
 0.81429035E+00
 0.81608319E+00
 0.81690942E+00
 0.81947703E+00
 0.82019481E+00
 0.82174964E+00
 0.82231807E+00
 0.82503920E+00
 0.82573848E+00
 0.82809950E+00
 0.82907249E+00
 0.83153187E+00
 0.83255632E+00
 0.83458368E+00
 0.83464919E+00
 0.83651754E+00
 0.83726010E+00
 0.83940411E+00
 0.83962168E+00
 0.84100484E+00
 0.84162506E+00
 0.84382041E+00
 0.84411469E+00
 0.84572839E+00
 0.84658006E+00
 0.84797078E+00
 0.84850523E+00
 0.84899473E+00
 0.84921670E+00
 0.85202667E+00
 0.85235423E+00
 0.85513300E+00
 0.85540924E+00
 0.85593915E+00
 0.85649133E+00
 0.85909312E+00
 0.86036088E+00
 0.86099774E+00
 0.86181411E+00
 0.87068597E+00
 0.87112198E+00
 0.87387601E+00
 0.87753247E+00
 0.87954997E+00
 0.88142759E+00
 0.88151182E+00
 0.88222907E+00
 0.88327336E+00
 0.88380089E+00
 0.89077666E+00
 0.89100087E+00
 0.89160824E+00
 0.89337792E+00
 0.89662518E+00
 0.89778863E+00
 0.89860095E+00
 0.90075731E+00
 0.90222017E+00
 0.90240668E+00
 0.90569384E+00
 0.90692169E+00
 0.90910800E+00
 0.90938565E+00
 0.91163366E+00
 0.91453331E+00
 0.91825584E+00
 0.91872633E+00
 0.93217969E+00
 0.93292837E+00
 0.93355486E+00
 0.93443500E+00
 0.93481528E+00
 0.93676810E+00
 0.93814874E+00
 0.93848940E+00
 0.94170158E+00
 0.94291719E+00
 0.94425270E+00
 0.94576329E+00
 0.94611841E+00
 0.94924494E+00
 0.95063776E+00
 0.95249250E+00
 0.95602786E+00
 0.95609080E+00
 0.95862590E+00
 0.95949183E+00
 0.96261893E+00
 0.96397490E+00
 0.96583040E+00
 0.96610061E+00
 0.96954872E+00
 0.97115990E+00
 0.97317969E+00
 0.97324303E+00
 0.97509561E+00
 0.97609214E+00
 0.97656907E+00
 0.97821196E+00
 0.97898155E+00
 0.97931452E+00
 0.98300556E+00
 0.98349899E+00
 0.98504075E+00
 0.98634888E+00
 0.98872904E+00
 0.98991793E+00
 0.99065425E+00
 0.99296951E+00
 0.99738761E+00
 0.99810105E+00
 0.99900214E+00
 0.99922413E+00
 0.99991342E+00
 0.10012418E+01
 0.10029883E+01
 0.10037089E+01
 0.10049454E+01
 0.10055018E+01
 0.10061996E+01
 0.10071591E+01
 0.10086485E+01
 0.10096691E+01
 0.10104540E+01
 0.10118333E+01
 0.10147337E+01
 0.10153394E+01
 0.10158405E+01
 0.10180040E+01
 0.10184911E+01
 0.10204473E+01
 0.10221836E+01
 0.10229227E+01
 0.10239989E+01
 0.10245122E+01
 0.10257736E+01
 0.10284265E+01
 0.10289148E+01
 0.10308565E+01
 0.10344603E+01
 0.10354883E+01
 0.10378309E+01
 0.10396414E+01
 0.10427465E+01
 0.10432361E+01
 0.10458814E+01
 0.10460557E+01
 0.10473135E+01
 0.10486745E+01
 0.10497545E+01
 0.10500747E+01
 0.10515088E+01
 0.10521294E+01
 0.10573689E+01
 0.10578999E+01
 0.10608994E+01
 0.10609886E+01
 0.10633730E+01
 0.10638910E+01
 0.10663005E+01
 0.10668309E+01
 0.10687804E+01
 0.10716943E+01
 0.10731588E+01
 0.10732207E+01
 0.10747527E+01
 0.10748474E+01
 0.10788552E+01
 0.10791460E+01
 0.10813355E+01
 0.10824792E+01
 0.10860437E+01
 0.10875007E+01
 0.10901173E+01
 0.10903157E+01
 0.10913168E+01
 0.10924572E+01
 0.10972492E+01
 0.10980691E+01
 0.10986535E+01
 0.11008140E+01
 0.11056037E+01
 0.11059333E+01
 0.11101644E+01
 0.11101918E+01
 0.11114564E+01
 0.11150108E+01
 0.11156870E+01
 0.11166716E+01
 0.11210265E+01
 0.11213023E+01
 0.11240054E+01
 0.11245858E+01
 0.11255255E+01
 0.11274024E+01
 0.11287035E+01
 0.11294812E+01
 0.11297572E+01
 0.11313274E+01
 0.11319097E+01
 0.11332308E+01
 0.11356813E+01
 0.11370221E+01
 0.11372864E+01
 0.11402976E+01
 0.11428839E+01
 0.11437171E+01
 0.11442187E+01
 0.11457191E+01
 0.11475523E+01
 0.11479746E+01
 0.11506554E+01
 0.11535592E+01
 0.11553093E+01
 0.11559418E+01
 0.11580721E+01
 0.11582958E+01
 0.11591388E+01
 0.11595672E+01
 0.11605705E+01
 0.11613688E+01
 0.11632942E+01
 0.11633736E+01
 0.11652878E+01
 0.11653614E+01
 0.11699129E+01
 0.11708266E+01
 0.11709181E+01
 0.11735731E+01
 0.11770213E+01
 0.11786481E+01
 0.11795354E+01
 0.11811626E+01
 0.11823849E+01
 0.11833895E+01
 0.11836825E+01
 0.11847703E+01
 0.11855753E+01
 0.11869366E+01
 0.11884912E+01
 0.11889482E+01
 0.11946629E+01
 0.11949881E+01
 0.11985444E+01
 0.11992390E+01
 0.12042168E+01
 0.12064534E+01
 0.12085591E+01
 0.12109608E+01
 0.12129624E+01
 0.12139971E+01
 0.12210878E+01
 0.12220935E+01
 0.12241551E+01
 0.12251958E+01
 0.12270678E+01
 0.12285261E+01
 0.12287358E+01
 0.12304942E+01
 0.12317935E+01
 0.12344298E+01
 0.12344540E+01
 0.12382026E+01
 0.12437997E+01
 0.12438290E+01
 0.12446818E+01
 0.12448687E+01
 0.12473802E+01
 0.12480184E+01
 0.12482910E+01
 0.12483575E+01
 0.12496326E+01
 0.12504021E+01
 0.12510077E+01
 0.12519411E+01
 0.12536409E+01
 0.12548742E+01
 0.12557495E+01
 0.12560204E+01
 0.12566512E+01
 0.12574873E+01
 0.12598883E+01
 0.12603292E+01
 0.12617748E+01
 0.12625991E+01
 0.12631840E+01
 0.12650467E+01
 0.12661026E+01
 0.12690762E+01
 0.12697062E+01
 0.12715370E+01
 0.12738962E+01
 0.12751090E+01
 0.12759481E+01
 0.12767516E+01
 0.12770409E+01
 0.12779236E+01
 0.12785329E+01
 0.12787114E+01
 0.12794731E+01
 0.12796967E+01
 0.12813293E+01
 0.12826338E+01
 0.12847015E+01
 0.12856580E+01
 0.12866294E+01
 0.12884679E+01
 0.12906269E+01
 0.12907939E+01
 0.12916879E+01
 0.12918712E+01
 0.12932936E+01
 0.12940203E+01
 0.12958388E+01
 0.12971563E+01
 0.12977706E+01
 0.13000455E+01
 0.13024699E+01
 0.13030395E+01
 0.13035785E+01
 0.13047886E+01
 0.13051014E+01
 0.13102707E+01
 0.13106041E+01
 0.13108180E+01
 0.13138457E+01
 0.13158043E+01
 0.13165563E+01
 0.13178109E+01
 0.13197750E+01
 0.13226759E+01
 0.13251702E+01
 0.13254069E+01
 0.13277223E+01
 0.13288011E+01
 0.13341644E+01
 0.13342496E+01
 0.13342967E+01
 0.13349354E+01
 0.13385857E+01
 0.13387965E+01
 0.13401310E+01
 0.13421462E+01
 0.13466239E+01
 0.13466664E+01
 0.13475811E+01
 0.13488563E+01
 0.13499902E+01
 0.13507628E+01
 0.13519180E+01
 0.13526515E+01
 0.13542530E+01
 0.13543809E+01
 0.13551160E+01
 0.13581670E+01
 0.13596182E+01
 0.13617736E+01
 0.13632933E+01
 0.13636929E+01
 0.13648258E+01
 0.13652390E+01
 0.13660897E+01
 0.13693000E+01
 0.13714977E+01
 0.13734061E+01
 0.13736908E+01
 0.13756478E+01
 0.13759261E+01
 0.13763285E+01
 0.13781931E+01
 0.13835937E+01
 0.13852705E+01
 0.13859547E+01
 0.13873667E+01
 0.13908907E+01
 0.13913846E+01
 0.13916831E+01
 0.13918895E+01
 0.13985047E+01
 0.14014367E+01
 0.14018276E+01
 0.14040606E+01
 0.14049409E+01
 0.14072010E+01
 0.14078739E+01
 0.14100429E+01
 0.14102031E+01
 0.14259667E+01
 0.14263230E+01
 0.14276707E+01
 0.14285783E+01
 0.14356563E+01
 0.14364043E+01
 0.14413846E+01
 0.14420222E+01
 0.14473784E+01
 0.14518347E+01
 0.14547264E+01
 0.14553311E+01
 0.14574194E+01
 0.14576690E+01
 0.14594527E+01
 0.14597801E+01
 0.14657237E+01
 0.14661914E+01
 0.14672716E+01
 0.14684688E+01
 0.14706740E+01
 0.14708947E+01
 0.14739864E+01
 0.14749102E+01
 0.14802306E+01
 0.14803335E+01
 0.14891183E+01
 0.14897258E+01
 0.14941469E+01
 0.14948851E+01
 0.14996377E+01
 0.14999658E+01
 0.15012247E+01
 0.15013452E+01
 0.15035449E+01
 0.15043777E+01
 0.15097418E+01
 0.15105330E+01
 0.15129141E+01
 0.15130246E+01
 0.15186948E+01
 0.15188391E+01
 0.15300051E+01
 0.15309385E+01
 0.15346397E+01
 0.15358109E+01
 0.15362601E+01
 0.15376612E+01
 0.15383612E+01
 0.15530858E+01
 0.15553881E+01
 0.15555964E+01
 0.15584433E+01
 0.15585551E+01
 0.15624792E+01
 0.15639896E+01
 0.15654930E+01
 0.15679547E+01
 0.15724170E+01
 0.15767270E+01
 0.15769148E+01
 0.15813066E+01
 0.15824840E+01
 0.15876527E+01
 0.15880816E+01
 0.15889709E+01
 0.15910191E+01
 0.15915899E+01
 0.15961045E+01
 0.15966246E+01
 0.15972004E+01
 0.15977027E+01
 0.15981609E+01
 0.15982972E+01
 0.16041204E+01
 0.16044896E+01
 0.16081602E+01
 0.16091422E+01
 0.16335118E+01
 0.16342934E+01
 0.16352696E+01
 0.16362499E+01
 0.16385219E+01
 0.16391006E+01
 0.16398111E+01
 0.16410280E+01
 0.16419037E+01
 0.16422552E+01
 0.16435579E+01
 0.16439026E+01
 0.16454422E+01
 0.16463071E+01
 0.16527590E+01
 0.16538095E+01
 0.16545435E+01
 0.16562084E+01
 0.16564043E+01
 0.16573056E+01
 0.16577160E+01
 0.16612505E+01
 0.16631732E+01
 0.16636059E+01
 0.16660045E+01
 0.16662127E+01
 0.16663517E+01
 0.16667545E+01
 0.16751805E+01
 0.16784482E+01
 0.16835758E+01
 0.16845728E+01
 0.16891446E+01
 0.16897798E+01
 0.16899325E+01
 0.16910272E+01
 0.16955548E+01
 0.16968821E+01
 0.17031999E+01
 0.17034408E+01
 0.17038111E+01
 0.17047266E+01
 0.17131875E+01
 0.17137111E+01
 0.17156804E+01
 0.17164627E+01
 0.17189862E+01
 0.17202525E+01
 0.17219487E+01
 0.17226023E+01
 0.17256305E+01
 0.17268062E+01
 0.17270231E+01
 0.17275206E+01
 0.17278793E+01
 0.17279425E+01
 0.17300152E+01
 0.17302213E+01
 0.17307089E+01
 0.17313414E+01
 0.17332623E+01
 0.17333689E+01
 0.17409964E+01
 0.17410062E+01
 0.17418908E+01
 0.17422401E+01
 0.17442843E+01
 0.17449593E+01
 0.17491332E+01
 0.17499353E+01
 0.17503841E+01
 0.17505660E+01
 0.17516198E+01
 0.17521754E+01
 0.17524693E+01
 0.17549115E+01
 0.17555331E+01
 0.17566341E+01
 0.17583609E+01
 0.17595051E+01
 0.17613178E+01
 0.17625152E+01
 0.17651592E+01
 0.17654815E+01
 0.17663217E+01
 0.17671463E+01
 0.17690399E+01
 0.17700235E+01
 0.17716906E+01
 0.17719832E+01
 0.17727625E+01
 0.17734735E+01
 0.17743714E+01
 0.17745705E+01
 0.17757281E+01
 0.17769803E+01
 0.17799164E+01
 0.17807970E+01
 0.17834891E+01
 0.17838571E+01
 0.17854893E+01
 0.17865657E+01
 0.17873989E+01
 0.17885831E+01
 0.17906381E+01
 0.17931406E+01
 0.17936041E+01
 0.17939667E+01
 0.17997909E+01
 0.17999873E+01
 0.18020716E+01
 0.18023527E+01
 0.18041088E+01
 0.18043649E+01
 0.18076690E+01
 0.18082886E+01
 0.18086891E+01
 0.18097417E+01
 0.18112978E+01
 0.18114132E+01
 0.18132049E+01
 0.18160227E+01
 0.18168727E+01
 0.18193174E+01
 0.18245048E+01
 0.18247342E+01
 0.18253655E+01
 0.18263447E+01
 0.18308040E+01
 0.18311469E+01
 0.18356400E+01
 0.18358028E+01
 0.18377658E+01
 0.18378266E+01
 0.18445858E+01
 0.18447865E+01
 0.18467108E+01
 0.18476862E+01
 0.18563728E+01
 0.18569639E+01
 0.18587709E+01
 0.18592253E+01
 0.18620173E+01
 0.18623425E+01
 0.18667430E+01
 0.18671926E+01
 0.18672655E+01
 0.18676275E+01
 0.18709785E+01
 0.18717231E+01
 0.18728618E+01
 0.18745127E+01
 0.18796142E+01
 0.18796524E+01
 0.18842385E+01
 0.18843557E+01
 0.18896501E+01
 0.18898863E+01
 0.18903272E+01
 0.18919812E+01
 0.18930399E+01
 0.18942260E+01
 0.18957117E+01
 0.18995516E+01
 0.19017647E+01
 0.19042199E+01
 0.19052673E+01
 0.19073007E+01
 0.19084057E+01
 0.19085850E+01
 0.19099565E+01
 0.19102955E+01
 0.19165778E+01
 0.19166896E+01
 0.19181664E+01
 0.19194930E+01
 0.19213622E+01
 0.19282875E+01
 0.19290141E+01
 0.19301746E+01
 0.19318756E+01
 0.19362885E+01
 0.19385009E+01
 0.19394522E+01
 0.19424028E+01
 0.19434150E+01
 0.19514629E+01
 0.19528701E+01
 0.19547282E+01
 0.19564008E+01
 0.19569026E+01
 0.19578890E+01
 0.19654636E+01
 0.19661601E+01
 0.19710175E+01
 0.19719905E+01
 0.19763690E+01
 0.19778595E+01
 0.19781320E+01
 0.19785721E+01
 0.19803667E+01
 0.19813634E+01
 0.19817601E+01
 0.19863521E+01
 0.19873749E+01
 0.19890090E+01
 0.19914307E+01
 0.19925259E+01
 0.19943480E+01
 0.19950290E+01
 0.19981218E+01
 0.20017377E+01
 0.20037504E+01
 0.20064982E+01
 0.20068086E+01
 0.20096182E+01
 0.20115797E+01
 0.20139132E+01
 0.20140959E+01
 0.20176095E+01
 0.20185534E+01
 0.20227132E+01
 0.20236496E+01
 0.20244917E+01
 0.20313008E+01
 0.20313485E+01
 0.20354725E+01
 0.20374565E+01
 0.20377585E+01
 0.20389902E+01
 0.20419306E+01
 0.20421895E+01
 0.20480635E+01
 0.20481677E+01
 0.20531998E+01
 0.20537824E+01
 0.20571207E+01
 0.20579060E+01
 0.20602313E+01
 0.20610637E+01
 0.20643744E+01
 0.20644642E+01
 0.20652723E+01
 0.20655809E+01
 0.20713939E+01
 0.20731364E+01
 0.20736805E+01
 0.20838174E+01
 0.20842412E+01
 0.20849636E+01
 0.20877412E+01
 0.20885381E+01
 0.20919475E+01
 0.20921243E+01
 0.20941558E+01
 0.20960486E+01
 0.20970932E+01
 0.21013278E+01
 0.21041119E+01
 0.21045946E+01
 0.21055167E+01
 0.21072845E+01
 0.21074267E+01
 0.21075244E+01
 0.21092343E+01
 0.21092864E+01
 0.21102643E+01
 0.21146430E+01
 0.21156570E+01
 0.21158765E+01
 0.21160992E+01
 0.21169376E+01
 0.21187121E+01
 0.21249013E+01
 0.21254507E+01
 0.21264452E+01
 0.21271745E+01
 0.21277037E+01
 0.21294135E+01
 0.21299963E+01
 0.21310068E+01
 0.21331228E+01
 0.21345790E+01
 0.21345981E+01
 0.21401908E+01
 0.21436089E+01
 0.21456037E+01
 0.21460363E+01
 0.21470758E+01
 0.21475970E+01
 0.21540620E+01
 0.21546356E+01
 0.21559584E+01
 0.21587516E+01
 0.21589375E+01
 0.21621614E+01
 0.21629206E+01
 0.21647353E+01
 0.21670038E+01
 0.21702342E+01
 0.21740498E+01
 0.21747208E+01
 0.21765129E+01
 0.21797683E+01
 0.21816107E+01
 0.21821440E+01
 0.21838746E+01
 0.21869315E+01
 0.21878038E+01
 0.21920595E+01
 0.21923985E+01
 0.21935690E+01
 0.21962841E+01
 0.21968617E+01
 0.21978379E+01
 0.21997110E+01
 0.22010678E+01
 0.22061058E+01
 0.22105727E+01
 0.22110814E+01
 0.22179515E+01
 0.22186764E+01
 0.22224915E+01
 0.22231608E+01
 0.22252088E+01
 0.22252986E+01
 0.22294791E+01
 0.22301855E+01
 0.22304620E+01
 0.22322472E+01
 0.22329601E+01
 0.22330257E+01
 0.22447721E+01
 0.22461607E+01
 0.22478885E+01
 0.22482016E+01
 0.22493449E+01
 0.22498109E+01
 0.22498878E+01
 0.22530059E+01
 0.22632369E+01
 0.22644765E+01
 0.22672018E+01
 0.22672682E+01
 0.22743417E+01
 0.22780462E+01
 0.22784005E+01
 0.22809986E+01
 0.22849151E+01
 0.22896909E+01
 0.22909887E+01
 0.22958814E+01
 0.22996589E+01
 0.23018597E+01
 0.23059074E+01
 0.23062935E+01
 0.23083555E+01
 0.23104746E+01
 0.23128291E+01
 0.23187729E+01
 0.23226379E+01
 0.23237938E+01
 0.23248973E+01
 0.23278108E+01
 0.23312345E+01
 0.23318369E+01
 0.23339668E+01
 0.23344060E+01
 0.23378998E+01
 0.23409783E+01
 0.23455308E+01
 0.23456568E+01
 0.23500750E+01
 0.23503096E+01
 0.23520311E+01
 0.23531183E+01
 0.23538521E+01
 0.23552136E+01
 0.23576548E+01
 0.23586081E+01
 0.23614748E+01
 0.23641459E+01
 0.23646022E+01
 0.23669978E+01
 0.23677797E+01
 0.23714404E+01
 0.23729811E+01
 0.23745711E+01
 0.23848766E+01
 0.23889891E+01
 0.23900407E+01
 0.23925919E+01
 0.23926553E+01
 0.23943396E+01
 0.23980648E+01
 0.24003527E+01
 0.24010649E+01
 0.24012184E+01
 0.24023078E+01
 0.24081990E+01
 0.24084093E+01
 0.24119776E+01
 0.24150190E+01
 0.24157577E+01
 0.24205224E+01
 0.24214184E+01
 0.24243981E+01
 0.24251219E+01
 0.24268065E+01
 0.24290965E+01
 0.24317053E+01
 0.24362576E+01
 0.24399592E+01
 0.24414389E+01
 0.24450007E+01
 0.24465560E+01
 0.24471926E+01
 0.24495696E+01
 0.24531792E+01
 0.24545506E+01
 0.24562488E+01
 0.24578718E+01
 0.24599576E+01
 0.24605860E+01
 0.24659417E+01
 0.24672495E+01
 0.24737529E+01
 0.24822772E+01
 0.24832285E+01
 0.24838896E+01
 0.24875440E+01
 0.24901388E+01
 0.24965426E+01
 0.25018825E+01
 0.25019333E+01
 0.25074643E+01
 0.25089505E+01
 0.25163777E+01
 0.25164520E+01
 0.25167551E+01
 0.25170792E+01
 0.25231816E+01
 0.25236288E+01
 0.25242760E+01
 0.25246591E+01
 0.25296418E+01
 0.25354660E+01
 0.25365901E+01
 0.25395579E+01
 0.25453312E+01
 0.25505644E+01
 0.25522866E+01
 0.25530856E+01
 0.25548982E+01
 0.25595369E+01
 0.25630991E+01
 0.25696643E+01
 0.25700911E+01
 0.25719997E+01
 0.25727138E+01
 0.25751507E+01
 0.25756732E+01
 0.25760390E+01
 0.25767885E+01
 0.25924925E+01
 0.25957715E+01
 0.26034339E+01
 0.26062410E+01
 0.26125447E+01
 0.26129766E+01
 0.26179316E+01
 0.26188423E+01
 0.26192256E+01
 0.26234240E+01
 0.26305302E+01
 0.26307921E+01
 0.26358424E+01
 0.26360755E+01
 0.26363439E+01
 0.26452208E+01
 0.26466936E+01
 0.26481607E+01
 0.26534133E+01
 0.26558302E+01
 0.26599620E+01
 0.26662166E+01
 0.26676674E+01
 0.26709973E+01
 0.26712035E+01
 0.26730431E+01
 0.26745775E+01
 0.26763016E+01
 0.26837684E+01
 0.26839822E+01
 0.26853466E+01
 0.26880531E+01
 0.26885151E+01
 0.26922825E+01
 0.26930797E+01
 0.26938882E+01
 0.26979582E+01
 0.26983836E+01
 0.27004721E+01
 0.27010002E+01
 0.27018618E+01
 0.27047809E+01
 0.27122457E+01
 0.27150397E+01
 0.27151207E+01
 0.27162463E+01
 0.27195186E+01
 0.27197265E+01
 0.27245289E+01
 0.27268176E+01
 0.27285069E+01
 0.27315961E+01
 0.27388116E+01
 0.27388391E+01
 0.27494129E+01
 0.27500014E+01
 0.27526452E+01
 0.27530038E+01
 0.27542297E+01
 0.27554697E+01
 0.27605261E+01
 0.27622782E+01
 0.27773992E+01
 0.27780943E+01
 0.27879089E+01
 0.27885938E+01
 0.27953419E+01
 0.28005794E+01
 0.28063819E+01
 0.28076513E+01
 0.28076930E+01
 0.28111893E+01
 0.28141652E+01
 0.28143608E+01
 0.28174660E+01
 0.28175560E+01
 0.28181361E+01
 0.28194339E+01
 0.28240084E+01
 0.28243305E+01
 0.28262693E+01
 0.28308319E+01
 0.28377773E+01
 0.28385229E+01
 0.28470937E+01
 0.28507912E+01
 0.28532826E+01
 0.28554140E+01
 0.28598271E+01
 0.28598746E+01
 0.28632879E+01
 0.28634724E+01
 0.28655207E+01
 0.28665629E+01
 0.28695850E+01
 0.28695961E+01
 0.28731961E+01
 0.28749581E+01
 0.28782721E+01
 0.28808909E+01
 0.28946491E+01
 0.28960632E+01
 0.28968580E+01
 0.28968704E+01
 0.28973465E+01
 0.29028447E+01
 0.29053852E+01
 0.29067667E+01
 0.29120942E+01
 0.29140129E+01
 0.29166820E+01
 0.29228800E+01
 0.29245870E+01
 0.29256963E+01
 0.29286949E+01
 0.29320055E+01
 0.29322293E+01
 0.29351154E+01
 0.29393332E+01
 0.29493612E+01
 0.29519746E+01
 0.29541319E+01
 0.29542692E+01
 0.29602267E+01
 0.29652713E+01
 0.29716728E+01
 0.29776831E+01
 0.29797304E+01
 0.29816799E+01
 0.29819826E+01
 0.29847480E+01
 0.29978999E+01
 0.30020674E+01
 0.30037316E+01
 0.30070744E+01
 0.30086099E+01
 0.30121623E+01
 0.30157704E+01
 0.30310333E+01
 0.30344190E+01
 0.30381001E+01
 0.30418453E+01
 0.30479692E+01
 0.30499933E+01
 0.30573183E+01
 0.30584141E+01
 0.30664302E+01
 0.30666332E+01
 0.30851729E+01
 0.30854262E+01
 0.30992008E+01
 0.30993674E+01
 0.31112530E+01
 0.31113953E+01
 0.31142010E+01
 0.31144400E+01
 0.31247700E+01
 0.31309925E+01
 0.31363072E+01
 0.31387990E+01
 0.31540525E+01
 0.31545526E+01
 0.31614347E+01
 0.31614480E+01
 0.31662935E+01
 0.31669610E+01
 0.31737912E+01
 0.31756189E+01
 0.31938401E+01
 0.31939193E+01
 0.32036943E+01
 0.32043476E+01
 0.32115202E+01
 0.32115813E+01
 0.32180440E+01
 0.32181866E+01
 0.32292429E+01
 0.32305836E+01
 0.32438382E+01
 0.32441352E+01
 0.32537003E+01
 0.32540400E+01
 0.32594226E+01
 0.32597998E+01
 0.32701955E+01
 0.32702094E+01
 0.32843523E+01
 0.32845811E+01
 0.32896276E+01
 0.32966788E+01
 0.33032230E+01
 0.33042821E+01
 0.33101596E+01
 0.33103047E+01
 0.33284554E+01
 0.33331435E+01
 0.33430594E+01
 0.33432903E+01
 0.33465561E+01
 0.33476735E+01
 0.33478154E+01
 0.33591630E+01
 0.33604524E+01
 0.33618449E+01
 0.33700879E+01
 0.33706860E+01
 0.33997772E+01
 0.33998559E+01
 0.34073778E+01
 0.34075404E+01
 0.34088314E+01
 0.34102158E+01
 0.34362699E+01
 0.34366005E+01
 0.34497702E+01
 0.34499633E+01
 0.34584432E+01
 0.34728447E+01
 0.34739373E+01
 0.34745688E+01
 0.34750767E+01
 0.34767367E+01
 0.34775718E+01
 0.34913528E+01
 0.34914932E+01
 0.34919467E+01
 0.35031919E+01
 0.35078981E+01
 0.35082008E+01
 0.35110668E+01
 0.35214709E+01
 0.35228801E+01
 0.35275419E+01
 0.35275456E+01
 0.35304128E+01
 0.35307752E+01
 0.35763659E+01
 0.35847100E+01
 0.35848060E+01
 0.35918801E+01
 0.35928873E+01
 0.35985494E+01
 0.39068080E+01
 0.39098085E+01
 0.39173978E+01
 0.39174294E+01
 0.39291127E+01
 0.39326521E+01
 0.39401813E+01
 0.39402663E+01
 0.39698913E+01
 0.39698954E+01
 0.39816846E+01
 0.39824683E+01
 0.39908054E+01
 0.39911603E+01
 0.40047834E+01
 0.40063034E+01
 0.40096346E+01
 0.40101288E+01
 0.40142955E+01
 0.40143932E+01
 0.40153971E+01
 0.40156005E+01
 0.41431652E+01
 0.41443064E+01
 0.42063080E+01
 0.42076045E+01
 0.42275397E+01
 0.42279342E+01
 0.42453129E+01
 0.42457801E+01
 0.42558804E+01
 0.42563110E+01
 0.42592682E+01
 0.42594128E+01
 0.42733389E+01
 0.42743240E+01
 0.42812577E+01
 0.42817734E+01
 0.42846196E+01
 0.42848804E+01
 0.42878726E+01
 0.42884992E+01
 0.42990255E+01
 0.42993563E+01
 0.43029525E+01
 0.43032682E+01
 0.43085968E+01
 0.43094089E+01
 0.43112160E+01
 0.43119548E+01
 0.43229478E+01
 0.43233110E+01
 0.43253874E+01
 0.43257341E+01
 0.43436399E+01
 0.43442041E+01
 0.43488442E+01
 0.43494667E+01
 0.43554489E+01
 0.43557895E+01
 0.43565411E+01
 0.43574338E+01
 0.43609753E+01
 0.43622754E+01
 0.43720027E+01
 0.43726921E+01
 0.43736158E+01
 0.43760465E+01
 0.43803615E+01
 0.43824690E+01
 0.43895623E+01
 0.43898638E+01
 0.43991469E+01
 0.43998860E+01
 0.44053222E+01
 0.44061837E+01
 0.44386842E+01
 0.44400600E+01
 0.44570802E+01
 0.44590034E+01
 0.44672927E+01
 0.44680546E+01
 0.44703944E+01
 0.44704488E+01
 0.44733381E+01
 0.44749974E+01
 0.44973840E+01
 0.44975816E+01
 0.45143964E+01
 0.45147816E+01
 0.45338219E+01
 0.45343359E+01
 0.45357446E+01
 0.45363694E+01
 0.45493181E+01
 0.45509603E+01
 0.45666031E+01
 0.45667710E+01
 0.45705282E+01
 0.45705655E+01
 0.45780077E+01
 0.45787904E+01
 0.46049269E+01
 0.46058632E+01
 0.46140895E+01
 0.46141281E+01
 0.46277631E+01
 0.46282402E+01
 0.46441440E+01
 0.46517797E+01
 0.46518547E+01
 0.46544398E+01
 0.46561050E+01
 0.46777865E+01
 0.47142725E+01
 0.47145742E+01
 0.47201192E+01
 0.47206196E+01
 0.47275304E+01
 0.47320081E+01
 0.47513162E+01
 0.47524022E+01
 0.47972542E+01
 0.47974606E+01
 0.48254821E+01
 0.48254911E+01
 0.48476402E+01
 0.48479032E+01
 0.49350201E+01
 0.49354171E+01
 0.49601425E+01
 0.49605641E+01
 0.49616342E+01
 0.49626216E+01
 0.50127336E+01
 0.50132064E+01
 0.51212020E+01
 0.51245674E+01
 0.56662672E+01
 0.56665254E+01
 0.57093013E+01
 0.57114835E+01
 0.69806077E+01
 0.69822175E+01
 0.71161219E+01
 0.71202274E+01
