     441    495        0.00017
     446    495       -0.00018
     450    495       -0.00023
     450    498        0.00011
     451    495       -0.00036
     451    498        0.00024
     456    495       -0.00036
     456    498        0.00025
     457    495        0.00083
     457    498       -0.00045
     460    495        0.00059
     460    498       -0.00033
     461    495        0.00026
     461    498       -0.00011
     466    495        0.00049
     466    498       -0.00016
     468    495        0.00019
     472    495       -0.00044
     472    498        0.00018
     473    495        0.00082
     473    498       -0.00024
     480    495        0.00099
     480    498       -0.00048
     481    495        0.00046
     481    498       -0.00013
     483    495       -0.00296
     483    498        0.00091
     486    495       -0.00511
     486    498        0.00174
     486    503        0.00011
     486    507        0.00013
     487    495       -0.02159
     487    496        0.00024
     487    498        0.00570
     487    500        0.00018
     487    503        0.00029
     487    506        0.00019
     487    507        0.00032
     488    495        0.00036
     489    495        0.02436
     489    496       -0.00032
     489    498       -0.00538
     489    500       -0.00020
     489    503       -0.00031
     489    506       -0.00029
     489    507       -0.00044
     489    513        0.00016
     492    495        0.69930
     492    496       -0.00676
     492    497       -0.00057
     492    498       -0.09828
     492    500       -0.00430
     492    502       -0.00204
     492    503       -0.00299
     492    506       -0.00195
     492    507       -0.00303
     492    508       -0.00025
     492    513        0.00045
     492    515       -0.00020
     492    532       -0.00010
     492    535       -0.00014
     492    538        0.00035
     492    541        0.00011
     492    545       -0.00032
     492    546        0.00030
     492    549       -0.00015
     492    573       -0.00016
     492    575        0.00011
     492    576       -0.00018
     492    592       -0.00011
     492    604       -0.00012
     494    495        0.00738
     494    498       -0.00373
     494    500       -0.00048
     494    502       -0.00040
     494    503        0.00031
     494    507        0.00014
