     442    496       -0.00016
     445    496       -0.00014
     448    496        0.00014
     449    496       -0.00016
     452    496        0.00035
     452    497       -0.00025
     455    496       -0.00037
     455    497        0.00027
     458    496        0.00081
     458    497       -0.00045
     459    496       -0.00042
     459    497        0.00025
     462    496        0.00023
     464    496        0.00011
     465    496        0.00046
     465    497       -0.00015
     467    496        0.00026
     467    497       -0.00011
     471    496       -0.00045
     471    497        0.00019
     474    496        0.00083
     474    497       -0.00026
     475    496       -0.00011
     479    496        0.00097
     479    497       -0.00050
     482    496       -0.00058
     482    497        0.00017
     484    496       -0.00343
     484    497        0.00109
     485    496       -0.00407
     485    497        0.00151
     487    496       -0.00039
     487    497        0.00011
     488    495       -0.00018
     488    496       -0.02334
     488    497        0.00636
     488    499        0.00016
     488    504        0.00029
     488    505        0.00019
     488    508        0.00034
     490    495        0.00018
     490    496        0.02601
     490    497       -0.00593
     490    499       -0.00018
     490    504       -0.00031
     490    505       -0.00028
     490    508       -0.00045
     490    514        0.00016
     491    495        0.00670
     491    496        0.69879
     491    497       -0.10101
     491    498        0.00077
     491    499       -0.00354
     491    501       -0.00264
     491    504       -0.00272
     491    505       -0.00170
     491    507        0.00023
     491    508       -0.00292
     491    514        0.00043
     491    516       -0.00021
     491    536        0.00013
     491    537        0.00034
     491    542       -0.00011
     491    545        0.00029
     491    546        0.00032
     491    550       -0.00015
     491    573        0.00012
     491    575       -0.00012
     491    576       -0.00015
     491    591       -0.00015
     491    596        0.00011
     491    603        0.00011
     493    496        0.00753
     493    497       -0.00394
     493    499       -0.00043
     493    500        0.00014
     493    501       -0.00051
     493    502       -0.00013
     493    503       -0.00014
     493    504        0.00032
     493    508        0.00015
