     432    495        0.00011
     441    495       -0.00012
     446    495       -0.00012
     446    498        0.00013
     460    495       -0.00031
     460    498        0.00012
     463    495        0.00016
     466    495       -0.00024
     468    495       -0.00034
     468    498        0.00012
     469    495        0.00019
     472    495        0.00023
     473    495        0.00030
     473    498       -0.00012
     478    495        0.00034
     478    498       -0.00015
     480    495       -0.00082
     480    498        0.00052
     481    495       -0.00035
     481    498        0.00016
     483    495        0.00186
     483    498       -0.00075
     486    495        0.00238
     486    498       -0.00075
     487    495        0.01549
     487    496       -0.00015
     487    498       -0.00435
     487    503       -0.00032
     487    506       -0.00026
     487    507       -0.00043
     487    513        0.00016
     487    532       -0.00012
     488    495       -0.00026
     489    495        0.00987
     489    498       -0.00297
     489    500       -0.00011
     489    503       -0.00021
     489    506       -0.00018
     489    507       -0.00029
     492    495       -0.00746
     492    498        0.00206
     492    503        0.00012
     492    507        0.00014
     493    495        0.00108
     493    498       -0.00016
     494    495        0.69943
     494    496       -0.00681
     494    497       -0.00072
     494    498       -0.10135
     494    500       -0.00431
     494    502       -0.00199
     494    503       -0.00304
     494    506       -0.00191
     494    507       -0.00298
     494    508       -0.00025
     494    513        0.00040
     494    515       -0.00022
     494    532       -0.00010
     494    535       -0.00013
     494    538        0.00035
     494    541        0.00011
     494    545       -0.00031
     494    546        0.00029
     494    549       -0.00015
     494    573       -0.00015
     494    575        0.00010
     494    576       -0.00017
     494    592       -0.00012
     494    604       -0.00012
