     442    496        0.00010
     445    496       -0.00011
     445    497        0.00012
     459    496        0.00028
     459    497       -0.00013
     464    496        0.00016
     465    496       -0.00023
     467    496       -0.00034
     467    497        0.00013
     470    496        0.00017
     471    496        0.00022
     474    496        0.00030
     474    497       -0.00014
     475    496       -0.00016
     477    496        0.00035
     477    497       -0.00020
     479    496       -0.00079
     479    497        0.00051
     482    496        0.00033
     482    497       -0.00017
     484    496        0.00189
     484    497       -0.00079
     485    496        0.00215
     485    497       -0.00070
     487    496        0.00026
     488    495        0.00014
     488    496        0.01561
     488    497       -0.00459
     488    504       -0.00030
     488    505       -0.00024
     488    508       -0.00044
     488    514        0.00016
     488    531       -0.00012
     490    496        0.00903
     490    497       -0.00285
     490    504       -0.00018
     490    505       -0.00015
     490    508       -0.00028
     491    496       -0.00757
     491    497        0.00223
     491    504        0.00012
     491    508        0.00014
     493    495        0.00669
     493    496        0.69889
     493    497       -0.10508
     493    498        0.00074
     493    499       -0.00358
     493    501       -0.00259
     493    504       -0.00281
     493    505       -0.00167
     493    507        0.00024
     493    508       -0.00297
     493    514        0.00039
     493    516       -0.00020
     493    536        0.00011
     493    537        0.00032
     493    542       -0.00012
     493    545        0.00027
     493    546        0.00030
     493    550       -0.00015
     493    573        0.00011
     493    575       -0.00012
     493    576       -0.00015
     493    591       -0.00015
     493    596        0.00010
     493    603        0.00011
     494    496       -0.00106
     494    497        0.00016
