     431    497        0.00011
     442    497        0.00012
     445    496        0.00011
     459    497        0.00027
     464    497        0.00015
     465    497       -0.00022
     467    497       -0.00030
     470    497        0.00016
     471    497        0.00019
     474    497        0.00026
     475    497       -0.00015
     477    496       -0.00014
     477    497        0.00027
     479    496        0.00043
     479    497       -0.00060
     482    496       -0.00011
     482    497        0.00027
     484    496       -0.00047
     484    497        0.00166
     484    499        0.00013
     485    496       -0.00024
     485    497        0.00197
     485    499        0.00012
     487    497        0.00024
     488    496       -0.00178
     488    497        0.01459
     488    499        0.00083
     488    501        0.00022
     488    504        0.00035
     488    505        0.00036
     488    508        0.00045
     488    516       -0.00012
     488    531        0.00010
     490    496       -0.00141
     490    497        0.00840
     490    499        0.00056
     490    501        0.00022
     490    504        0.00020
     490    505        0.00023
     490    508        0.00028
     491    496        0.00170
     491    497       -0.00709
     491    499       -0.00039
     491    501       -0.00012
     491    504       -0.00015
     491    505       -0.00015
     491    508       -0.00016
     493    495        0.00098
     493    496        0.10542
     493    497        0.69869
     493    498       -0.00511
     493    499        0.01600
     493    501        0.00675
     493    504        0.00420
     493    505        0.00376
     493    507       -0.00025
     493    508        0.00311
     493    514        0.00053
     493    516       -0.00022
     493    518       -0.00011
     493    525       -0.00012
     493    529        0.00011
     493    536        0.00022
     493    539       -0.00024
     493    540       -0.00018
     493    541       -0.00020
     493    542        0.00023
     493    544       -0.00017
     493    545       -0.00020
     493    546       -0.00022
     493    561        0.00017
     493    573       -0.00010
     493    575        0.00011
     493    576        0.00014
     493    591        0.00013
     493    603       -0.00012
     494    496       -0.00016
     494    497       -0.00106
