     432    498        0.00011
     441    498       -0.00012
     446    495        0.00011
     460    498       -0.00027
     463    498        0.00013
     466    498       -0.00023
     468    498       -0.00029
     469    498        0.00016
     472    498        0.00019
     473    498        0.00025
     478    498        0.00027
     480    495        0.00044
     480    498       -0.00059
     481    495        0.00011
     481    498       -0.00027
     483    495       -0.00046
     483    498        0.00154
     483    500        0.00013
     486    495       -0.00028
     486    498        0.00210
     486    500        0.00013
     487    495       -0.00177
     487    498        0.01407
     487    500        0.00084
     487    503        0.00033
     487    506        0.00036
     487    507        0.00041
     487    515       -0.00011
     487    532        0.00010
     488    498       -0.00023
     489    495       -0.00152
     489    498        0.00888
     489    500        0.00063
     489    502        0.00012
     489    503        0.00021
     489    506        0.00025
     489    507        0.00028
     492    495        0.00166
     492    498       -0.00678
     492    500       -0.00039
     492    503       -0.00015
     492    506       -0.00015
     492    507       -0.00014
     493    495        0.00014
     493    498        0.00108
     494    495        0.10171
     494    496       -0.00090
     494    497        0.00484
     494    498        0.69925
     494    500        0.01693
     494    502        0.00380
     494    503        0.00416
     494    506        0.00381
     494    507        0.00291
     494    508        0.00024
     494    513        0.00052
     494    515       -0.00025
     494    517        0.00012
     494    518       -0.00011
     494    526        0.00016
     494    527       -0.00015
     494    535       -0.00023
     494    539       -0.00016
     494    540        0.00025
     494    541       -0.00027
     494    542       -0.00020
     494    545        0.00021
     494    546       -0.00020
     494    562        0.00017
     494    573        0.00012
     494    576        0.00014
     494    592        0.00011
     494    604        0.00013
