-0.88978612E+02
-0.88978514E+02
-0.88937051E+02
-0.88936297E+02
-0.88936038E+02
-0.88935518E+02
-0.88929879E+02
-0.88929509E+02
-0.88928996E+02
-0.88928640E+02
-0.24761741E+02
-0.24761605E+02
-0.24759272E+02
-0.24759236E+02
-0.24751269E+02
-0.24751118E+02
-0.24748068E+02
-0.24747882E+02
-0.19167282E+02
-0.19166857E+02
-0.19159906E+02
-0.19159636E+02
-0.14423725E+02
-0.14422087E+02
-0.14416760E+02
-0.14415041E+02
-0.14383842E+02
-0.14383552E+02
-0.14382112E+02
-0.14381818E+02
-0.14378175E+02
-0.14378033E+02
-0.14371876E+02
-0.14371706E+02
-0.14364616E+02
-0.14364592E+02
-0.14349802E+02
-0.14349638E+02
-0.10317642E+02
-0.10317374E+02
-0.10311727E+02
-0.10311666E+02
-0.10310092E+02
-0.10309882E+02
-0.10308685E+02
-0.10308549E+02
-0.10296283E+02
-0.10296052E+02
-0.10293899E+02
-0.10293835E+02
-0.10293613E+02
-0.10293573E+02
-0.10286031E+02
-0.10285785E+02
-0.10274314E+02
-0.10274132E+02
-0.10272755E+02
-0.10272517E+02
-0.10272488E+02
-0.10272330E+02
-0.10272007E+02
-0.10271942E+02
-0.10268342E+02
-0.10268160E+02
-0.10266850E+02
-0.10266716E+02
-0.10264454E+02
-0.10264435E+02
-0.10257488E+02
-0.10255926E+02
-0.10253795E+02
-0.10253391E+02
-0.10251671E+02
-0.10251500E+02
-0.10251367E+02
-0.10251002E+02
-0.10250762E+02
-0.10250727E+02
-0.10250659E+02
-0.10250610E+02
-0.10250437E+02
-0.10250353E+02
-0.10250317E+02
-0.10249984E+02
-0.10248483E+02
-0.10248109E+02
-0.10246946E+02
-0.10246825E+02
-0.10246193E+02
-0.10244565E+02
-0.10242742E+02
-0.10242568E+02
-0.10241593E+02
-0.10241259E+02
-0.10241118E+02
-0.10240653E+02
-0.10240535E+02
-0.10240191E+02
-0.10240162E+02
-0.10240022E+02
-0.10239903E+02
-0.10239517E+02
-0.10237527E+02
-0.10237461E+02
-0.10236161E+02
-0.10235972E+02
-0.10233733E+02
-0.10233387E+02
-0.10231958E+02
-0.10231731E+02
-0.10230287E+02
-0.10230058E+02
-0.10229298E+02
-0.10229008E+02
-0.10227425E+02
-0.10227122E+02
-0.10221607E+02
-0.10221418E+02
-0.10221407E+02
-0.10220571E+02
-0.10220422E+02
-0.10220391E+02
-0.10218891E+02
-0.10218672E+02
-0.10216117E+02
-0.10215257E+02
-0.10214491E+02
-0.10214432E+02
-0.10213070E+02
-0.10213000E+02
-0.10200389E+02
-0.10200076E+02
-0.10200012E+02
-0.10199712E+02
-0.80256719E+01
-0.80255735E+01
-0.79897243E+01
-0.79889411E+01
-0.79886371E+01
-0.79880730E+01
-0.79828032E+01
-0.79824397E+01
-0.79814025E+01
-0.79810642E+01
-0.59926174E+01
-0.59925162E+01
-0.59870270E+01
-0.59869298E+01
-0.59843603E+01
-0.59842629E+01
-0.59556682E+01
-0.59548768E+01
-0.59546376E+01
-0.59540662E+01
-0.59516897E+01
-0.59508959E+01
-0.59506678E+01
-0.59500982E+01
-0.59489045E+01
-0.59485379E+01
-0.59476891E+01
-0.59476436E+01
-0.59473467E+01
-0.59468778E+01
-0.59464627E+01
-0.59459164E+01
-0.59453113E+01
-0.59449491E+01
-0.59439497E+01
-0.59436070E+01
-0.59401268E+01
-0.59397646E+01
-0.59385937E+01
-0.59382611E+01
-0.12869049E+01
-0.12867689E+01
-0.12849194E+01
-0.12843484E+01
-0.12521774E+01
-0.12517359E+01
-0.12400581E+01
-0.12399023E+01
-0.10797436E+01
-0.10786563E+01
-0.10583606E+01
-0.10580822E+01
-0.10281221E+01
-0.10277001E+01
-0.10187480E+01
-0.10179585E+01
-0.10121153E+01
-0.10113879E+01
-0.96447447E+00
-0.96443042E+00
-0.95617316E+00
-0.95604288E+00
-0.95310543E+00
-0.95298066E+00
-0.94149306E+00
-0.94129826E+00
-0.93647245E+00
-0.93626316E+00
-0.93485940E+00
-0.93480495E+00
-0.92598548E+00
-0.92583991E+00
-0.92343415E+00
-0.92324812E+00
-0.89468531E+00
-0.89403832E+00
-0.88824105E+00
-0.88815118E+00
-0.88623847E+00
-0.88605810E+00
-0.88206601E+00
-0.88150264E+00
-0.87440110E+00
-0.87413959E+00
-0.86594612E+00
-0.86590354E+00
-0.83674630E+00
-0.83668773E+00
-0.83273832E+00
-0.83261963E+00
-0.82149002E+00
-0.82145449E+00
-0.81305190E+00
-0.81282266E+00
-0.80976327E+00
-0.80956375E+00
-0.80633110E+00
-0.80625378E+00
-0.80042170E+00
-0.80027107E+00
-0.79809041E+00
-0.79744062E+00
-0.79487963E+00
-0.79447102E+00
-0.79083048E+00
-0.79028878E+00
-0.76564658E+00
-0.76547289E+00
-0.75161720E+00
-0.75079080E+00
-0.74766508E+00
-0.74667772E+00
-0.74102427E+00
-0.74068268E+00
-0.72463135E+00
-0.72423064E+00
-0.71946385E+00
-0.71890936E+00
-0.71383242E+00
-0.71324362E+00
-0.70668732E+00
-0.70584948E+00
-0.69912267E+00
-0.69902009E+00
-0.69698037E+00
-0.69679686E+00
-0.69288631E+00
-0.69267098E+00
-0.69066534E+00
-0.69042383E+00
-0.67503872E+00
-0.67466936E+00
-0.66134838E+00
-0.66113433E+00
-0.65229909E+00
-0.65176792E+00
-0.64283528E+00
-0.64273323E+00
-0.64101216E+00
-0.64091156E+00
-0.63716744E+00
-0.63711705E+00
-0.62990274E+00
-0.62946426E+00
-0.62121654E+00
-0.62118416E+00
-0.60796349E+00
-0.60795546E+00
-0.59918769E+00
-0.59896275E+00
-0.59732392E+00
-0.59720767E+00
-0.59106830E+00
-0.59084640E+00
-0.58819095E+00
-0.58791641E+00
-0.58374995E+00
-0.58334070E+00
-0.57431413E+00
-0.57373196E+00
-0.57215092E+00
-0.57208857E+00
-0.56791281E+00
-0.56766396E+00
-0.56005598E+00
-0.55981532E+00
-0.55665902E+00
-0.55642191E+00
-0.55524729E+00
-0.55519960E+00
-0.55012000E+00
-0.55007152E+00
-0.54373580E+00
-0.54350947E+00
-0.53370441E+00
-0.53324159E+00
-0.53148673E+00
-0.52674625E+00
-0.52640765E+00
-0.52296710E+00
-0.52278409E+00
-0.52198071E+00
-0.52186197E+00
-0.51520271E+00
-0.51479505E+00
-0.51387989E+00
-0.51307994E+00
-0.51187360E+00
-0.50880447E+00
-0.50853568E+00
-0.50481161E+00
-0.50385892E+00
-0.50152007E+00
-0.50142807E+00
-0.50012813E+00
-0.49987426E+00
-0.49944557E+00
-0.49903028E+00
-0.49757795E+00
-0.49746193E+00
-0.48830724E+00
-0.48620382E+00
-0.48559793E+00
-0.48168445E+00
-0.48156468E+00
-0.47828388E+00
-0.47734154E+00
-0.47720284E+00
-0.47288183E+00
-0.47263335E+00
-0.46988549E+00
-0.46952900E+00
-0.46667902E+00
-0.46639361E+00
-0.46585040E+00
-0.46527194E+00
-0.46501642E+00
-0.46486707E+00
-0.46334522E+00
-0.46317271E+00
-0.46159895E+00
-0.46100335E+00
-0.45937157E+00
-0.45900308E+00
-0.45753254E+00
-0.45639134E+00
-0.45374628E+00
-0.45314380E+00
-0.45293757E+00
-0.45206819E+00
-0.45176777E+00
-0.45134605E+00
-0.44550200E+00
-0.44528760E+00
-0.43608824E+00
-0.43607987E+00
-0.43598775E+00
-0.43576728E+00
-0.43360891E+00
-0.43343157E+00
-0.43268120E+00
-0.43221800E+00
-0.43188261E+00
-0.43151643E+00
-0.43075840E+00
-0.43040904E+00
-0.42847258E+00
-0.42681739E+00
-0.42680590E+00
-0.42642750E+00
-0.42616029E+00
-0.42605903E+00
-0.42414426E+00
-0.42354345E+00
-0.42264267E+00
-0.42246699E+00
-0.42150567E+00
-0.42078828E+00
-0.41957494E+00
-0.41931083E+00
-0.41816238E+00
-0.41751751E+00
-0.41378148E+00
-0.41370315E+00
-0.40660896E+00
-0.40651584E+00
-0.40625456E+00
-0.40620599E+00
-0.40449502E+00
-0.40410476E+00
-0.39957380E+00
-0.39938658E+00
-0.39889573E+00
-0.39791741E+00
-0.39711238E+00
-0.39693348E+00
-0.39616730E+00
-0.39600429E+00
-0.39270144E+00
-0.39190693E+00
-0.38954077E+00
-0.38946767E+00
-0.38874829E+00
-0.38760785E+00
-0.38752797E+00
-0.38637922E+00
-0.38625776E+00
-0.38497801E+00
-0.38383109E+00
-0.38362840E+00
-0.38302045E+00
-0.38295908E+00
-0.38209503E+00
-0.38202576E+00
-0.38149115E+00
-0.38132202E+00
-0.37660213E+00
-0.37612278E+00
-0.37491642E+00
-0.37482730E+00
-0.37337502E+00
-0.37327015E+00
-0.36905487E+00
-0.36902503E+00
-0.36638166E+00
-0.36593578E+00
-0.36472889E+00
-0.36457470E+00
-0.36337957E+00
-0.36317866E+00
-0.35824131E+00
-0.35751928E+00
-0.35662800E+00
-0.35646204E+00
-0.35558734E+00
-0.35534303E+00
-0.34873869E+00
-0.34790100E+00
-0.34583825E+00
-0.34570045E+00
-0.34269591E+00
-0.34209939E+00
-0.33762994E+00
-0.33644658E+00
-0.32957185E+00
-0.32862046E+00
-0.31224783E+00
-0.31210432E+00
-0.31171590E+00
-0.31155237E+00
-0.30857527E+00
-0.30840302E+00
-0.29058885E+00
-0.29036603E+00
-0.28695675E+00
-0.28671920E+00
-0.28534726E+00
-0.28120822E+00
-0.27750555E+00
-0.27741467E+00
-0.27364955E+00
-0.27305107E+00
-0.27301165E+00
-0.27244448E+00
-0.27222869E+00
-0.27144154E+00
-0.26860892E+00
-0.26839892E+00
-0.26355575E+00
-0.26332793E+00
-0.25840500E+00
-0.25815735E+00
-0.23649398E+00
-0.23631133E+00
-0.23537850E+00
-0.23512711E+00
-0.22553776E+00
-0.22520675E+00
-0.20692941E+00
-0.20679568E+00
-0.11893884E+00
-0.11822763E+00
-0.11120016E+00
-0.11039985E+00
-0.93818798E-01
-0.93573890E-01
-0.92700802E-01
-0.92422679E-01
-0.88339537E-01
-0.88272611E-01
-0.53587504E-01
-0.52712576E-01
-0.46906297E-01
-0.42233966E-01
-0.30500695E-01
-0.30405083E-01
-0.27155852E-01
-0.26855466E-01
-0.24283687E-01
-0.22374310E-01
-0.15576169E-01
-0.14159735E-01
-0.10846313E-01
-0.10337745E-01
-0.94554622E-02
-0.93108116E-02
-0.84451126E-02
-0.53624101E-02
-0.52836720E-02
-0.43753230E-02
-0.12818931E-02
-0.69198394E-03
-0.89295016E-04
 0.60056116E-03
 0.10099167E-02
 0.20613010E-02
 0.30990207E-02
 0.32252385E-02
 0.38301372E-02
 0.52077026E-02
 0.59286751E-02
 0.60782025E-02
 0.81368117E-02
 0.85750294E-02
 0.10095067E-01
 0.10297316E-01
 0.11909035E-01
 0.12246933E-01
 0.12698195E-01
 0.14553906E-01
 0.15939835E-01
 0.16369985E-01
 0.17915896E-01
 0.18116433E-01
 0.18672157E-01
 0.19320217E-01
 0.20978979E-01
 0.21354450E-01
 0.21444262E-01
 0.21704788E-01
 0.23064150E-01
 0.23187564E-01
 0.24172837E-01
 0.24547614E-01
 0.24864994E-01
 0.26958177E-01
 0.28789765E-01
 0.28978711E-01
 0.29583335E-01
 0.30939343E-01
 0.31090857E-01
 0.31245682E-01
 0.31488385E-01
 0.31853868E-01
 0.34662974E-01
 0.36282952E-01
 0.36493481E-01
 0.37295636E-01
 0.37704076E-01
 0.39196978E-01
 0.39917684E-01
 0.40000095E-01
 0.40724845E-01
 0.41417405E-01
 0.41620402E-01
 0.42077178E-01
 0.42442265E-01
 0.42716684E-01
 0.44807539E-01
 0.45525651E-01
 0.45851207E-01
 0.47177863E-01
 0.48006757E-01
 0.49273277E-01
 0.49894748E-01
 0.51211225E-01
 0.51740994E-01
 0.52116360E-01
 0.52609062E-01
 0.53337040E-01
 0.53984085E-01
 0.54811151E-01
 0.55570881E-01
 0.55968412E-01
 0.56359622E-01
 0.58134359E-01
 0.58682088E-01
 0.59649568E-01
 0.61233763E-01
 0.61633960E-01
 0.62120913E-01
 0.62795554E-01
 0.63822267E-01
 0.64456823E-01
 0.65010806E-01
 0.66313725E-01
 0.66750585E-01
 0.67632264E-01
 0.67901904E-01
 0.69588985E-01
 0.69961685E-01
 0.70695569E-01
 0.71625240E-01
 0.71838925E-01
 0.72442905E-01
 0.72532629E-01
 0.73379137E-01
 0.73625122E-01
 0.73745385E-01
 0.74072327E-01
 0.75737439E-01
 0.75987650E-01
 0.77697913E-01
 0.78521872E-01
 0.79519429E-01
 0.79991818E-01
 0.80564167E-01
 0.81358261E-01
 0.81508809E-01
 0.82123035E-01
 0.82393173E-01
 0.83464886E-01
 0.84226822E-01
 0.84536301E-01
 0.85280609E-01
 0.85469799E-01
 0.86348928E-01
 0.87974493E-01
 0.88501560E-01
 0.89301547E-01
 0.89768263E-01
 0.90705199E-01
 0.91722194E-01
 0.92426985E-01
 0.93914517E-01
 0.94142406E-01
 0.94450349E-01
 0.95095001E-01
 0.96859086E-01
 0.97382090E-01
 0.97990152E-01
 0.98391390E-01
 0.98869214E-01
 0.99161937E-01
 0.10060177E+00
 0.10114361E+00
 0.10142095E+00
 0.10162490E+00
 0.10308569E+00
 0.10355070E+00
 0.10432001E+00
 0.10515049E+00
 0.10594253E+00
 0.10647672E+00
 0.10742857E+00
 0.10948552E+00
 0.10994358E+00
 0.11096132E+00
 0.11152723E+00
 0.11200397E+00
 0.11353513E+00
 0.11490050E+00
 0.11536188E+00
 0.11562222E+00
 0.11634086E+00
 0.11715910E+00
 0.11849185E+00
 0.11872800E+00
 0.12036204E+00
 0.12109650E+00
 0.12138347E+00
 0.12236760E+00
 0.12243460E+00
 0.12269481E+00
 0.12363268E+00
 0.12430415E+00
 0.12477954E+00
 0.12593408E+00
 0.12732136E+00
 0.12788890E+00
 0.12871404E+00
 0.12927903E+00
 0.12978689E+00
 0.13041006E+00
 0.13149385E+00
 0.13240428E+00
 0.13368977E+00
 0.13439290E+00
 0.13471277E+00
 0.13499055E+00
 0.13575768E+00
 0.13631172E+00
 0.13748206E+00
 0.13777303E+00
 0.13864063E+00
 0.13952798E+00
 0.13987188E+00
 0.14040921E+00
 0.14052158E+00
 0.14144137E+00
 0.14199542E+00
 0.14221379E+00
 0.14335021E+00
 0.14338898E+00
 0.14402868E+00
 0.14426309E+00
 0.14544548E+00
 0.14595662E+00
 0.14688440E+00
 0.14732640E+00
 0.14807607E+00
 0.14829108E+00
 0.14923480E+00
 0.15020270E+00
 0.15057233E+00
 0.15138340E+00
 0.15180128E+00
 0.15259512E+00
 0.15302431E+00
 0.15406295E+00
 0.15517835E+00
 0.15581206E+00
 0.15618371E+00
 0.15742698E+00
 0.15826076E+00
 0.15857580E+00
 0.15901460E+00
 0.16082831E+00
 0.16095100E+00
 0.16147376E+00
 0.16202405E+00
 0.16264365E+00
 0.16351908E+00
 0.16357092E+00
 0.16416465E+00
 0.16448827E+00
 0.16468640E+00
 0.16511636E+00
 0.16584876E+00
 0.16608824E+00
 0.16625575E+00
 0.16750130E+00
 0.16789853E+00
 0.16843823E+00
 0.16855097E+00
 0.16890029E+00
 0.16943040E+00
 0.17080419E+00
 0.17122799E+00
 0.17126874E+00
 0.17229839E+00
 0.17267756E+00
 0.17433829E+00
 0.17482748E+00
 0.17578292E+00
 0.17651166E+00
 0.17674962E+00
 0.17787101E+00
 0.17936578E+00
 0.17992825E+00
 0.18028906E+00
 0.18074909E+00
 0.18095477E+00
 0.18157279E+00
 0.18252329E+00
 0.18309500E+00
 0.18327331E+00
 0.18380491E+00
 0.18427200E+00
 0.18478215E+00
 0.18543742E+00
 0.18600169E+00
 0.18634056E+00
 0.18684551E+00
 0.18759468E+00
 0.18795900E+00
 0.18808131E+00
 0.19000484E+00
 0.19012999E+00
 0.19090409E+00
 0.19099954E+00
 0.19158686E+00
 0.19218991E+00
 0.19314325E+00
 0.19401659E+00
 0.19458242E+00
 0.19505602E+00
 0.19539101E+00
 0.19627468E+00
 0.19710724E+00
 0.19745165E+00
 0.19775185E+00
 0.19911288E+00
 0.19972253E+00
 0.20022894E+00
 0.20097051E+00
 0.20186901E+00
 0.20222986E+00
 0.20347370E+00
 0.20383942E+00
 0.20528548E+00
 0.20651708E+00
 0.20715707E+00
 0.20805760E+00
 0.20875233E+00
 0.20916681E+00
 0.20944210E+00
 0.21080918E+00
 0.21142078E+00
 0.21164619E+00
 0.21183162E+00
 0.21315424E+00
 0.21364413E+00
 0.21447312E+00
 0.21574732E+00
 0.21601771E+00
 0.21716838E+00
 0.21760676E+00
 0.21789464E+00
 0.21851067E+00
 0.21958017E+00
 0.21987937E+00
 0.22080609E+00
 0.22104257E+00
 0.22165544E+00
 0.22238637E+00
 0.22312555E+00
 0.22395672E+00
 0.22521006E+00
 0.22536312E+00
 0.22594819E+00
 0.22638558E+00
 0.22691775E+00
 0.22710042E+00
 0.22767153E+00
 0.22817252E+00
 0.22844401E+00
 0.22927466E+00
 0.22980364E+00
 0.23081937E+00
 0.23109981E+00
 0.23206523E+00
 0.23233060E+00
 0.23269899E+00
 0.23393549E+00
 0.23488820E+00
 0.23534278E+00
 0.23635686E+00
 0.23665545E+00
 0.23697445E+00
 0.23810940E+00
 0.23913584E+00
 0.23958496E+00
 0.24023712E+00
 0.24046265E+00
 0.24100569E+00
 0.24173929E+00
 0.24304693E+00
 0.24335837E+00
 0.24412658E+00
 0.24467119E+00
 0.24526941E+00
 0.24593014E+00
 0.24674262E+00
 0.24710704E+00
 0.24822242E+00
 0.24863261E+00
 0.24883977E+00
 0.24965868E+00
 0.24979056E+00
 0.25002927E+00
 0.25044973E+00
 0.25122644E+00
 0.25152496E+00
 0.25233342E+00
 0.25238754E+00
 0.25305706E+00
 0.25344454E+00
 0.25420163E+00
 0.25499481E+00
 0.25612651E+00
 0.25629958E+00
 0.25664355E+00
 0.25710522E+00
 0.25813599E+00
 0.25842723E+00
 0.25903309E+00
 0.25946717E+00
 0.25996088E+00
 0.26023883E+00
 0.26104663E+00
 0.26114588E+00
 0.26169656E+00
 0.26267049E+00
 0.26357337E+00
 0.26458461E+00
 0.26502238E+00
 0.26552666E+00
 0.26587617E+00
 0.26648523E+00
 0.26695551E+00
 0.26727220E+00
 0.26816566E+00
 0.26824462E+00
 0.26909764E+00
 0.26952360E+00
 0.26974244E+00
 0.27050819E+00
 0.27116407E+00
 0.27135640E+00
 0.27199472E+00
 0.27283441E+00
 0.27314908E+00
 0.27376852E+00
 0.27462930E+00
 0.27505463E+00
 0.27600075E+00
 0.27696862E+00
 0.27767265E+00
 0.27885598E+00
 0.27985756E+00
 0.28035523E+00
 0.28150269E+00
 0.28194965E+00
 0.28233979E+00
 0.28304988E+00
 0.28434100E+00
 0.28545589E+00
 0.28593380E+00
 0.28630409E+00
 0.28692756E+00
 0.28698908E+00
 0.28735640E+00
 0.28849267E+00
 0.28895087E+00
 0.28977784E+00
 0.28997085E+00
 0.29041031E+00
 0.29155890E+00
 0.29160237E+00
 0.29250214E+00
 0.29312499E+00
 0.29403774E+00
 0.29487404E+00
 0.29547992E+00
 0.29574905E+00
 0.29589674E+00
 0.29659318E+00
 0.29720529E+00
 0.29822493E+00
 0.29900367E+00
 0.29966398E+00
 0.30031904E+00
 0.30120392E+00
 0.30143058E+00
 0.30317133E+00
 0.30380889E+00
 0.30428798E+00
 0.30447184E+00
 0.30522867E+00
 0.30575875E+00
 0.30591915E+00
 0.30644843E+00
 0.30811599E+00
 0.30891718E+00
 0.30957700E+00
 0.31101445E+00
 0.31126467E+00
 0.31192797E+00
 0.31222124E+00
 0.31271361E+00
 0.31341580E+00
 0.31441484E+00
 0.31483117E+00
 0.31555851E+00
 0.31614184E+00
 0.31663138E+00
 0.31763160E+00
 0.31807929E+00
 0.31891365E+00
 0.31908132E+00
 0.32032763E+00
 0.32109961E+00
 0.32252106E+00
 0.32361310E+00
 0.32450374E+00
 0.32454171E+00
 0.32551625E+00
 0.32642839E+00
 0.32690916E+00
 0.32769725E+00
 0.32828635E+00
 0.32889981E+00
 0.32899654E+00
 0.33012703E+00
 0.33021631E+00
 0.33094568E+00
 0.33217492E+00
 0.33228404E+00
 0.33379346E+00
 0.33470606E+00
 0.33541279E+00
 0.33617476E+00
 0.33675732E+00
 0.33719524E+00
 0.33805030E+00
 0.33863682E+00
 0.33900079E+00
 0.33968302E+00
 0.34048773E+00
 0.34126622E+00
 0.34201420E+00
 0.34257231E+00
 0.34368621E+00
 0.34398199E+00
 0.34423758E+00
 0.34580853E+00
 0.34659388E+00
 0.34666824E+00
 0.34808700E+00
 0.34965562E+00
 0.34996540E+00
 0.35085488E+00
 0.35203160E+00
 0.35294669E+00
 0.35325643E+00
 0.35395704E+00
 0.35471190E+00
 0.35573643E+00
 0.35671000E+00
 0.35711595E+00
 0.35788649E+00
 0.35873284E+00
 0.36014458E+00
 0.36074644E+00
 0.36181480E+00
 0.36213615E+00
 0.36314212E+00
 0.36391886E+00
 0.36478641E+00
 0.36608537E+00
 0.36702827E+00
 0.36910003E+00
 0.36980464E+00
 0.37113365E+00
 0.37131875E+00
 0.37228299E+00
 0.37320149E+00
 0.37391044E+00
 0.37458888E+00
 0.37506091E+00
 0.37580680E+00
 0.37723168E+00
 0.37799567E+00
 0.37812111E+00
 0.37915691E+00
 0.38032523E+00
 0.38065945E+00
 0.38170454E+00
 0.38362472E+00
 0.38481781E+00
 0.38534624E+00
 0.38611105E+00
 0.38682997E+00
 0.38690516E+00
 0.38755457E+00
 0.38853092E+00
 0.38912423E+00
 0.38979646E+00
 0.39197312E+00
 0.39319023E+00
 0.39442641E+00
 0.39478128E+00
 0.39709165E+00
 0.39897071E+00
 0.39946168E+00
 0.40082493E+00
 0.40189774E+00
 0.40403780E+00
 0.40498966E+00
 0.40533346E+00
 0.40740132E+00
 0.40951602E+00
 0.41009726E+00
 0.41054711E+00
 0.41275866E+00
 0.41329882E+00
 0.41503899E+00
 0.41536340E+00
 0.41669941E+00
 0.41760181E+00
 0.41885299E+00
 0.42023856E+00
 0.42358901E+00
 0.42449957E+00
 0.42646716E+00
 0.42783721E+00
 0.42894262E+00
 0.43037614E+00
 0.43091114E+00
 0.43248254E+00
 0.43540472E+00
 0.43584327E+00
 0.43626425E+00
 0.43787159E+00
 0.43897673E+00
 0.44012594E+00
 0.44126276E+00
 0.44166596E+00
 0.44286613E+00
 0.44401768E+00
 0.44527637E+00
 0.44929533E+00
 0.44997643E+00
 0.45117173E+00
 0.45159387E+00
 0.45339525E+00
 0.45515143E+00
 0.45617773E+00
 0.45750901E+00
 0.45826613E+00
 0.46015269E+00
 0.46139935E+00
 0.46244945E+00
 0.46547355E+00
 0.46770876E+00
 0.46879562E+00
 0.47105435E+00
 0.47184202E+00
 0.47347985E+00
 0.47481210E+00
 0.47696846E+00
 0.47756043E+00
 0.47861008E+00
 0.48020877E+00
 0.48078568E+00
 0.48235192E+00
 0.48559858E+00
 0.48572771E+00
 0.48634239E+00
 0.48708084E+00
 0.48831774E+00
 0.49097845E+00
 0.49140866E+00
 0.49464536E+00
 0.49571544E+00
 0.49737218E+00
 0.49961783E+00
 0.50021467E+00
 0.50186883E+00
 0.50201251E+00
 0.50350693E+00
 0.50708534E+00
 0.50716349E+00
 0.50872996E+00
 0.51073558E+00
 0.51200601E+00
 0.51364799E+00
 0.51547275E+00
 0.51679862E+00
 0.51801393E+00
 0.52050099E+00
 0.52146533E+00
 0.52192437E+00
 0.52265004E+00
 0.52615980E+00
 0.52692923E+00
 0.52757891E+00
 0.52935647E+00
 0.53074720E+00
 0.53122015E+00
 0.53520510E+00
 0.53780426E+00
 0.53927075E+00
 0.54082985E+00
 0.54206420E+00
 0.54533760E+00
 0.54574230E+00
 0.54973932E+00
 0.55013174E+00
 0.55048660E+00
 0.55472480E+00
 0.55812980E+00
 0.55935422E+00
 0.56195247E+00
 0.56220003E+00
 0.56308601E+00
 0.56498017E+00
 0.56738437E+00
 0.56872057E+00
 0.57150634E+00
 0.57198198E+00
 0.57274095E+00
 0.57848276E+00
 0.58086197E+00
 0.58407683E+00
 0.58854771E+00
 0.58889397E+00
 0.59151440E+00
 0.59159639E+00
 0.60122170E+00
 0.60203899E+00
 0.60298978E+00
 0.60450835E+00
 0.61108929E+00
 0.61206333E+00
 0.62073044E+00
 0.62366116E+00
 0.62418780E+00
 0.62478380E+00
 0.62841115E+00
 0.62907744E+00
 0.63521338E+00
 0.63539583E+00
 0.63714689E+00
 0.63792303E+00
 0.63834173E+00
 0.63865134E+00
 0.63920928E+00
 0.63966789E+00
 0.64110337E+00
 0.64242639E+00
 0.64325414E+00
 0.64412312E+00
 0.64499991E+00
 0.64636824E+00
 0.64811984E+00
 0.64824445E+00
 0.64969839E+00
 0.65024547E+00
 0.65114407E+00
 0.65140265E+00
 0.65391601E+00
 0.65556277E+00
 0.65631782E+00
 0.65760924E+00
 0.65868584E+00
 0.65986454E+00
 0.66242725E+00
 0.66418454E+00
 0.66434790E+00
 0.66536888E+00
 0.66640637E+00
 0.66686596E+00
 0.66962444E+00
 0.67001237E+00
 0.67213758E+00
 0.67427209E+00
 0.67753480E+00
 0.67825821E+00
 0.67975809E+00
 0.68029201E+00
 0.68093171E+00
 0.68108247E+00
 0.68188632E+00
 0.68303360E+00
 0.68471704E+00
 0.68502612E+00
 0.68635907E+00
 0.68680175E+00
 0.68731452E+00
 0.68848861E+00
 0.68991510E+00
 0.69206122E+00
 0.69289580E+00
 0.69322517E+00
 0.69374716E+00
 0.69397545E+00
 0.69566174E+00
 0.69685474E+00
 0.69770644E+00
 0.69882839E+00
 0.69987067E+00
 0.70058078E+00
 0.70063468E+00
 0.70161103E+00
 0.70330422E+00
 0.70351216E+00
 0.70664050E+00
 0.70851524E+00
 0.71072739E+00
 0.71153683E+00
 0.71311972E+00
 0.71418139E+00
 0.71534646E+00
 0.71572910E+00
 0.71750102E+00
 0.71778712E+00
 0.71882395E+00
 0.71948141E+00
 0.71984066E+00
 0.72048841E+00
 0.72231053E+00
 0.72309640E+00
 0.72646580E+00
 0.72729803E+00
 0.72882805E+00
 0.72920501E+00
 0.73123672E+00
 0.73215422E+00
 0.73268093E+00
 0.73283348E+00
 0.73387901E+00
 0.73478376E+00
 0.73630314E+00
 0.73800142E+00
 0.73898999E+00
 0.74030795E+00
 0.74116750E+00
 0.74297523E+00
 0.74320921E+00
 0.74443820E+00
 0.74595692E+00
 0.74658399E+00
 0.74678879E+00
 0.74746590E+00
 0.74813144E+00
 0.74846223E+00
 0.74966323E+00
 0.75172438E+00
 0.75357203E+00
 0.75400823E+00
 0.75781532E+00
 0.75837801E+00
 0.75884746E+00
 0.76079489E+00
 0.76236141E+00
 0.76451077E+00
 0.76487233E+00
 0.76615328E+00
 0.76786284E+00
 0.76840251E+00
 0.76966579E+00
 0.77095310E+00
 0.77154873E+00
 0.77224889E+00
 0.77342204E+00
 0.77513462E+00
 0.77775040E+00
 0.77942430E+00
 0.77972196E+00
 0.78009981E+00
 0.78107049E+00
 0.78268913E+00
 0.78363113E+00
 0.78430436E+00
 0.78455418E+00
 0.78590969E+00
 0.78725086E+00
 0.78791198E+00
 0.79101795E+00
 0.79354028E+00
 0.79447017E+00
 0.79636979E+00
 0.79949256E+00
 0.80205226E+00
 0.80484046E+00
 0.80600627E+00
 0.80846699E+00
 0.80949700E+00
 0.81023377E+00
 0.81062204E+00
 0.81097968E+00
 0.81314295E+00
 0.81493629E+00
 0.81675372E+00
 0.81717819E+00
 0.81866823E+00
 0.81924383E+00
 0.82048061E+00
 0.82177924E+00
 0.82265243E+00
 0.82430507E+00
 0.82470158E+00
 0.82644703E+00
 0.82929468E+00
 0.82997437E+00
 0.83100599E+00
 0.83292254E+00
 0.83561446E+00
 0.83644727E+00
 0.83655022E+00
 0.83767814E+00
 0.83787650E+00
 0.84044618E+00
 0.84116203E+00
 0.84165833E+00
 0.84244440E+00
 0.84312007E+00
 0.84605338E+00
 0.84700908E+00
 0.84798196E+00
 0.84853186E+00
 0.84959113E+00
 0.85125610E+00
 0.85273379E+00
 0.85488434E+00
 0.85492672E+00
 0.85628052E+00
 0.85681070E+00
 0.85877039E+00
 0.85935985E+00
 0.86034045E+00
 0.86175408E+00
 0.86218364E+00
 0.86380289E+00
 0.87085778E+00
 0.87183478E+00
 0.87632334E+00
 0.87807333E+00
 0.87864886E+00
 0.88043408E+00
 0.88235897E+00
 0.88376062E+00
 0.88578182E+00
 0.88738185E+00
 0.88916151E+00
 0.89105633E+00
 0.89199533E+00
 0.89349701E+00
 0.89647518E+00
 0.89818669E+00
 0.89876379E+00
 0.89998723E+00
 0.90075723E+00
 0.90152799E+00
 0.90230284E+00
 0.90332965E+00
 0.90516311E+00
 0.90664189E+00
 0.90769655E+00
 0.91156229E+00
 0.91304282E+00
 0.91345488E+00
 0.91500139E+00
 0.92057892E+00
 0.92306440E+00
 0.93230405E+00
 0.93311883E+00
 0.93421390E+00
 0.93561496E+00
 0.93729314E+00
 0.93784579E+00
 0.93918597E+00
 0.94335947E+00
 0.94375701E+00
 0.94444991E+00
 0.94601275E+00
 0.94677590E+00
 0.94862477E+00
 0.95081656E+00
 0.95207621E+00
 0.95603125E+00
 0.95830258E+00
 0.95908887E+00
 0.96024023E+00
 0.96230781E+00
 0.96432002E+00
 0.96530430E+00
 0.96590246E+00
 0.96681088E+00
 0.96988929E+00
 0.97144022E+00
 0.97396442E+00
 0.97611520E+00
 0.97690327E+00
 0.97721435E+00
 0.97853112E+00
 0.98044984E+00
 0.98191763E+00
 0.98367544E+00
 0.98388771E+00
 0.98651928E+00
 0.98851545E+00
 0.99062511E+00
 0.99126767E+00
 0.99306238E+00
 0.99382039E+00
 0.99746733E+00
 0.99805298E+00
 0.99884576E+00
 0.10004242E+01
 0.10014939E+01
 0.10026384E+01
 0.10038381E+01
 0.10040501E+01
 0.10046079E+01
 0.10060003E+01
 0.10065407E+01
 0.10071222E+01
 0.10086160E+01
 0.10099314E+01
 0.10105844E+01
 0.10113414E+01
 0.10120708E+01
 0.10137340E+01
 0.10157839E+01
 0.10166163E+01
 0.10172398E+01
 0.10206467E+01
 0.10226656E+01
 0.10244056E+01
 0.10257472E+01
 0.10268921E+01
 0.10288833E+01
 0.10290628E+01
 0.10311921E+01
 0.10331917E+01
 0.10354929E+01
 0.10362951E+01
 0.10393110E+01
 0.10402880E+01
 0.10426777E+01
 0.10441888E+01
 0.10460954E+01
 0.10467102E+01
 0.10479381E+01
 0.10488869E+01
 0.10497742E+01
 0.10505803E+01
 0.10524462E+01
 0.10532766E+01
 0.10569278E+01
 0.10585420E+01
 0.10611571E+01
 0.10626525E+01
 0.10636703E+01
 0.10648244E+01
 0.10663768E+01
 0.10670459E+01
 0.10688570E+01
 0.10711084E+01
 0.10730571E+01
 0.10735729E+01
 0.10751754E+01
 0.10771237E+01
 0.10777657E+01
 0.10792181E+01
 0.10803772E+01
 0.10835394E+01
 0.10864188E+01
 0.10880051E+01
 0.10894719E+01
 0.10921820E+01
 0.10944485E+01
 0.10955024E+01
 0.10983757E+01
 0.11013261E+01
 0.11016424E+01
 0.11052727E+01
 0.11085255E+01
 0.11103448E+01
 0.11116853E+01
 0.11146589E+01
 0.11159032E+01
 0.11159397E+01
 0.11189108E+01
 0.11207143E+01
 0.11221851E+01
 0.11251161E+01
 0.11260603E+01
 0.11279170E+01
 0.11291345E+01
 0.11305029E+01
 0.11315645E+01
 0.11318773E+01
 0.11322229E+01
 0.11346979E+01
 0.11356243E+01
 0.11383378E+01
 0.11402854E+01
 0.11425902E+01
 0.11436428E+01
 0.11448707E+01
 0.11457605E+01
 0.11480913E+01
 0.11497350E+01
 0.11512970E+01
 0.11541385E+01
 0.11544147E+01
 0.11564597E+01
 0.11579410E+01
 0.11593882E+01
 0.11600792E+01
 0.11605648E+01
 0.11610023E+01
 0.11618605E+01
 0.11621986E+01
 0.11632693E+01
 0.11651381E+01
 0.11660114E+01
 0.11674842E+01
 0.11682581E+01
 0.11705174E+01
 0.11725219E+01
 0.11751664E+01
 0.11765570E+01
 0.11779975E+01
 0.11801502E+01
 0.11807220E+01
 0.11835759E+01
 0.11840153E+01
 0.11849393E+01
 0.11851896E+01
 0.11864539E+01
 0.11873520E+01
 0.11883006E+01
 0.11892632E+01
 0.11931504E+01
 0.11982331E+01
 0.11993507E+01
 0.11996210E+01
 0.12003322E+01
 0.12034568E+01
 0.12057040E+01
 0.12081767E+01
 0.12093510E+01
 0.12120032E+01
 0.12139402E+01
 0.12208234E+01
 0.12221008E+01
 0.12240313E+01
 0.12250956E+01
 0.12256981E+01
 0.12277539E+01
 0.12281819E+01
 0.12303557E+01
 0.12313185E+01
 0.12335847E+01
 0.12340665E+01
 0.12353847E+01
 0.12359377E+01
 0.12381946E+01
 0.12429290E+01
 0.12439989E+01
 0.12450796E+01
 0.12481739E+01
 0.12483936E+01
 0.12486606E+01
 0.12487931E+01
 0.12492109E+01
 0.12504023E+01
 0.12518335E+01
 0.12541450E+01
 0.12547806E+01
 0.12554782E+01
 0.12558385E+01
 0.12569980E+01
 0.12588917E+01
 0.12607681E+01
 0.12613382E+01
 0.12615471E+01
 0.12628386E+01
 0.12635719E+01
 0.12651599E+01
 0.12665637E+01
 0.12690077E+01
 0.12704710E+01
 0.12721683E+01
 0.12731869E+01
 0.12761308E+01
 0.12768716E+01
 0.12776856E+01
 0.12786188E+01
 0.12793626E+01
 0.12797036E+01
 0.12803595E+01
 0.12821854E+01
 0.12835154E+01
 0.12851693E+01
 0.12853805E+01
 0.12859297E+01
 0.12881303E+01
 0.12885580E+01
 0.12907029E+01
 0.12912281E+01
 0.12934315E+01
 0.12941944E+01
 0.12953692E+01
 0.12960887E+01
 0.12965789E+01
 0.12983758E+01
 0.12994355E+01
 0.13015313E+01
 0.13019329E+01
 0.13026099E+01
 0.13040911E+01
 0.13043286E+01
 0.13059218E+01
 0.13082465E+01
 0.13107998E+01
 0.13108480E+01
 0.13125001E+01
 0.13155244E+01
 0.13163758E+01
 0.13177247E+01
 0.13177963E+01
 0.13190123E+01
 0.13193220E+01
 0.13214361E+01
 0.13235998E+01
 0.13266918E+01
 0.13270706E+01
 0.13329582E+01
 0.13342550E+01
 0.13347345E+01
 0.13367165E+01
 0.13373752E+01
 0.13382689E+01
 0.13420742E+01
 0.13428811E+01
 0.13462295E+01
 0.13476143E+01
 0.13488416E+01
 0.13496244E+01
 0.13507125E+01
 0.13517613E+01
 0.13523585E+01
 0.13537354E+01
 0.13546335E+01
 0.13552945E+01
 0.13572533E+01
 0.13592461E+01
 0.13605359E+01
 0.13617076E+01
 0.13622784E+01
 0.13633326E+01
 0.13642085E+01
 0.13650599E+01
 0.13653234E+01
 0.13676451E+01
 0.13692945E+01
 0.13701021E+01
 0.13719479E+01
 0.13730708E+01
 0.13751216E+01
 0.13762804E+01
 0.13772357E+01
 0.13778269E+01
 0.13795022E+01
 0.13819245E+01
 0.13842910E+01
 0.13859674E+01
 0.13871230E+01
 0.13893304E+01
 0.13948182E+01
 0.13952356E+01
 0.13967526E+01
 0.14005212E+01
 0.14022733E+01
 0.14039332E+01
 0.14052913E+01
 0.14071178E+01
 0.14080213E+01
 0.14085843E+01
 0.14101612E+01
 0.14105447E+01
 0.14179843E+01
 0.14271746E+01
 0.14283200E+01
 0.14290174E+01
 0.14300508E+01
 0.14376629E+01
 0.14419090E+01
 0.14424465E+01
 0.14454276E+01
 0.14501808E+01
 0.14539549E+01
 0.14563318E+01
 0.14574245E+01
 0.14575760E+01
 0.14580460E+01
 0.14674490E+01
 0.14678225E+01
 0.14686037E+01
 0.14688689E+01
 0.14708890E+01
 0.14712629E+01
 0.14745760E+01
 0.14751991E+01
 0.14769968E+01
 0.14802549E+01
 0.14803251E+01
 0.14805438E+01
 0.14901593E+01
 0.14913290E+01
 0.14982157E+01
 0.14989611E+01
 0.15004172E+01
 0.15010049E+01
 0.15038308E+01
 0.15044333E+01
 0.15062595E+01
 0.15090179E+01
 0.15113865E+01
 0.15119409E+01
 0.15170598E+01
 0.15174324E+01
 0.15219656E+01
 0.15246771E+01
 0.15335538E+01
 0.15348600E+01
 0.15357449E+01
 0.15363583E+01
 0.15368850E+01
 0.15379137E+01
 0.15385063E+01
 0.15539229E+01
 0.15558654E+01
 0.15572233E+01
 0.15588247E+01
 0.15591655E+01
 0.15631590E+01
 0.15635344E+01
 0.15655681E+01
 0.15680948E+01
 0.15725472E+01
 0.15769160E+01
 0.15771711E+01
 0.15816404E+01
 0.15831238E+01
 0.15878464E+01
 0.15896315E+01
 0.15905706E+01
 0.15939067E+01
 0.15961766E+01
 0.15966692E+01
 0.15974326E+01
 0.15982561E+01
 0.15986897E+01
 0.16044731E+01
 0.16049422E+01
 0.16127298E+01
 0.16135911E+01
 0.16337056E+01
 0.16343676E+01
 0.16359605E+01
 0.16370171E+01
 0.16389054E+01
 0.16391956E+01
 0.16414060E+01
 0.16440825E+01
 0.16520904E+01
 0.16528947E+01
 0.16536773E+01
 0.16544746E+01
 0.16554096E+01
 0.16560571E+01
 0.16570578E+01
 0.16579783E+01
 0.16591724E+01
 0.16601173E+01
 0.16618612E+01
 0.16632155E+01
 0.16637228E+01
 0.16664216E+01
 0.16668174E+01
 0.16732879E+01
 0.16752012E+01
 0.16773814E+01
 0.16789445E+01
 0.16840787E+01
 0.16850323E+01
 0.16877908E+01
 0.16886304E+01
 0.16900517E+01
 0.16901792E+01
 0.16913372E+01
 0.16965141E+01
 0.16978552E+01
 0.17029141E+01
 0.17036445E+01
 0.17073569E+01
 0.17084072E+01
 0.17128338E+01
 0.17135662E+01
 0.17142651E+01
 0.17160612E+01
 0.17167535E+01
 0.17194445E+01
 0.17229453E+01
 0.17230690E+01
 0.17245152E+01
 0.17260392E+01
 0.17274375E+01
 0.17277023E+01
 0.17280299E+01
 0.17283374E+01
 0.17303095E+01
 0.17306206E+01
 0.17332969E+01
 0.17333441E+01
 0.17350601E+01
 0.17350724E+01
 0.17367056E+01
 0.17400900E+01
 0.17412898E+01
 0.17414089E+01
 0.17436747E+01
 0.17445120E+01
 0.17461091E+01
 0.17481781E+01
 0.17506822E+01
 0.17521864E+01
 0.17524935E+01
 0.17546605E+01
 0.17552577E+01
 0.17556491E+01
 0.17562362E+01
 0.17575247E+01
 0.17600407E+01
 0.17613479E+01
 0.17616777E+01
 0.17644139E+01
 0.17651409E+01
 0.17654732E+01
 0.17662229E+01
 0.17673052E+01
 0.17683920E+01
 0.17718204E+01
 0.17720591E+01
 0.17734490E+01
 0.17747199E+01
 0.17755979E+01
 0.17770664E+01
 0.17801180E+01
 0.17809443E+01
 0.17812888E+01
 0.17817923E+01
 0.17835383E+01
 0.17842030E+01
 0.17860240E+01
 0.17870260E+01
 0.17877643E+01
 0.17883042E+01
 0.17889960E+01
 0.17921899E+01
 0.17931588E+01
 0.17936053E+01
 0.17937814E+01
 0.17953794E+01
 0.17961764E+01
 0.18032542E+01
 0.18041650E+01
 0.18044169E+01
 0.18086571E+01
 0.18092990E+01
 0.18107165E+01
 0.18114197E+01
 0.18117661E+01
 0.18146972E+01
 0.18161909E+01
 0.18167192E+01
 0.18182568E+01
 0.18212740E+01
 0.18222810E+01
 0.18254760E+01
 0.18263529E+01
 0.18283549E+01
 0.18308589E+01
 0.18311871E+01
 0.18346905E+01
 0.18362788E+01
 0.18375752E+01
 0.18393027E+01
 0.18429678E+01
 0.18449390E+01
 0.18451238E+01
 0.18468531E+01
 0.18478739E+01
 0.18522703E+01
 0.18569575E+01
 0.18574609E+01
 0.18577384E+01
 0.18634139E+01
 0.18643748E+01
 0.18656996E+01
 0.18672578E+01
 0.18676817E+01
 0.18686311E+01
 0.18693191E+01
 0.18730464E+01
 0.18732341E+01
 0.18743395E+01
 0.18761358E+01
 0.18786288E+01
 0.18799747E+01
 0.18805582E+01
 0.18857853E+01
 0.18871538E+01
 0.18897206E+01
 0.18899968E+01
 0.18922106E+01
 0.18933379E+01
 0.18943367E+01
 0.18957327E+01
 0.18970923E+01
 0.18998189E+01
 0.19028966E+01
 0.19044340E+01
 0.19053835E+01
 0.19074368E+01
 0.19088224E+01
 0.19105466E+01
 0.19162829E+01
 0.19165102E+01
 0.19185656E+01
 0.19189016E+01
 0.19203749E+01
 0.19208499E+01
 0.19276536E+01
 0.19284809E+01
 0.19305052E+01
 0.19317436E+01
 0.19340311E+01
 0.19341047E+01
 0.19377152E+01
 0.19393636E+01
 0.19424039E+01
 0.19430639E+01
 0.19448813E+01
 0.19486296E+01
 0.19527153E+01
 0.19539843E+01
 0.19550721E+01
 0.19567799E+01
 0.19607451E+01
 0.19620142E+01
 0.19672488E+01
 0.19695715E+01
 0.19731336E+01
 0.19738954E+01
 0.19783673E+01
 0.19788314E+01
 0.19805207E+01
 0.19817818E+01
 0.19825158E+01
 0.19865755E+01
 0.19874272E+01
 0.19881210E+01
 0.19893159E+01
 0.19915435E+01
 0.19927764E+01
 0.19960069E+01
 0.20002383E+01
 0.20022746E+01
 0.20032752E+01
 0.20054695E+01
 0.20081866E+01
 0.20087487E+01
 0.20110669E+01
 0.20137437E+01
 0.20139207E+01
 0.20156335E+01
 0.20161244E+01
 0.20227830E+01
 0.20237535E+01
 0.20243980E+01
 0.20246450E+01
 0.20251795E+01
 0.20355449E+01
 0.20370683E+01
 0.20379798E+01
 0.20383742E+01
 0.20415285E+01
 0.20419630E+01
 0.20429414E+01
 0.20450415E+01
 0.20484356E+01
 0.20486916E+01
 0.20547316E+01
 0.20552713E+01
 0.20613184E+01
 0.20625911E+01
 0.20648628E+01
 0.20652382E+01
 0.20658407E+01
 0.20663573E+01
 0.20713914E+01
 0.20731146E+01
 0.20736914E+01
 0.20749655E+01
 0.20779036E+01
 0.20844539E+01
 0.20850485E+01
 0.20859884E+01
 0.20922049E+01
 0.20931503E+01
 0.20938713E+01
 0.20949499E+01
 0.20963326E+01
 0.20979029E+01
 0.21032112E+01
 0.21048326E+01
 0.21055629E+01
 0.21073159E+01
 0.21073629E+01
 0.21078821E+01
 0.21092088E+01
 0.21101564E+01
 0.21116653E+01
 0.21147934E+01
 0.21157676E+01
 0.21158278E+01
 0.21166954E+01
 0.21171353E+01
 0.21185327E+01
 0.21193475E+01
 0.21200490E+01
 0.21253864E+01
 0.21257248E+01
 0.21273173E+01
 0.21289582E+01
 0.21296110E+01
 0.21311462E+01
 0.21325145E+01
 0.21348266E+01
 0.21363887E+01
 0.21374032E+01
 0.21405131E+01
 0.21435640E+01
 0.21450592E+01
 0.21471183E+01
 0.21476514E+01
 0.21546962E+01
 0.21555400E+01
 0.21560922E+01
 0.21587987E+01
 0.21591583E+01
 0.21620278E+01
 0.21631926E+01
 0.21648787E+01
 0.21671885E+01
 0.21705787E+01
 0.21737754E+01
 0.21757274E+01
 0.21777812E+01
 0.21807476E+01
 0.21831937E+01
 0.21840568E+01
 0.21869015E+01
 0.21888623E+01
 0.21896764E+01
 0.21913648E+01
 0.21933431E+01
 0.21945283E+01
 0.21953736E+01
 0.21973328E+01
 0.21980158E+01
 0.21999928E+01
 0.22015869E+01
 0.22063817E+01
 0.22108968E+01
 0.22113919E+01
 0.22180321E+01
 0.22187512E+01
 0.22220340E+01
 0.22241122E+01
 0.22279530E+01
 0.22284667E+01
 0.22303776E+01
 0.22307072E+01
 0.22321613E+01
 0.22326929E+01
 0.22330882E+01
 0.22336215E+01
 0.22449376E+01
 0.22484003E+01
 0.22494338E+01
 0.22500120E+01
 0.22519955E+01
 0.22524775E+01
 0.22551372E+01
 0.22583669E+01
 0.22643699E+01
 0.22657162E+01
 0.22722600E+01
 0.22744153E+01
 0.22750979E+01
 0.22783385E+01
 0.22785840E+01
 0.22816444E+01
 0.22855710E+01
 0.22908143E+01
 0.22925004E+01
 0.22964573E+01
 0.23001016E+01
 0.23019965E+01
 0.23080387E+01
 0.23105791E+01
 0.23129205E+01
 0.23143506E+01
 0.23183417E+01
 0.23199910E+01
 0.23219983E+01
 0.23232781E+01
 0.23238516E+01
 0.23252591E+01
 0.23283029E+01
 0.23313202E+01
 0.23321682E+01
 0.23373415E+01
 0.23386293E+01
 0.23411537E+01
 0.23428584E+01
 0.23439011E+01
 0.23501785E+01
 0.23504045E+01
 0.23521298E+01
 0.23531108E+01
 0.23544189E+01
 0.23556227E+01
 0.23568745E+01
 0.23578292E+01
 0.23587336E+01
 0.23619097E+01
 0.23643609E+01
 0.23649088E+01
 0.23720430E+01
 0.23727047E+01
 0.23751433E+01
 0.23784335E+01
 0.23796275E+01
 0.23856917E+01
 0.23891429E+01
 0.23903520E+01
 0.23927060E+01
 0.23927583E+01
 0.23946813E+01
 0.23984978E+01
 0.24007931E+01
 0.24011547E+01
 0.24012755E+01
 0.24024872E+01
 0.24067138E+01
 0.24120184E+01
 0.24151141E+01
 0.24159302E+01
 0.24206244E+01
 0.24214995E+01
 0.24242853E+01
 0.24256422E+01
 0.24287024E+01
 0.24306424E+01
 0.24317903E+01
 0.24368574E+01
 0.24407733E+01
 0.24421034E+01
 0.24455000E+01
 0.24481135E+01
 0.24489042E+01
 0.24501883E+01
 0.24534290E+01
 0.24549705E+01
 0.24561043E+01
 0.24563840E+01
 0.24580670E+01
 0.24609934E+01
 0.24613827E+01
 0.24662392E+01
 0.24674776E+01
 0.24739975E+01
 0.24801748E+01
 0.24841874E+01
 0.24865652E+01
 0.24893634E+01
 0.24905347E+01
 0.24968827E+01
 0.25019379E+01
 0.25019884E+01
 0.25077127E+01
 0.25091357E+01
 0.25162309E+01
 0.25165997E+01
 0.25170536E+01
 0.25202953E+01
 0.25235572E+01
 0.25237399E+01
 0.25242344E+01
 0.25280518E+01
 0.25301905E+01
 0.25335399E+01
 0.25386381E+01
 0.25425175E+01
 0.25464173E+01
 0.25509580E+01
 0.25528415E+01
 0.25536142E+01
 0.25554435E+01
 0.25602047E+01
 0.25640263E+01
 0.25691159E+01
 0.25707311E+01
 0.25718055E+01
 0.25733647E+01
 0.25751755E+01
 0.25753868E+01
 0.25763222E+01
 0.25898687E+01
 0.25931219E+01
 0.25961495E+01
 0.26036018E+01
 0.26064644E+01
 0.26164069E+01
 0.26184282E+01
 0.26189185E+01
 0.26193186E+01
 0.26231120E+01
 0.26235595E+01
 0.26248188E+01
 0.26319105E+01
 0.26323615E+01
 0.26358941E+01
 0.26363132E+01
 0.26363939E+01
 0.26454208E+01
 0.26467826E+01
 0.26483322E+01
 0.26572356E+01
 0.26632390E+01
 0.26660518E+01
 0.26671781E+01
 0.26682999E+01
 0.26728425E+01
 0.26750857E+01
 0.26782859E+01
 0.26798797E+01
 0.26801452E+01
 0.26838305E+01
 0.26840612E+01
 0.26855711E+01
 0.26882852E+01
 0.26895339E+01
 0.26935964E+01
 0.26980477E+01
 0.26984900E+01
 0.26986734E+01
 0.27001505E+01
 0.27006873E+01
 0.27018376E+01
 0.27027167E+01
 0.27071126E+01
 0.27130850E+01
 0.27152350E+01
 0.27153699E+01
 0.27167005E+01
 0.27215304E+01
 0.27221683E+01
 0.27250309E+01
 0.27274776E+01
 0.27285900E+01
 0.27322633E+01
 0.27390023E+01
 0.27398069E+01
 0.27494642E+01
 0.27500434E+01
 0.27538777E+01
 0.27547653E+01
 0.27559898E+01
 0.27571612E+01
 0.27607868E+01
 0.27626871E+01
 0.27789938E+01
 0.27795214E+01
 0.27880274E+01
 0.27885934E+01
 0.27984024E+01
 0.28015715E+01
 0.28048693E+01
 0.28080212E+01
 0.28113229E+01
 0.28142501E+01
 0.28143492E+01
 0.28154756E+01
 0.28176817E+01
 0.28177903E+01
 0.28185204E+01
 0.28239017E+01
 0.28269649E+01
 0.28307862E+01
 0.28322420E+01
 0.28374183E+01
 0.28385851E+01
 0.28424124E+01
 0.28479866E+01
 0.28531067E+01
 0.28545262E+01
 0.28559765E+01
 0.28604175E+01
 0.28609329E+01
 0.28635202E+01
 0.28636087E+01
 0.28666854E+01
 0.28669860E+01
 0.28697500E+01
 0.28697877E+01
 0.28754713E+01
 0.28776308E+01
 0.28796735E+01
 0.28815822E+01
 0.28953053E+01
 0.28963664E+01
 0.28969783E+01
 0.28971711E+01
 0.28981034E+01
 0.29052089E+01
 0.29070328E+01
 0.29072980E+01
 0.29126049E+01
 0.29161330E+01
 0.29197861E+01
 0.29239602E+01
 0.29249364E+01
 0.29285508E+01
 0.29301983E+01
 0.29322874E+01
 0.29338627E+01
 0.29383916E+01
 0.29402573E+01
 0.29511418E+01
 0.29536880E+01
 0.29543062E+01
 0.29596070E+01
 0.29657223E+01
 0.29663087E+01
 0.29719066E+01
 0.29783560E+01
 0.29799018E+01
 0.29845189E+01
 0.29905087E+01
 0.30012541E+01
 0.30022624E+01
 0.30054535E+01
 0.30071800E+01
 0.30092541E+01
 0.30127936E+01
 0.30172005E+01
 0.30207822E+01
 0.30318730E+01
 0.30377250E+01
 0.30384571E+01
 0.30448710E+01
 0.30496998E+01
 0.30509317E+01
 0.30582988E+01
 0.30610828E+01
 0.30689922E+01
 0.30701283E+01
 0.30854306E+01
 0.30856352E+01
 0.31035212E+01
 0.31042431E+01
 0.31139046E+01
 0.31140003E+01
 0.31148802E+01
 0.31153276E+01
 0.31252760E+01
 0.31315696E+01
 0.31368192E+01
 0.31393526E+01
 0.31546187E+01
 0.31552403E+01
 0.31626026E+01
 0.31629946E+01
 0.31663993E+01
 0.31670243E+01
 0.31742613E+01
 0.31760661E+01
 0.31993101E+01
 0.32007121E+01
 0.32085974E+01
 0.32092778E+01
 0.32170735E+01
 0.32175477E+01
 0.32211213E+01
 0.32229351E+01
 0.32312988E+01
 0.32424033E+01
 0.32473015E+01
 0.32517793E+01
 0.32537901E+01
 0.32541295E+01
 0.32597038E+01
 0.32600068E+01
 0.32810786E+01
 0.32842505E+01
 0.32850340E+01
 0.32882110E+01
 0.32908240E+01
 0.32970109E+01
 0.33046100E+01
 0.33101973E+01
 0.33103670E+01
 0.33193229E+01
 0.33285948E+01
 0.33333666E+01
 0.33431033E+01
 0.33433218E+01
 0.33467927E+01
 0.33491387E+01
 0.33530700E+01
 0.33593412E+01
 0.33606356E+01
 0.33621448E+01
 0.33739821E+01
 0.33768274E+01
 0.34039802E+01
 0.34057471E+01
 0.34074360E+01
 0.34075980E+01
 0.34090106E+01
 0.34104050E+01
 0.34482434E+01
 0.34498257E+01
 0.34500195E+01
 0.34587261E+01
 0.34731439E+01
 0.34744336E+01
 0.34757469E+01
 0.34760682E+01
 0.34767590E+01
 0.34776302E+01
 0.34807459E+01
 0.34921336E+01
 0.34950015E+01
 0.34953456E+01
 0.35034437E+01
 0.35079488E+01
 0.35082497E+01
 0.35112049E+01
 0.35216421E+01
 0.35230377E+01
 0.35276304E+01
 0.35276691E+01
 0.35313850E+01
 0.35317502E+01
 0.35767835E+01
 0.35849280E+01
 0.35868184E+01
 0.35919238E+01
 0.35929361E+01
 0.35987958E+01
 0.39068692E+01
 0.39098696E+01
 0.39241665E+01
 0.39280524E+01
 0.39315646E+01
 0.39337623E+01
 0.39402510E+01
 0.39403348E+01
 0.39698519E+01
 0.39699987E+01
 0.39821515E+01
 0.39829053E+01
 0.39908853E+01
 0.39912367E+01
 0.40048348E+01
 0.40063565E+01
 0.40105757E+01
 0.40113605E+01
 0.40143925E+01
 0.40144846E+01
 0.40179525E+01
 0.40289528E+01
 0.41428855E+01
 0.41440231E+01
 0.42067330E+01
 0.42080958E+01
 0.42275746E+01
 0.42279698E+01
 0.42481629E+01
 0.42486682E+01
 0.42591106E+01
 0.42591922E+01
 0.42682746E+01
 0.42728423E+01
 0.42745985E+01
 0.42748461E+01
 0.42852700E+01
 0.42854926E+01
 0.42889986E+01
 0.42921115E+01
 0.42989641E+01
 0.43002061E+01
 0.43013798E+01
 0.43019637E+01
 0.43078635E+01
 0.43083132E+01
 0.43092858E+01
 0.43099264E+01
 0.43232255E+01
 0.43236876E+01
 0.43411294E+01
 0.43437993E+01
 0.43443432E+01
 0.43452850E+01
 0.43540092E+01
 0.43558970E+01
 0.43563906E+01
 0.43564204E+01
 0.43613599E+01
 0.43631258E+01
 0.43718862E+01
 0.43748736E+01
 0.43770158E+01
 0.43795018E+01
 0.43821820E+01
 0.43837803E+01
 0.43977996E+01
 0.43991568E+01
 0.43998288E+01
 0.44004296E+01
 0.44055101E+01
 0.44076893E+01
 0.44110533E+01
 0.44248253E+01
 0.44293162E+01
 0.44404942E+01
 0.44441456E+01
 0.44581213E+01
 0.44595630E+01
 0.44604153E+01
 0.44700567E+01
 0.44705416E+01
 0.44720711E+01
 0.44738513E+01
 0.44859685E+01
 0.44882056E+01
 0.45028953E+01
 0.45068817E+01
 0.45157370E+01
 0.45164045E+01
 0.45353565E+01
 0.45358245E+01
 0.45364734E+01
 0.45378708E+01
 0.45496149E+01
 0.45511347E+01
 0.45690530E+01
 0.45693524E+01
 0.45734176E+01
 0.45758651E+01
 0.45820235E+01
 0.46000207E+01
 0.46051834E+01
 0.46060917E+01
 0.46141730E+01
 0.46142217E+01
 0.46358861E+01
 0.46430256E+01
 0.46448987E+01
 0.46529917E+01
 0.46536462E+01
 0.46561283E+01
 0.46593232E+01
 0.46781389E+01
 0.47149159E+01
 0.47159207E+01
 0.47202071E+01
 0.47207420E+01
 0.47283738E+01
 0.47327659E+01
 0.47514320E+01
 0.47526974E+01
 0.47975515E+01
 0.47977977E+01
 0.48255312E+01
 0.48255346E+01
 0.48671586E+01
 0.48696254E+01
 0.49350728E+01
 0.49354692E+01
 0.49607839E+01
 0.49617784E+01
 0.49770438E+01
 0.49877274E+01
 0.50128197E+01
 0.50132960E+01
 0.51303262E+01
 0.51351811E+01
 0.56663139E+01
 0.56665726E+01
 0.67791834E+01
 0.68682214E+01
 0.69806558E+01
 0.69822658E+01
 0.78396646E+01
 0.84929668E+01
