     285    511        0.00016
     318    511       -0.00013
     320    511       -0.00011
     324    511        0.00011
     326    529       -0.00016
     326    537        0.00013
     326    542        0.00014
     341    499       -0.00013
     348    754       -0.00010
     349    495       -0.00010
     349    496        0.00012
     349    498       -0.00010
     353    499       -0.00015
     353    567       -0.00016
     353    581       -0.00017
     353    623        0.00012
     362    496       -0.00011
     362    497        0.00011
     362    499        0.00012
     362    581        0.00011
     363    495       -0.00011
     365    511       -0.00014
     365    519        0.00016
     367    519       -0.00011
     367    688        0.00011
     369    519       -0.00011
     369    522        0.00013
     369    652        0.00010
     369    665       -0.00012
     369    688        0.00019
     369    695       -0.00010
     369    697        0.00013
     369    699       -0.00012
     369    700       -0.00011
     369    709       -0.00014
     369    754        0.00010
     372    522        0.00012
     373    526       -0.00011
     375    495        0.00011
     375    522        0.00011
     375    529        0.00013
     377    501        0.00015
     377    502        0.00014
     382    496       -0.00012
     382    499        0.00012
     382    535       -0.00010
     382    542        0.00012
     382    594       -0.00014
     386    602       -0.00012
     388    511        0.00013
     388    522        0.00011
     388    526       -0.00010
     388    542       -0.00010
     388    548       -0.00012
     388    550       -0.00012
     388    572       -0.00014
     388    592        0.00012
     388    606        0.00014
     388    613        0.00021
     388    616        0.00015
     388    617        0.00020
     388    709        0.00011
     392    547       -0.00010
     392    548       -0.00011
     392    592        0.00011
     392    613        0.00018
     394    511        0.00015
     394    616        0.00011
     394    617        0.00011
     394    699        0.00013
     394    703       -0.00010
     394    709        0.00012
     394    721       -0.00012
     397    548        0.00013
     397    550        0.00015
     397    557       -0.00010
     397    606       -0.00013
     397    613       -0.00018
     397    614       -0.00011
     397    616       -0.00013
     397    617       -0.00022
     397    697       -0.00011
     397    773        0.00010
     400    497       -0.00010
     400    498        0.00015
     400    505       -0.00012
     400    529       -0.00012
     400    537        0.00012
     402    510        0.00010
     404    511       -0.00014
     404    522        0.00011
     404    576        0.00014
     404    583       -0.00012
     404    844       -0.00011
     406    510        0.00017
     408    511       -0.00014
     408    688       -0.00014
     410    506       -0.00010
     410    511       -0.00028
     410    585        0.00011
     411    496       -0.00013
     411    505        0.00011
     411    506        0.00012
     411    511       -0.00019
     411    515        0.00011
     411    516       -0.00012
     416    511        0.00012
     416    546       -0.00010
     416    548        0.00014
     416    550        0.00011
     417    497        0.00015
     418    499        0.00020
     418    505       -0.00011
     418    506       -0.00010
     418    559       -0.00013
     418    566        0.00012
     418    567        0.00027
     418    579       -0.00013
     418    581       -0.00017
     418    623       -0.00016
     419    567        0.00011
     420    564        0.00010
     422    495       -0.00020
     422    497        0.00022
     422    501        0.00010
     422    507       -0.00014
     423    499        0.00010
     424    499        0.00020
     424    511        0.00012
     425    495        0.00016
     425    497        0.00014
     425    498       -0.00019
     425    499       -0.00041
     425    501        0.00013
     425    505        0.00013
     425    506        0.00011
     425    531        0.00011
     425    559       -0.00014
     425    581       -0.00013
     428    499        0.00013
     428    556       -0.00016
     428    557       -0.00011
     428    565        0.00014
     428    572        0.00010
     428    576       -0.00011
     429    499       -0.00019
     429    511        0.00017
     429    581       -0.00010
     436    547       -0.00013
     436    557        0.00012
     436    585       -0.00015
     436    587        0.00010
     437    519       -0.00017
     437    522        0.00012
     437    525       -0.00011
     440    499       -0.00024
     440    501        0.00013
     440    505       -0.00016
     440    506       -0.00015
     440    519        0.00022
     440    520       -0.00014
     440    521        0.00012
     440    522       -0.00011
     440    526        0.00010
     440    529       -0.00012
     440    538       -0.00013
     440    539        0.00012
     440    540       -0.00012
     440    543        0.00011
     440    547        0.00013
     440    548        0.00012
     440    550        0.00012
     440    552       -0.00012
     440    557       -0.00015
     440    560        0.00012
     440    570        0.00013
     440    717        0.00011
     441    496       -0.00013
     441    499        0.00037
     441    500        0.00011
     441    501       -0.00024
     441    502       -0.00018
     441    505        0.00029
     441    506        0.00028
     441    507       -0.00017
     441    508        0.00011
     441    518        0.00011
     441    519        0.00018
     441    529       -0.00014
     441    534        0.00015
     441    535       -0.00019
     441    536       -0.00011
     441    538        0.00011
     441    539       -0.00011
     441    542        0.00025
     441    581       -0.00012
     445    499        0.00027
     445    505        0.00013
     445    506        0.00011
     446    496       -0.00014
     446    497        0.00015
     446    499        0.00027
     446    505        0.00013
     446    506        0.00012
     446    513        0.00011
     446    519        0.00013
     446    535       -0.00010
     446    542        0.00011
     447    511        0.00014
     447    517        0.00023
     447    518       -0.00033
     447    519       -0.00041
     447    520        0.00020
     447    522        0.00035
     447    524        0.00017
     447    525       -0.00027
     447    526       -0.00025
     447    527        0.00012
     447    531       -0.00016
     447    533        0.00027
     447    534       -0.00011
     447    536       -0.00011
     447    539       -0.00017
     447    546       -0.00012
     447    547        0.00012
     447    548        0.00015
     447    550        0.00014
     447    553       -0.00019
     447    554        0.00019
     447    555        0.00011
     447    556       -0.00012
     447    557       -0.00015
     447    606        0.00011
     447    624       -0.00011
     447    773        0.00017
     450    497        0.00011
     450    499        0.00019
     450    519       -0.00018
     450    520        0.00010
     450    531       -0.00016
     450    533        0.00025
     450    539       -0.00010
     450    550        0.00010
     450    552       -0.00014
     450    563       -0.00011
     451    496       -0.00015
     451    498        0.00013
     451    501       -0.00020
     451    502       -0.00017
     451    508        0.00012
     451    513        0.00010
     451    514       -0.00012
     451    559        0.00016
     452    501       -0.00018
     452    502       -0.00014
     452    505       -0.00010
     452    507       -0.00011
     452    508        0.00012
     452    559        0.00015
     454    495        0.00010
     454    496       -0.00020
     454    503        0.00011
     454    504       -0.00012
     454    564        0.00011
     454    570       -0.00012
     455    496       -0.00015
     456    495        0.00012
     456    496       -0.00033
     456    497        0.00011
     456    499       -0.00013
     456    501       -0.00013
     456    502       -0.00013
     456    503        0.00012
     456    504       -0.00011
     456    507       -0.00015
     456    508        0.00012
     456    515        0.00013
     456    516       -0.00012
     456    530       -0.00016
     456    532       -0.00012
     456    559       -0.00016
     457    495       -0.00058
     457    496        0.00052
     457    497       -0.00045
     457    498        0.00040
     457    499       -0.00017
     457    503       -0.00047
     457    504        0.00055
     457    505        0.00018
     457    506        0.00019
     457    507       -0.00014
     457    513       -0.00011
     457    514        0.00013
     457    530        0.00012
     457    531       -0.00012
     457    532        0.00011
     457    537        0.00012
     459    495       -0.00010
     460    496       -0.00063
     460    498        0.00046
     460    499       -0.00011
     460    506        0.00013
     460    507       -0.00013
     460    513       -0.00010
     460    514        0.00010
     460    542       -0.00015
     460    559        0.00016
     461    495       -0.00080
     461    496        0.00092
     461    497       -0.00077
     461    498        0.00064
     461    499        0.00048
     461    501        0.00011
     461    502        0.00012
     461    503        0.00032
     461    504       -0.00038
     461    505       -0.00032
     461    506       -0.00029
     461    507        0.00013
     461    525        0.00010
     461    526        0.00017
     461    527       -0.00012
     461    529        0.00022
     461    530        0.00020
     461    531       -0.00016
     461    532        0.00015
     461    542       -0.00011
     461    559       -0.00026
     461    579        0.00021
     461    581        0.00027
     463    495        0.00063
     463    496       -0.00048
     463    497        0.00070
     463    498       -0.00076
     463    499       -0.00033
     463    503       -0.00030
     463    504        0.00034
     463    505        0.00024
     463    506        0.00021
     463    507       -0.00014
     463    508        0.00013
     463    526       -0.00011
     463    529       -0.00014
     463    530       -0.00013
     463    531        0.00013
     463    534       -0.00011
     463    535        0.00015
     463    542        0.00014
     463    559        0.00019
     463    579       -0.00017
     463    581       -0.00023
     465    495        0.00023
     465    496        0.00013
     465    497       -0.00013
     465    498       -0.00013
     466    496        0.00085
     466    497        0.00035
     466    498       -0.00089
     466    499        0.00023
     466    501        0.00041
     466    502        0.00039
     466    507       -0.00013
     466    508        0.00037
     466    513        0.00015
     466    515        0.00024
     466    516       -0.00018
     466    538       -0.00010
     466    584        0.00014
     467    495        0.00059
     467    496        0.00010
     467    498       -0.00042
     467    499       -0.00012
     467    501        0.00037
     467    502        0.00039
     467    503        0.00014
     467    504       -0.00014
     467    505        0.00027
     467    506        0.00022
     467    507       -0.00026
     467    508        0.00032
     467    515        0.00022
     467    516       -0.00020
     467    559        0.00012
     467    581       -0.00013
     468    495       -0.00051
     468    497       -0.00024
     468    498        0.00061
     468    499        0.00024
     468    501       -0.00054
     468    502       -0.00051
     468    503       -0.00019
     468    504        0.00030
     468    505       -0.00036
     468    506       -0.00035
     468    507        0.00044
     468    508       -0.00053
     468    515       -0.00036
     468    516        0.00030
     468    539        0.00010
     468    542       -0.00012
     468    559       -0.00018
     468    561        0.00012
     468    581        0.00020
     468    582       -0.00010
     468    584       -0.00011
     468    611       -0.00010
     468    628        0.00012
     469    495        0.00042
     469    496       -0.00023
     469    497        0.00018
     469    498       -0.00025
     469    499        0.00093
     469    500        0.00026
     469    502        0.00013
     469    504        0.00014
     469    505        0.00017
     469    506        0.00018
     469    507       -0.00017
     469    508        0.00013
     469    530       -0.00018
     469    531        0.00012
     469    532       -0.00011
     469    535        0.00011
     469    638        0.00013
     470    495        0.00029
     470    497        0.00014
     470    498       -0.00028
     470    499        0.00050
     470    500        0.00011
     470    505        0.00015
     470    506        0.00015
     470    507       -0.00016
     470    508        0.00022
     471    495       -0.00059
     471    496       -0.00032
     471    498        0.00046
     471    499        0.00011
     471    500        0.00010
     471    501        0.00027
     471    502        0.00061
     471    504        0.00025
     471    505       -0.00024
     471    506       -0.00011
     471    507        0.00019
     471    508       -0.00046
     471    513       -0.00013
     471    515       -0.00020
     471    516        0.00015
     471    529        0.00011
     471    530       -0.00012
     471    534        0.00011
     471    535       -0.00011
     471    537        0.00012
     472    495        0.00026
     472    496        0.00043
     472    497       -0.00015
     472    498       -0.00042
     472    499       -0.00053
     472    500        0.00024
     472    501       -0.00086
     472    502       -0.00028
     472    503        0.00022
     472    504       -0.00017
     472    507       -0.00028
     472    508        0.00029
     472    515        0.00014
     472    532        0.00014
     472    535        0.00016
     472    538       -0.00018
     472    539       -0.00014
     473    495        0.00059
     473    496        0.00032
     473    497       -0.00053
     473    499        0.00018
     473    501        0.00015
     473    502        0.00018
     473    503        0.00021
     473    504       -0.00031
     473    505       -0.00048
     473    506       -0.00049
     473    507        0.00014
     473    508        0.00014
     473    513        0.00012
     473    539        0.00018
     473    542       -0.00017
     473    561        0.00019
     473    562       -0.00012
     473    563       -0.00011
     473    589       -0.00011
     473    590       -0.00015
     473    591       -0.00011
     473    592       -0.00013
     473    598        0.00011
     473    604        0.00015
     473    623       -0.00014
     473    624        0.00013
     473    654       -0.00011
     473    667       -0.00012
     473    669        0.00011
     474    499        0.00010
     474    501        0.00013
     474    505       -0.00017
     474    506       -0.00015
     475    495       -0.00137
     475    496       -0.00108
     475    497        0.00089
     475    498        0.00107
     475    499        0.00037
     475    500       -0.00029
     475    501        0.00054
     475    504        0.00012
     475    505       -0.00023
     475    508       -0.00056
     475    514       -0.00024
     475    516       -0.00028
     475    530        0.00020
     476    495        0.00012
     476    496       -0.00075
     476    497        0.00060
     476    498       -0.00017
     476    499       -0.00020
     476    500       -0.00011
     476    505        0.00046
     476    506        0.00047
     476    507       -0.00028
     476    508        0.00011
     476    513        0.00026
     476    514       -0.00035
     476    515       -0.00029
     476    516        0.00023
     476    518       -0.00011
     476    525        0.00011
     476    526        0.00015
     476    529        0.00014
     476    530        0.00021
     476    531       -0.00017
     476    532        0.00015
     476    534        0.00012
     476    535       -0.00014
     476    595       -0.00018
     476    596        0.00013
     476    618        0.00011
     476    637       -0.00014
     476    638       -0.00019
     476    661       -0.00010
     476    713        0.00011
     476    715        0.00012
     476    717       -0.00014
     476    750       -0.00014
     476    755        0.00011
     476    762       -0.00010
     477    495        0.00020
     477    496        0.00027
     477    497       -0.00025
     477    498       -0.00016
     478    496       -0.00015
     478    501        0.00011
     479    495        0.00031
     479    498       -0.00020
     479    504       -0.00013
     479    508        0.00011
     479    531       -0.00016
     479    533        0.00015
     479    577       -0.00013
     479    639        0.00012
     480    495       -0.00059
     480    496       -0.00140
     480    497        0.00038
     480    498        0.00113
     480    499        0.00021
     480    501        0.00023
     480    502        0.00035
     480    504        0.00020
     480    507        0.00034
     480    508       -0.00049
     480    513        0.00028
     480    514       -0.00027
     480    515        0.00014
     480    516       -0.00017
     480    530        0.00023
     480    532        0.00016
     480    535        0.00011
     480    538       -0.00011
     481    495       -0.00098
     481    498        0.00061
     481    499       -0.00057
     481    500       -0.00018
     481    501        0.00011
     481    505        0.00057
     481    506        0.00056
     481    507       -0.00014
     481    508       -0.00016
     481    513       -0.00018
     481    514        0.00012
     481    517        0.00021
     481    518       -0.00029
     481    519       -0.00026
     481    520        0.00010
     481    522        0.00020
     481    524        0.00013
     481    525       -0.00016
     481    526       -0.00016
     481    530       -0.00013
     481    531       -0.00012
     481    532       -0.00018
     481    533        0.00034
     481    534       -0.00013
     481    537       -0.00018
     481    543        0.00012
     481    545       -0.00014
     481    546       -0.00024
     481    547        0.00028
     481    548        0.00028
     481    550        0.00025
     481    551       -0.00014
     481    553       -0.00010
     481    555        0.00017
     481    556       -0.00033
     481    557       -0.00024
     481    563       -0.00013
     481    565        0.00012
     481    567       -0.00013
     481    570        0.00022
     481    571        0.00015
     481    576        0.00018
     481    583       -0.00016
     481    588        0.00011
     481    589       -0.00013
     481    592       -0.00017
     481    598        0.00012
     481    609       -0.00011
     481    610       -0.00014
     481    611       -0.00011
     481    613       -0.00039
     481    615        0.00013
     481    616       -0.00020
     481    617       -0.00030
     481    622       -0.00010
     481    624        0.00017
     481    633        0.00013
     481    648       -0.00012
     481    653        0.00013
     481    654       -0.00011
     481    665       -0.00011
     481    671        0.00012
     481    674        0.00014
     481    688        0.00011
     481    703        0.00013
     481    705       -0.00015
     481    713        0.00023
     481    742       -0.00010
     481    888        0.00011
     481    889        0.00013
     483    495        0.00266
     483    496        0.00162
     483    497       -0.00085
     483    498       -0.00159
     483    499        0.00154
     483    500        0.00047
     483    501       -0.00014
     483    504       -0.00024
     483    505       -0.00162
     483    506       -0.00169
     483    507        0.00059
     483    508        0.00055
     483    513        0.00060
     483    514       -0.00036
     483    516        0.00011
     483    517        0.00011
     483    518       -0.00014
     483    530        0.00024
     483    531       -0.00032
     483    532        0.00029
     483    533        0.00013
     483    536       -0.00015
     483    547        0.00014
     483    556       -0.00014
     483    559       -0.00032
     483    561       -0.00018
     483    567        0.00017
     483    575        0.00017
     483    576        0.00016
     483    577       -0.00013
     483    579        0.00034
     483    581        0.00030
     483    584        0.00012
     483    596        0.00010
     483    598       -0.00010
     483    599       -0.00018
     483    602        0.00013
     483    610       -0.00014
     483    616       -0.00012
     483    617       -0.00012
     483    623        0.00011
     483    624       -0.00012
     483    626        0.00016
     483    649        0.00012
     483    650        0.00012
     483    654        0.00012
     483    669       -0.00011
     484    495        0.00075
     484    496        0.00105
     484    497       -0.00017
     484    498       -0.00104
     484    499        0.00074
     484    500        0.00031
     484    501       -0.00014
     484    505       -0.00090
     484    506       -0.00084
     484    508        0.00019
     484    513        0.00025
     484    514       -0.00017
     484    516        0.00010
     484    531       -0.00016
     484    532        0.00013
     484    559       -0.00016
     484    575        0.00011
     484    579        0.00016
     484    581        0.00014
     485    495       -0.00092
     485    496       -0.00034
     485    497        0.00023
     485    498        0.00045
     485    501       -0.00013
     485    503       -0.00029
     485    504        0.00026
     485    506        0.00020
     485    507       -0.00024
     485    508       -0.00011
     485    513       -0.00011
     485    559       -0.00011
     486    495       -0.00220
     486    496       -0.00259
     486    497        0.00011
     486    498        0.00229
     486    499       -0.00032
     486    500       -0.00020
     486    501       -0.00017
     486    502       -0.00033
     486    503       -0.00085
     486    504        0.00128
     486    505        0.00053
     486    506        0.00071
     486    507       -0.00031
     486    508       -0.00033
     486    513       -0.00029
     486    514        0.00015
     486    515        0.00026
     486    516       -0.00038
     486    530       -0.00023
     486    531        0.00015
     486    532       -0.00025
     486    533        0.00010
     486    535       -0.00029
     486    537       -0.00011
     486    538        0.00017
     486    539       -0.00026
     486    540        0.00014
     486    542        0.00020
     486    559       -0.00037
     486    584       -0.00013
     486    590        0.00012
     486    592        0.00011
     486    594        0.00013
     486    623        0.00018
     486    624       -0.00014
     486    798       -0.00010
     487    495        0.00797
     487    496        0.01025
     487    497       -0.00111
     487    498       -0.00647
     487    499       -0.00141
     487    500        0.00020
     487    502        0.00028
     487    503       -0.00076
     487    505        0.00220
     487    506        0.00088
     487    507        0.00014
     487    508        0.00107
     487    513       -0.00021
     487    514        0.00074
     487    515        0.00071
     487    516       -0.00034
     487    517       -0.00018
     487    518        0.00018
     487    521       -0.00018
     487    526       -0.00011
     487    527        0.00014
     487    529       -0.00020
     487    532        0.00021
     487    533       -0.00012
     487    542        0.00013
     487    584        0.00016
     487    594        0.00017
     487    615        0.00010
     487    618       -0.00014
     487    637        0.00010
     487    638        0.00014
     488    495        0.00524
     488    496        0.01231
     488    497        0.00031
     488    498       -0.00694
     488    499       -0.00111
     488    502        0.00027
     488    503       -0.00043
     488    505        0.00147
     488    506        0.00109
     488    507       -0.00032
     488    508        0.00091
     488    513       -0.00019
     488    514        0.00081
     488    515        0.00060
     488    516       -0.00028
     488    517       -0.00014
     488    518        0.00019
     488    521       -0.00017
     488    526       -0.00010
     488    527        0.00010
     488    529       -0.00017
     488    532        0.00015
     488    542        0.00014
     488    584        0.00012
     488    594        0.00016
     488    618       -0.00013
     488    638        0.00014
     489    495        0.00633
     489    496        0.01071
     489    497       -0.00188
     489    498       -0.00491
     489    499       -0.00188
     489    501        0.00050
     489    502        0.00069
     489    504       -0.00054
     489    505        0.00088
     489    506        0.00019
     489    507        0.00014
     489    508        0.00084
     489    513        0.00042
     489    515        0.00014
     489    534       -0.00010
     489    535        0.00022
     489    536        0.00016
     489    538       -0.00019
     489    539        0.00019
     489    540       -0.00011
     489    542       -0.00018
     489    559        0.00038
     489    561        0.00025
     489    562       -0.00018
     489    563       -0.00013
     489    567       -0.00022
     489    579       -0.00015
     489    580        0.00012
     489    581       -0.00015
     489    584        0.00019
     489    589       -0.00010
     489    590       -0.00019
     489    591       -0.00013
     489    592       -0.00019
     489    595        0.00016
     489    598        0.00013
     489    599        0.00016
     489    602       -0.00011
     489    610        0.00014
     489    611       -0.00016
     489    613       -0.00012
     489    618        0.00010
     489    623       -0.00022
     489    624        0.00021
     489    626       -0.00012
     489    636        0.00011
     489    654       -0.00011
     489    655       -0.00012
     489    659       -0.00015
     489    661        0.00012
     489    695        0.00011
     490    495       -0.00072
     490    496        0.00168
     490    497        0.00075
     490    498       -0.00039
     490    500       -0.00013
     490    503        0.00013
     490    505       -0.00012
     490    506        0.00015
     490    507       -0.00015
     491    495        0.00021
     491    496       -0.00134
     491    497       -0.00049
     491    498        0.00040
     491    499       -0.00012
     491    500        0.00011
     491    503       -0.00010
     491    507        0.00017
     491    513        0.00012
     492    495       -0.00330
     492    496       -0.00990
     492    497        0.00186
     492    498        0.00335
     492    499        0.00135
     492    501       -0.00038
     492    502       -0.00046
     492    503        0.00078
     492    504       -0.00054
     492    506        0.00030
     492    507       -0.00019
     492    508       -0.00054
     492    513       -0.00048
     492    514        0.00028
     492    515        0.00017
     492    516       -0.00024
     492    518        0.00012
     492    531       -0.00010
     492    534        0.00015
     492    535       -0.00020
     492    536       -0.00017
     492    537        0.00017
     492    538        0.00020
     492    545        0.00013
     492    559       -0.00025
     492    581        0.00013
     492    592        0.00010
     492    594       -0.00018
     492    595       -0.00011
     492    598       -0.00013
     492    599       -0.00021
     492    602        0.00015
     492    604       -0.00013
     492    610       -0.00011
     492    611        0.00012
     492    613        0.00011
     492    622        0.00010
     492    623        0.00025
     492    624       -0.00021
     492    626        0.00012
     492    654        0.00012
     493    495       -0.34290
     493    496       -0.29439
     493    497        0.06436
     493    498        0.04417
     493    499       -0.00040
     493    500       -0.00336
     493    501        0.00321
     493    502       -0.00075
     493    503        0.00377
     493    504       -0.00056
     493    505       -0.00190
     493    506        0.00126
     493    507       -0.00286
     493    508       -0.00122
     493    514       -0.00072
     493    529       -0.00011
     493    530       -0.00019
     493    531        0.00021
     493    532       -0.00032
     493    537        0.00019
     493    542        0.00011
     493    543       -0.00012
     493    544        0.00014
     493    545        0.00028
     493    546       -0.00018
     493    548        0.00010
     493    551       -0.00010
     493    567       -0.00015
     493    584       -0.00016
     493    597       -0.00011
     493    602       -0.00010
     493    624        0.00011
     493    626       -0.00012
     493    638        0.00012
     493    661        0.00012
     494    495        0.29365
     494    496        0.44180
     494    497       -0.05404
     494    498       -0.06556
     494    499        0.00126
     494    500        0.00399
     494    501       -0.00306
     494    502        0.00143
     494    503       -0.00364
     494    504        0.00033
     494    505        0.00138
     494    506       -0.00155
     494    507        0.00229
     494    508        0.00169
     494    513       -0.00016
     494    514        0.00092
     494    516        0.00012
     494    518       -0.00011
     494    526        0.00011
     494    529        0.00014
     494    530        0.00021
     494    531       -0.00021
     494    532        0.00032
     494    536        0.00011
     494    537       -0.00025
     494    542       -0.00011
     494    543        0.00010
     494    544       -0.00020
     494    545       -0.00024
     494    546        0.00024
     494    547        0.00013
     494    548       -0.00012
     494    551        0.00013
     494    567        0.00019
     494    584        0.00020
     494    597        0.00013
     494    600        0.00013
     494    602        0.00013
     494    624       -0.00012
     494    626        0.00014
     494    638       -0.00015
     494    649        0.00011
     494    661       -0.00014
     494    729        0.00011
