     286    512        0.00016
     319    512       -0.00016
     325    527       -0.00011
     325    528       -0.00013
     325    537        0.00012
     325    538       -0.00013
     325    541       -0.00012
     342    500       -0.00012
     346    541       -0.00012
     347    496        0.00010
     354    500       -0.00015
     354    568       -0.00016
     354    582        0.00019
     364    495       -0.00011
     364    496       -0.00011
     364    500        0.00011
     366    512       -0.00012
     366    520        0.00013
     366    671       -0.00011
     368    520        0.00012
     368    690       -0.00013
     370    523       -0.00011
     370    671        0.00013
     370    690        0.00014
     370    695        0.00011
     370    696       -0.00010
     370    697        0.00010
     370    701       -0.00011
     371    523        0.00015
     371    690       -0.00013
     374    523       -0.00011
     376    501       -0.00013
     376    502        0.00014
     378    495        0.00011
     378    496        0.00011
     378    500       -0.00012
     378    528       -0.00012
     378    537        0.00012
     378    538       -0.00012
     383    496       -0.00011
     383    500        0.00010
     383    541       -0.00013
     383    593       -0.00015
     383    607       -0.00015
     383    617        0.00011
     383    619       -0.00011
     387    512       -0.00010
     387    548        0.00013
     387    550       -0.00016
     387    573        0.00010
     387    591        0.00013
     387    597        0.00011
     387    605       -0.00015
     387    612       -0.00011
     387    616        0.00021
     387    617       -0.00020
     391    548        0.00011
     393    512        0.00018
     393    616       -0.00016
     393    617        0.00014
     393    690       -0.00013
     393    699        0.00011
     393    703        0.00011
     393    721        0.00017
     393    733        0.00011
     395    617        0.00012
     398    550       -0.00016
     398    557        0.00011
     398    571        0.00011
     398    605       -0.00011
     398    614        0.00011
     398    616        0.00018
     398    617       -0.00021
     399    497        0.00010
     399    498        0.00013
     399    527       -0.00010
     399    537        0.00011
     403    512       -0.00015
     403    576       -0.00010
     403    583       -0.00010
     403    617        0.00012
     405    509        0.00013
     407    509        0.00014
     409    505        0.00011
     409    506       -0.00016
     409    507       -0.00011
     409    512        0.00029
     411    512        0.00010
     412    496        0.00015
     412    506       -0.00014
     412    512       -0.00021
     412    515        0.00010
     415    512       -0.00013
     415    546       -0.00010
     415    548       -0.00014
     415    550        0.00015
     415    616       -0.00012
     417    495        0.00014
     417    497       -0.00020
     417    501       -0.00011
     417    507        0.00013
     418    568       -0.00012
     419    500        0.00018
     419    505        0.00011
     419    506       -0.00011
     419    558        0.00013
     419    566       -0.00015
     419    568        0.00025
     419    580       -0.00015
     419    582        0.00015
     419    622       -0.00013
     421    566       -0.00010
     422    495       -0.00015
     422    497        0.00016
     422    502       -0.00011
     422    507       -0.00010
     423    500       -0.00011
     425    500        0.00013
     426    495       -0.00017
     426    497       -0.00016
     426    498       -0.00020
     426    499        0.00010
     426    500       -0.00042
     426    501       -0.00018
     426    502        0.00014
     426    505       -0.00012
     426    506        0.00013
     426    532        0.00012
     426    534       -0.00010
     426    558        0.00013
     426    582        0.00012
     427    500       -0.00012
     427    555        0.00015
     427    557        0.00011
     427    563        0.00010
     427    565        0.00015
     427    573        0.00016
     430    500        0.00017
     430    512        0.00018
     431    545       -0.00015
     433    509       -0.00011
     435    548        0.00015
     435    550       -0.00012
     435    557        0.00013
     435    585        0.00015
     435    587        0.00011
     437    520       -0.00011
     438    519        0.00011
     438    520        0.00013
     438    523        0.00012
     439    500       -0.00021
     439    501       -0.00013
     439    502        0.00012
     439    505        0.00012
     439    506       -0.00016
     439    519       -0.00011
     439    520       -0.00025
     439    523       -0.00014
     439    527        0.00010
     439    528       -0.00016
     439    538        0.00013
     439    540       -0.00017
     439    548       -0.00013
     439    550        0.00014
     439    552        0.00012
     439    557       -0.00014
     439    560       -0.00010
     439    571       -0.00014
     441    501        0.00010
     442    496        0.00012
     442    500       -0.00033
     442    501       -0.00026
     442    502        0.00024
     442    505        0.00021
     442    506       -0.00031
     442    507       -0.00019
     442    508       -0.00013
     442    520        0.00015
     442    528        0.00017
     442    534       -0.00016
     442    535       -0.00012
     442    536        0.00013
     442    538        0.00013
     442    540       -0.00014
     442    541        0.00024
     442    582       -0.00011
     443    500        0.00012
     443    506        0.00011
     445    497       -0.00015
     445    499       -0.00016
     445    500        0.00030
     445    505       -0.00017
     445    506        0.00013
     445    541       -0.00010
     446    496        0.00017
     446    497        0.00011
     446    500       -0.00024
     446    506       -0.00017
     446    514        0.00010
     446    531       -0.00010
     448    512       -0.00011
     448    517       -0.00016
     448    518       -0.00022
     448    519        0.00023
     448    520        0.00027
     448    523        0.00034
     448    525        0.00015
     448    526       -0.00020
     448    527       -0.00015
     448    528        0.00012
     448    531       -0.00011
     448    533       -0.00011
     448    541        0.00013
     448    546       -0.00011
     448    548       -0.00019
     448    550        0.00014
     448    553       -0.00016
     448    554       -0.00015
     448    555       -0.00014
     448    557       -0.00016
     449    497       -0.00011
     449    500        0.00019
     449    519        0.00022
     449    520        0.00034
     449    523        0.00016
     449    526       -0.00014
     449    527       -0.00020
     449    528        0.00017
     449    531       -0.00027
     449    532       -0.00020
     449    533       -0.00027
     449    536       -0.00012
     449    540        0.00016
     449    550        0.00017
     449    552        0.00012
     449    554       -0.00011
     449    557       -0.00011
     449    605       -0.00011
     450    531        0.00010
     451    496       -0.00011
     451    501        0.00024
     451    502       -0.00014
     451    507        0.00012
     451    513       -0.00011
     451    558       -0.00016
     452    498       -0.00013
     452    501       -0.00015
     452    502        0.00024
     452    507       -0.00010
     452    508       -0.00017
     452    526       -0.00012
     452    558        0.00017
     453    496       -0.00019
     453    503       -0.00012
     453    566       -0.00010
     453    571        0.00010
     455    495       -0.00024
     455    496       -0.00032
     455    497       -0.00017
     455    500       -0.00013
     455    503       -0.00020
     455    504       -0.00014
     455    515       -0.00013
     455    530       -0.00015
     455    532        0.00018
     455    558        0.00020
     456    496        0.00024
     456    530        0.00011
     457    495        0.00012
     457    496       -0.00011
     457    497        0.00012
     457    498       -0.00010
     458    495        0.00052
     458    496        0.00038
     458    497        0.00043
     458    498        0.00047
     458    500       -0.00021
     458    503        0.00051
     458    504        0.00045
     458    505       -0.00014
     458    506        0.00022
     458    507        0.00017
     458    513        0.00011
     458    514        0.00012
     458    515       -0.00011
     458    532       -0.00013
     458    538       -0.00010
     458    558        0.00011
     459    495        0.00016
     459    496        0.00069
     459    498       -0.00042
     459    500        0.00012
     459    503        0.00016
     459    504        0.00010
     459    506       -0.00013
     459    507       -0.00013
     459    513       -0.00010
     459    541       -0.00014
     459    558        0.00016
     460    495       -0.00011
     460    496        0.00023
     460    498       -0.00017
     461    495        0.00024
     461    496       -0.00023
     461    497        0.00015
     461    498       -0.00012
     461    499       -0.00013
     462    495       -0.00071
     462    496       -0.00082
     462    497       -0.00063
     462    498       -0.00055
     462    499        0.00010
     462    500       -0.00044
     462    502       -0.00011
     462    503        0.00030
     462    504        0.00027
     462    505       -0.00022
     462    506        0.00030
     462    507        0.00010
     462    526       -0.00014
     462    527       -0.00017
     462    528       -0.00015
     462    530       -0.00016
     462    532        0.00018
     462    534       -0.00010
     462    558       -0.00025
     462    579       -0.00012
     462    580       -0.00018
     462    581        0.00010
     462    582        0.00019
     462    605       -0.00010
     463    495       -0.00012
     463    497       -0.00019
     463    498        0.00018
     464    495       -0.00073
     464    496       -0.00057
     464    497       -0.00080
     464    498       -0.00093
     464    500       -0.00039
     464    503        0.00039
     464    504        0.00032
     464    505       -0.00023
     464    506        0.00029
     464    507        0.00017
     464    508        0.00013
     464    526       -0.00015
     464    527       -0.00014
     464    528       -0.00013
     464    530       -0.00014
     464    532        0.00018
     464    534       -0.00018
     464    535       -0.00013
     464    541       -0.00013
     464    558       -0.00025
     464    580       -0.00024
     464    582        0.00023
     465    496       -0.00092
     465    497        0.00032
     465    498        0.00098
     465    500       -0.00031
     465    501        0.00034
     465    502       -0.00043
     465    507       -0.00015
     465    508       -0.00038
     465    513        0.00015
     465    515        0.00024
     465    516        0.00018
     465    538       -0.00012
     465    558        0.00012
     465    584       -0.00015
     465    666       -0.00010
     466    495        0.00022
     466    496       -0.00022
     466    497       -0.00029
     466    498        0.00023
     466    501       -0.00011
     467    495        0.00054
     467    496       -0.00020
     467    498        0.00077
     467    501        0.00040
     467    502       -0.00074
     467    503        0.00018
     467    504        0.00022
     467    505        0.00025
     467    506       -0.00046
     467    507       -0.00038
     467    508       -0.00059
     467    515        0.00031
     467    516        0.00034
     467    518       -0.00012
     467    530        0.00012
     467    540       -0.00012
     467    558        0.00021
     467    562        0.00012
     467    582       -0.00022
     467    584       -0.00014
     467    607       -0.00013
     467    609       -0.00020
     468    495        0.00035
     468    497        0.00027
     468    498        0.00027
     468    501        0.00049
     468    502       -0.00023
     468    503        0.00019
     468    504        0.00011
     468    505        0.00029
     468    506       -0.00019
     468    507       -0.00046
     468    508       -0.00023
     468    515        0.00036
     468    516        0.00011
     468    558        0.00015
     468    582       -0.00011
     468    609       -0.00013
     469    495        0.00012
     469    496        0.00022
     469    498        0.00015
     469    499       -0.00016
     469    500       -0.00067
     469    501       -0.00012
     469    502       -0.00015
     469    504       -0.00015
     469    506       -0.00013
     469    530        0.00017
     470    495       -0.00048
     470    496       -0.00015
     470    497       -0.00024
     470    498       -0.00029
     470    499       -0.00029
     470    500        0.00087
     470    501        0.00023
     470    503        0.00011
     470    505       -0.00020
     470    506        0.00019
     470    507        0.00027
     470    508        0.00017
     470    513       -0.00013
     470    515       -0.00010
     470    530       -0.00011
     470    532        0.00018
     470    534       -0.00011
     470    535       -0.00012
     470    619       -0.00012
     470    637       -0.00011
     470    640        0.00013
     471    495       -0.00040
     471    496        0.00044
     471    498       -0.00062
     471    500       -0.00022
     471    501        0.00012
     471    502       -0.00082
     471    504       -0.00030
     471    505       -0.00015
     471    506        0.00019
     471    507        0.00017
     471    508        0.00059
     471    515       -0.00016
     471    516       -0.00018
     471    528       -0.00010
     471    530        0.00016
     471    534       -0.00018
     471    536        0.00011
     471    537       -0.00012
     472    495       -0.00029
     472    496        0.00032
     472    497        0.00022
     472    498       -0.00032
     472    499        0.00053
     472    500       -0.00060
     472    501        0.00106
     472    502       -0.00024
     472    503       -0.00032
     472    507        0.00037
     472    508        0.00021
     472    515       -0.00018
     472    531        0.00012
     472    532       -0.00016
     472    535       -0.00021
     472    538        0.00024
     472    539        0.00016
     473    495        0.00018
     473    496       -0.00019
     473    497       -0.00016
     473    504        0.00018
     473    506        0.00029
     473    508       -0.00013
     474    495       -0.00053
     474    496        0.00024
     474    497        0.00046
     474    500        0.00026
     474    501       -0.00019
     474    502        0.00019
     474    503       -0.00028
     474    504       -0.00024
     474    505        0.00044
     474    506       -0.00051
     474    507       -0.00010
     474    508        0.00016
     474    513       -0.00013
     474    539       -0.00011
     474    540       -0.00020
     474    541        0.00017
     474    562        0.00019
     474    580        0.00010
     474    589        0.00011
     474    592       -0.00017
     474    598       -0.00012
     474    607       -0.00012
     474    622       -0.00012
     474    751       -0.00010
     475    495       -0.00094
     475    496        0.00141
     475    497        0.00075
     475    498       -0.00139
     475    499        0.00028
     475    500       -0.00024
     475    501        0.00039
     475    502       -0.00016
     475    504       -0.00016
     475    505       -0.00017
     475    508        0.00073
     475    514        0.00032
     475    516        0.00036
     475    530       -0.00027
     475    534        0.00013
     476    495       -0.00026
     476    496        0.00026
     476    498       -0.00017
     476    505       -0.00020
     476    507        0.00011
     476    515        0.00013
     477    496       -0.00086
     477    497       -0.00060
     477    500       -0.00019
     477    504        0.00011
     477    505       -0.00036
     477    506        0.00059
     477    507        0.00030
     477    513       -0.00025
     477    514       -0.00036
     477    515        0.00029
     477    516        0.00019
     477    518       -0.00013
     477    526        0.00015
     477    527        0.00014
     477    530        0.00020
     477    532       -0.00019
     477    534        0.00017
     477    535        0.00012
     477    536       -0.00012
     477    596        0.00018
     477    598       -0.00012
     477    637        0.00014
     477    638       -0.00015
     477    640       -0.00012
     477    662       -0.00010
     477    706        0.00011
     477    711       -0.00011
     477    714       -0.00011
     477    715        0.00010
     477    719       -0.00011
     477    755       -0.00012
     478    495        0.00032
     478    498        0.00017
     478    503        0.00011
     478    507       -0.00011
     478    508       -0.00012
     478    513        0.00013
     478    514        0.00014
     478    530       -0.00012
     478    532        0.00021
     478    540        0.00011
     478    544        0.00011
     478    577       -0.00015
     478    622        0.00011
     478    631       -0.00010
     478    640        0.00013
     479    495       -0.00014
     479    496        0.00011
     480    495        0.00061
     480    496       -0.00100
     480    497       -0.00055
     480    498        0.00079
     480    499       -0.00016
     480    500        0.00024
     480    501       -0.00022
     480    502        0.00027
     480    504        0.00014
     480    507       -0.00046
     480    508       -0.00033
     480    513       -0.00039
     480    514       -0.00020
     480    515       -0.00019
     480    516       -0.00012
     480    530        0.00017
     480    531        0.00014
     480    532       -0.00021
     480    535       -0.00014
     480    538        0.00013
     480    539        0.00011
     480    545       -0.00010
     481    498       -0.00012
     481    499        0.00012
     481    505       -0.00015
     481    506       -0.00017
     482    495       -0.00094
     482    498       -0.00062
     482    500        0.00056
     482    501        0.00018
     482    505        0.00048
     482    506       -0.00065
     482    507       -0.00013
     482    508        0.00016
     482    513       -0.00018
     482    514       -0.00011
     482    517        0.00015
     482    518        0.00020
     482    519       -0.00021
     482    520       -0.00023
     482    523       -0.00018
     482    526        0.00013
     482    527        0.00016
     482    530        0.00011
     482    531        0.00031
     482    533        0.00027
     482    537        0.00017
     482    543        0.00012
     482    546        0.00022
     482    548        0.00036
     482    549        0.00010
     482    550       -0.00035
     482    551        0.00023
     482    552       -0.00011
     482    555        0.00033
     482    556       -0.00015
     482    557        0.00027
     482    563        0.00012
     482    565        0.00018
     482    570       -0.00014
     482    571        0.00029
     482    576       -0.00013
     482    583       -0.00015
     482    588       -0.00011
     482    591        0.00017
     482    597        0.00012
     482    598        0.00014
     482    601        0.00011
     482    603       -0.00012
     482    610       -0.00022
     482    612       -0.00021
     482    614        0.00013
     482    616        0.00029
     482    617       -0.00033
     482    622        0.00018
     482    633       -0.00010
     482    643        0.00011
     482    648        0.00012
     482    653        0.00016
     482    671        0.00015
     482    673        0.00015
     482    690        0.00014
     482    703       -0.00014
     482    712        0.00019
     482    714        0.00016
     482    744       -0.00010
     482    890       -0.00012
     483    495        0.00093
     483    496       -0.00114
     483    497       -0.00041
     483    498        0.00112
     483    499       -0.00028
     483    500       -0.00091
     483    504        0.00026
     483    505       -0.00015
     483    506        0.00141
     483    507        0.00032
     483    508       -0.00049
     483    513        0.00017
     483    514        0.00027
     483    518        0.00010
     483    530       -0.00021
     483    532        0.00015
     483    536        0.00012
     483    558       -0.00011
     483    579       -0.00018
     483    580       -0.00016
     483    582        0.00011
     483    584       -0.00011
     483    602       -0.00011
     484    495       -0.00248
     484    496        0.00167
     484    497        0.00088
     484    498       -0.00163
     484    499       -0.00035
     484    500        0.00154
     484    501        0.00041
     484    503       -0.00017
     484    504       -0.00025
     484    505        0.00167
     484    506       -0.00183
     484    507       -0.00044
     484    508        0.00047
     484    513       -0.00067
     484    514       -0.00030
     484    516        0.00015
     484    517       -0.00012
     484    518       -0.00013
     484    530        0.00021
     484    532       -0.00049
     484    536       -0.00014
     484    548       -0.00011
     484    550        0.00011
     484    555       -0.00018
     484    557       -0.00011
     484    558        0.00028
     484    562       -0.00010
     484    568        0.00017
     484    575       -0.00024
     484    579        0.00016
     484    580        0.00033
     484    581       -0.00015
     484    582       -0.00020
     484    584        0.00010
     484    592        0.00011
     484    593       -0.00013
     484    596        0.00014
     484    598        0.00013
     484    599        0.00019
     484    602        0.00015
     484    605        0.00011
     484    609        0.00021
     484    616       -0.00010
     484    617        0.00014
     484    621       -0.00011
     484    626        0.00010
     484    640       -0.00010
     484    651       -0.00012
     484    655       -0.00011
     484    679       -0.00010
     484    855        0.00012
     485    495       -0.00182
     485    496        0.00235
     485    497        0.00029
     485    498       -0.00212
     485    500        0.00028
     485    501       -0.00017
     485    502        0.00038
     485    503       -0.00096
     485    504       -0.00111
     485    505        0.00022
     485    506       -0.00067
     485    507       -0.00031
     485    508        0.00033
     485    513       -0.00022
     485    514       -0.00011
     485    515        0.00025
     485    516        0.00037
     485    518       -0.00011
     485    530        0.00024
     485    531        0.00015
     485    532       -0.00020
     485    534       -0.00014
     485    535       -0.00022
     485    536        0.00015
     485    537        0.00012
     485    538        0.00015
     485    540       -0.00031
     485    541        0.00022
     485    558       -0.00038
     485    584        0.00014
     485    592       -0.00021
     485    602       -0.00011
     485    609       -0.00013
     485    621        0.00014
     485    622       -0.00016
     485    666        0.00011
     486    495        0.00086
     486    496       -0.00040
     486    498        0.00021
     486    503        0.00051
     486    505       -0.00036
     486    513        0.00012
     486    515       -0.00017
     486    532        0.00013
     486    535        0.00014
     486    558        0.00011
     487    495        0.00547
     487    496       -0.01282
     487    497       -0.00143
     487    498        0.00798
     487    499       -0.00030
     487    500        0.00105
     487    501        0.00015
     487    502       -0.00051
     487    503       -0.00049
     487    504        0.00011
     487    505        0.00127
     487    506       -0.00138
     487    508       -0.00141
     487    513       -0.00011
     487    514       -0.00083
     487    515        0.00050
     487    516        0.00037
     487    517       -0.00012
     487    518       -0.00022
     487    521       -0.00010
     487    526        0.00016
     487    527        0.00016
     487    528        0.00019
     487    531       -0.00013
     487    541        0.00014
     487    582       -0.00018
     487    584       -0.00019
     487    591        0.00011
     487    593       -0.00015
     487    594       -0.00010
     487    638       -0.00013
     487    640       -0.00011
     488    495       -0.00729
     488    496        0.01041
     488    497        0.00052
     488    498       -0.00582
     488    499        0.00077
     488    500       -0.00108
     488    501       -0.00018
     488    502        0.00039
     488    503        0.00058
     488    505       -0.00175
     488    506        0.00109
     488    507        0.00049
     488    508        0.00084
     488    513        0.00023
     488    514        0.00059
     488    515       -0.00083
     488    516       -0.00020
     488    517        0.00018
     488    518        0.00015
     488    521        0.00020
     488    526       -0.00012
     488    527       -0.00021
     488    528       -0.00020
     488    529        0.00011
     488    531        0.00013
     488    532       -0.00016
     488    533        0.00011
     488    535       -0.00014
     488    541       -0.00014
     488    575       -0.00013
     488    582        0.00014
     488    591       -0.00010
     488    593        0.00014
     488    637       -0.00013
     488    640        0.00012
     489    495       -0.00070
     489    496       -0.00138
     489    497       -0.00035
     489    498        0.00099
     489    499        0.00034
     489    502       -0.00013
     489    503       -0.00013
     489    504        0.00026
     489    507        0.00015
     489    508       -0.00026
     489    513       -0.00013
     489    514        0.00010
     489    515       -0.00010
     490    495       -0.00546
     490    496        0.00952
     490    497        0.00192
     490    498       -0.00437
     490    499        0.00057
     490    500       -0.00145
     490    501       -0.00055
     490    502        0.00078
     490    503       -0.00021
     490    504       -0.00058
     490    505       -0.00065
     490    506        0.00025
     490    508        0.00080
     490    513       -0.00042
     490    515       -0.00016
     490    534       -0.00013
     490    535       -0.00015
     490    536        0.00017
     490    538        0.00018
     490    540       -0.00022
     490    541        0.00018
     490    558       -0.00040
     490    561        0.00010
     490    562        0.00026
     490    568       -0.00021
     490    580       -0.00017
     490    582        0.00012
     490    584        0.00016
     490    589        0.00012
     490    590        0.00012
     490    592       -0.00028
     490    596       -0.00013
     490    598       -0.00013
     490    602       -0.00012
     490    609       -0.00022
     490    621        0.00010
     490    622       -0.00023
     490    624       -0.00010
     490    653       -0.00010
     490    655        0.00013
     490    659       -0.00011
     490    662        0.00017
     491    495        0.00372
     491    496       -0.00932
     491    497       -0.00231
     491    498        0.00320
     491    499       -0.00041
     491    500        0.00110
     491    501        0.00051
     491    502       -0.00069
     491    503       -0.00074
     491    504       -0.00035
     491    506        0.00038
     491    507        0.00019
     491    508       -0.00058
     491    513        0.00050
     491    514        0.00028
     491    515       -0.00023
     491    516       -0.00028
     491    518        0.00014
     491    532       -0.00011
     491    534        0.00022
     491    535        0.00018
     491    536       -0.00020
     491    537        0.00011
     491    538       -0.00023
     491    545       -0.00013
     491    558        0.00024
     491    580       -0.00016
     491    582       -0.00020
     491    591        0.00016
     491    592        0.00013
     491    593       -0.00021
     491    596        0.00016
     491    598        0.00012
     491    599        0.00019
     491    602        0.00017
     491    604       -0.00011
     491    609        0.00017
     491    620        0.00012
     491    621       -0.00014
     491    622        0.00025
     491    629       -0.00010
     491    655       -0.00011
     491    666       -0.00010
     492    495        0.00112
     492    496        0.00021
     492    497       -0.00035
     492    498       -0.00011
     492    499       -0.00026
     492    501        0.00017
     492    502        0.00010
     492    503       -0.00019
     492    504        0.00013
     492    508        0.00011
     493    495       -0.29472
     493    496        0.45620
     493    497        0.06171
     493    498       -0.06516
     493    499        0.00295
     493    500        0.00241
     493    501        0.00329
     493    502        0.00078
     493    503        0.00333
     493    504        0.00029
     493    505       -0.00173
     493    506       -0.00121
     493    507       -0.00242
     493    508        0.00191
     493    513        0.00013
     493    514        0.00108
     493    518       -0.00011
     493    526        0.00018
     493    528        0.00017
     493    530        0.00026
     493    531        0.00016
     493    532       -0.00032
     493    537       -0.00029
     493    541        0.00012
     493    543       -0.00010
     493    544       -0.00019
     493    545        0.00029
     493    546        0.00017
     493    547        0.00019
     493    551        0.00015
     493    557       -0.00010
     493    567        0.00014
     493    568        0.00019
     493    580        0.00014
     493    584        0.00023
     493    592       -0.00012
     493    601        0.00013
     493    602        0.00014
     493    621       -0.00017
     493    626        0.00015
     493    633       -0.00010
     493    638       -0.00013
     493    640       -0.00013
     493    651       -0.00011
     493    662       -0.00014
     493    729        0.00011
     494    495       -0.32467
     494    496        0.29066
     494    497        0.06650
     494    498       -0.04084
     494    499        0.00194
     494    500        0.00102
     494    501        0.00398
     494    502        0.00064
     494    503        0.00406
     494    504       -0.00018
     494    505       -0.00163
     494    506       -0.00061
     494    507       -0.00247
     494    508        0.00110
     494    513        0.00025
     494    514        0.00058
     494    525       -0.00011
     494    528        0.00013
     494    530        0.00011
     494    531        0.00022
     494    532       -0.00039
     494    537       -0.00015
     494    543       -0.00011
     494    544       -0.00012
     494    545        0.00032
     494    547        0.00013
     494    568        0.00014
     494    584        0.00011
     494    621       -0.00012
     494    640       -0.00014
     494    662       -0.00012
