     286    512        0.00013
     290    523       -0.00010
     292    523        0.00010
     292    571        0.00010
     295    520        0.00010
     298    527       -0.00011
     299    520        0.00011
     299    521        0.00011
     299    523       -0.00013
     299    524       -0.00012
     299    531       -0.00013
     299    533       -0.00010
     302    519        0.00012
     302    520        0.00012
     302    523        0.00021
     302    524        0.00012
     302    525        0.00012
     302    557       -0.00011
     309    519       -0.00010
     309    520       -0.00014
     309    523        0.00010
     310    520        0.00011
     312    531       -0.00014
     312    533       -0.00011
     322    520       -0.00013
     322    548       -0.00011
     323    548       -0.00012
     325    503        0.00012
     325    558       -0.00013
     325    562        0.00017
     330    520       -0.00011
     330    605        0.00010
     330    616       -0.00012
     330    617        0.00011
     337    497       -0.00017
     337    498       -0.00016
     337    515        0.00014
     337    516        0.00012
     337    528       -0.00010
     337    609       -0.00011
     339    519       -0.00010
     339    520       -0.00016
     346    617        0.00011
     352    523        0.00011
     352    593       -0.00011
     352    693        0.00010
     352    739        0.00013
     352    761        0.00010
     354    497       -0.00010
     354    500       -0.00012
     358    520        0.00011
     360    643       -0.00012
     360    645       -0.00012
     360    653       -0.00013
     360    668       -0.00010
     360    684        0.00014
     360    728       -0.00011
     361    495       -0.00029
     361    496       -0.00025
     361    497        0.00022
     361    498        0.00023
     361    502        0.00011
     361    503        0.00016
     361    504        0.00014
     361    507        0.00011
     361    508        0.00011
     361    540       -0.00011
     364    495       -0.00011
     364    496       -0.00013
     364    497       -0.00018
     364    498       -0.00018
     364    500        0.00013
     364    501        0.00011
     364    520        0.00012
     366    497        0.00014
     366    498        0.00015
     366    520        0.00016
     368    625        0.00010
     368    671       -0.00011
     368    687        0.00011
     368    690       -0.00021
     368    761        0.00014
     368    763       -0.00011
     368    810        0.00012
     368    813       -0.00010
     368    826       -0.00015
     370    519       -0.00012
     370    520       -0.00022
     370    528       -0.00012
     370    671        0.00012
     370    690        0.00015
     370    695        0.00012
     370    696       -0.00012
     370    697        0.00010
     370    699       -0.00011
     370    700        0.00014
     370    701       -0.00015
     370    707       -0.00011
     370    708        0.00013
     370    712        0.00010
     371    520        0.00014
     371    523        0.00015
     371    553       -0.00012
     371    631        0.00011
     371    645       -0.00010
     371    658        0.00010
     371    665       -0.00015
     371    666        0.00011
     371    668       -0.00011
     371    684        0.00011
     371    690       -0.00012
     371    701        0.00011
     371    708       -0.00010
     374    617        0.00010
     374    620        0.00011
     376    495        0.00013
     376    496        0.00013
     376    500       -0.00019
     376    501        0.00018
     376    502       -0.00020
     376    530       -0.00011
     378    495        0.00016
     378    496        0.00016
     378    500       -0.00011
     378    503        0.00025
     378    504        0.00021
     378    558       -0.00021
     378    562        0.00011
     378    626       -0.00012
     378    634        0.00012
     379    501        0.00012
     379    502       -0.00014
     379    520       -0.00011
     381    515        0.00016
     381    516        0.00014
     381    528       -0.00021
     381    541       -0.00013
     381    558       -0.00014
     381    607       -0.00011
     383    497       -0.00010
     383    498       -0.00013
     383    520       -0.00010
     383    527        0.00010
     383    528       -0.00011
     383    593       -0.00011
     383    616       -0.00011
     383    617        0.00011
     383    693        0.00011
     383    696       -0.00011
     385    509       -0.00015
     385    520        0.00011
     385    645        0.00012
     385    658       -0.00010
     385    663        0.00011
     385    668        0.00014
     385    671       -0.00013
     385    684       -0.00011
     385    686       -0.00011
     385    691       -0.00013
     385    693       -0.00020
     385    696        0.00021
     385    775       -0.00010
     387    524       -0.00021
     387    525       -0.00012
     387    527       -0.00025
     387    528        0.00015
     387    531       -0.00019
     387    532       -0.00011
     387    533       -0.00010
     387    550       -0.00017
     387    551        0.00013
     387    552       -0.00018
     387    557        0.00011
     387    571        0.00011
     387    576       -0.00013
     387    583       -0.00014
     387    588       -0.00014
     387    605       -0.00011
     387    606        0.00011
     387    608        0.00013
     387    611        0.00011
     387    614        0.00012
     387    616        0.00028
     387    617       -0.00034
     387    619        0.00012
     387    620       -0.00016
     387    621        0.00011
     387    622        0.00017
     387    643        0.00013
     391    546       -0.00011
     391    550       -0.00014
     391    552       -0.00021
     391    560       -0.00012
     391    569        0.00011
     391    576       -0.00012
     391    583       -0.00013
     391    588       -0.00018
     391    597       -0.00013
     391    599       -0.00013
     391    608        0.00016
     391    610        0.00014
     391    611        0.00018
     391    613       -0.00014
     391    614        0.00011
     391    615       -0.00012
     391    616        0.00016
     391    617       -0.00030
     391    620       -0.00013
     391    622        0.00017
     391    623       -0.00016
     391    624       -0.00020
     391    625        0.00010
     391    629       -0.00012
     391    632       -0.00012
     391    637        0.00016
     391    645       -0.00018
     391    649        0.00011
     391    650        0.00016
     391    653       -0.00014
     391    654       -0.00018
     391    655       -0.00010
     391    657       -0.00018
     391    658        0.00027
     391    663       -0.00020
     391    665       -0.00014
     391    666        0.00012
     391    667        0.00013
     391    668       -0.00024
     391    671        0.00013
     391    672        0.00011
     391    673       -0.00011
     391    677        0.00012
     391    678       -0.00010
     391    680       -0.00018
     391    682       -0.00016
     391    684        0.00019
     391    686        0.00011
     391    687       -0.00010
     391    691        0.00018
     391    693        0.00016
     391    696       -0.00016
     391    710        0.00010
     391    744        0.00011
     391    765        0.00011
     391    820        0.00011
     391   1171       -0.00010
     393    512        0.00014
     393    524       -0.00017
     393    525       -0.00013
     393    527       -0.00014
     393    531       -0.00011
     393    548       -0.00013
     393    571       -0.00014
     393    591       -0.00013
     393    593       -0.00010
     393    597       -0.00014
     393    603        0.00013
     393    610        0.00013
     393    616       -0.00012
     393    633        0.00010
     393    673       -0.00012
     393    687        0.00012
     393    690       -0.00015
     393    699        0.00016
     393    703        0.00018
     393    704        0.00012
     393    705        0.00010
     393    711       -0.00013
     393    712       -0.00013
     393    718        0.00011
     393    721        0.00016
     393    728       -0.00010
     393    734        0.00010
     393    739        0.00013
     393    740       -0.00012
     395    548       -0.00013
     395    569        0.00011
     395    571       -0.00011
     395    591       -0.00011
     395    597       -0.00012
     395    608        0.00011
     395    610        0.00010
     395    668       -0.00011
     395    673       -0.00010
     395    693        0.00017
     395    696       -0.00016
     398    520        0.00015
     398    525        0.00011
     398    526       -0.00010
     398    546        0.00020
     398    548        0.00031
     398    549        0.00010
     398    550       -0.00011
     398    552        0.00014
     398    553        0.00019
     398    554        0.00012
     398    555        0.00012
     398    557        0.00014
     398    560        0.00019
     398    571        0.00012
     398    591        0.00014
     398    593        0.00013
     398    597        0.00019
     398    603       -0.00018
     398    605       -0.00021
     398    606       -0.00014
     398    608       -0.00024
     398    610       -0.00017
     398    611       -0.00013
     398    612       -0.00021
     398    613        0.00012
     398    614        0.00010
     398    684        0.00014
     398    701        0.00011
     398    703       -0.00014
     398    718       -0.00019
     398    728        0.00010
     398    775        0.00012
     399    496        0.00010
     399    498       -0.00011
     399    505        0.00014
     399    506       -0.00019
     399    558        0.00013
     399    562       -0.00010
     399    579        0.00011
     399    580        0.00020
     401    524       -0.00013
     401    543       -0.00013
     401    617       -0.00013
     403    523       -0.00012
     403    565       -0.00010
     403    569       -0.00014
     403    571        0.00011
     403    617        0.00011
     403    696       -0.00014
     405    509       -0.00014
     405    540       -0.00010
     405    543       -0.00010
     405    684        0.00012
     405    687       -0.00014
     405    690        0.00012
     405    696       -0.00016
     407    509       -0.00019
     407    531        0.00013
     407    533        0.00010
     407    546       -0.00011
     407    548       -0.00012
     407    583       -0.00011
     407    611        0.00012
     407    690       -0.00011
     409    506       -0.00015
     409    507       -0.00019
     409    508       -0.00017
     409    512        0.00019
     409    515        0.00019
     409    516        0.00015
     412    506       -0.00014
     412    507       -0.00021
     412    508       -0.00018
     412    512       -0.00012
     412    515        0.00025
     412    516        0.00020
     413    509       -0.00011
     413    531       -0.00013
     413    533       -0.00010
     413    543        0.00013
     413    548        0.00012
     413    560        0.00011
     415    523       -0.00011
     415    550        0.00013
     417    500       -0.00032
     417    501        0.00020
     417    502       -0.00030
     418    500       -0.00016
     419    500        0.00022
     419    501        0.00016
     419    502       -0.00015
     419    566       -0.00012
     419    568        0.00016
     419    580       -0.00012
     419    582        0.00010
     420    519        0.00016
     420    520        0.00017
     420    564       -0.00013
     420    566        0.00020
     420    568        0.00013
     420    571       -0.00012
     421    518        0.00017
     421    519       -0.00018
     421    520       -0.00028
     421    523        0.00015
     421    562       -0.00012
     421    564        0.00021
     421    566       -0.00027
     421    568       -0.00020
     421    570       -0.00013
     421    571        0.00016
     422    495        0.00019
     422    497       -0.00020
     422    499       -0.00015
     422    500        0.00031
     422    501       -0.00032
     422    502        0.00025
     422    505        0.00010
     422    507        0.00011
     423    501       -0.00012
     423    502        0.00010
     425    501        0.00010
     426    497       -0.00012
     426    500       -0.00050
     426    501       -0.00028
     426    502        0.00022
     426    562       -0.00011
     426    566       -0.00013
     427    500       -0.00013
     427    565        0.00013
     427    569        0.00011
     430    500        0.00020
     430    501        0.00012
     430    502       -0.00010
     430    512        0.00013
     430    520       -0.00010
     430    523       -0.00012
     430    550        0.00012
     430    673        0.00012
     431    544        0.00016
     431    545        0.00017
     431    546       -0.00014
     432    501       -0.00010
     432    545       -0.00013
     433    509        0.00015
     433    523        0.00010
     433    571        0.00011
     433    673        0.00011
     435    509       -0.00012
     435    523        0.00010
     435    541        0.00010
     437    523       -0.00022
     437    524       -0.00013
     437    525       -0.00017
     437    526        0.00011
     437    571       -0.00014
     438    509       -0.00013
     438    519        0.00011
     438    520        0.00016
     438    523        0.00035
     438    524        0.00025
     438    525        0.00024
     438    526       -0.00018
     438    528        0.00010
     438    534       -0.00011
     438    536       -0.00015
     438    540        0.00011
     438    544        0.00011
     438    560        0.00011
     438    570       -0.00013
     438    571        0.00021
     438    605       -0.00011
     439    500       -0.00019
     439    505        0.00018
     439    506       -0.00021
     439    519       -0.00016
     439    520       -0.00032
     439    521       -0.00012
     439    523       -0.00025
     439    524        0.00016
     439    526        0.00015
     439    527        0.00029
     439    528       -0.00023
     439    531        0.00019
     439    532        0.00012
     439    533        0.00012
     439    540       -0.00022
     439    543       -0.00014
     439    544        0.00010
     439    547        0.00011
     439    549       -0.00013
     439    550        0.00012
     439    551       -0.00011
     439    552        0.00023
     439    553        0.00022
     439    562        0.00010
     439    583        0.00012
     439    607       -0.00011
     439    608       -0.00010
     442    498        0.00017
     442    500       -0.00036
     442    503       -0.00014
     442    504       -0.00011
     442    505        0.00044
     442    506       -0.00051
     442    508        0.00018
     442    513       -0.00024
     442    514       -0.00019
     442    519        0.00013
     442    520        0.00018
     442    523        0.00018
     442    526       -0.00012
     442    527       -0.00013
     442    528        0.00014
     442    534       -0.00012
     442    535       -0.00011
     442    537        0.00012
     442    539       -0.00011
     442    540       -0.00019
     442    541        0.00028
     442    544       -0.00011
     442    545       -0.00012
     442    561        0.00012
     442    562        0.00024
     442    571        0.00011
     443    505       -0.00013
     443    506        0.00015
     443    520       -0.00015
     443    521       -0.00011
     443    524        0.00019
     443    525        0.00013
     443    527        0.00021
     443    528       -0.00011
     443    531        0.00020
     443    536       -0.00015
     443    541       -0.00013
     443    543       -0.00013
     443    553        0.00012
     443    554        0.00012
     443    555       -0.00011
     445    497       -0.00017
     445    498       -0.00024
     445    501        0.00022
     445    502       -0.00021
     445    505        0.00011
     445    506       -0.00014
     445    507        0.00024
     445    508        0.00037
     445    513       -0.00012
     445    515       -0.00010
     445    523       -0.00019
     445    524       -0.00015
     445    525       -0.00014
     445    531       -0.00012
     445    534        0.00018
     445    535        0.00015
     445    538       -0.00011
     445    584        0.00010
     446    497        0.00014
     446    498        0.00022
     446    501       -0.00016
     446    502        0.00012
     446    505       -0.00017
     446    506        0.00011
     446    507       -0.00026
     446    508       -0.00026
     446    513        0.00012
     446    521       -0.00010
     446    523        0.00020
     446    524        0.00014
     446    525        0.00016
     446    526       -0.00010
     446    531        0.00012
     446    534       -0.00015
     446    535       -0.00014
     448    501       -0.00011
     448    502        0.00011
     448    507       -0.00010
     448    508       -0.00013
     448    512       -0.00013
     448    519        0.00024
     448    520        0.00050
     448    521        0.00020
     448    524       -0.00029
     448    525       -0.00015
     448    527       -0.00041
     448    528        0.00028
     448    529       -0.00013
     448    531       -0.00046
     448    532       -0.00028
     448    533       -0.00032
     448    536        0.00011
     448    538        0.00013
     448    540        0.00013
     448    541        0.00018
     448    543        0.00022
     448    547       -0.00021
     448    549        0.00022
     448    551        0.00010
     448    553       -0.00023
     448    554       -0.00020
     448    603        0.00011
     448    617       -0.00011
     448    729        0.00011
     448    788        0.00012
     448    846       -0.00011
     449    495       -0.00014
     449    496       -0.00011
     449    501        0.00012
     449    502       -0.00012
     449    507        0.00013
     449    508        0.00016
     449    512       -0.00011
     449    518       -0.00013
     449    519        0.00023
     449    520        0.00027
     449    521       -0.00012
     449    523        0.00057
     449    524        0.00030
     449    525        0.00033
     449    526       -0.00027
     449    528        0.00019
     449    536       -0.00028
     449    538       -0.00028
     449    540        0.00021
     449    541        0.00013
     449    547        0.00014
     449    549       -0.00012
     449    562        0.00013
     449    566        0.00012
     449    570       -0.00011
     449    571        0.00019
     449    605       -0.00016
     449    665        0.00013
     449    668        0.00014
     449    669       -0.00012
     449    673        0.00010
     449    692        0.00013
     449    693       -0.00011
     449    696        0.00011
     449    718       -0.00011
     449    775       -0.00020
     449    779       -0.00010
     449    787       -0.00013
     451    495       -0.00016
     451    496       -0.00014
     451    502        0.00015
     451    505        0.00018
     451    506       -0.00026
     451    513       -0.00027
     451    514       -0.00030
     451    562        0.00013
     452    495        0.00022
     452    496        0.00016
     452    501        0.00014
     452    502       -0.00012
     452    505       -0.00018
     452    506        0.00023
     452    507        0.00011
     452    513        0.00034
     452    514        0.00029
     452    562       -0.00014
     453    503        0.00015
     453    504        0.00013
     453    509       -0.00011
     453    515       -0.00016
     453    516       -0.00015
     453    518       -0.00016
     453    519        0.00013
     453    521       -0.00018
     453    523        0.00025
     453    524        0.00030
     453    525        0.00022
     453    527        0.00032
     453    528        0.00017
     453    531        0.00021
     453    532        0.00027
     453    534       -0.00016
     453    535       -0.00011
     453    540        0.00010
     453    543       -0.00012
     453    544        0.00011
     453    548       -0.00010
     453    549       -0.00012
     453    551       -0.00011
     453    555       -0.00015
     453    566       -0.00013
     453    570       -0.00022
     453    571        0.00036
     453    673        0.00011
     453    684       -0.00013
     453    728       -0.00011
     453    763        0.00011
     453    786       -0.00011
     453    821       -0.00011
     455    495       -0.00027
     455    496       -0.00016
     455    500        0.00025
     455    503       -0.00016
     455    504       -0.00014
     455    507        0.00028
     455    508        0.00037
     455    513       -0.00015
     455    515       -0.00043
     455    516       -0.00042
     455    518        0.00014
     455    521        0.00012
     455    526       -0.00013
     455    527       -0.00017
     455    528       -0.00013
     455    540        0.00013
     455    541       -0.00011
     455    558        0.00034
     455    568       -0.00015
     455    584        0.00013
     455    609       -0.00016
     456    495        0.00020
     456    496        0.00011
     456    507       -0.00011
     456    508       -0.00010
     456    513        0.00012
     456    515        0.00022
     456    516        0.00014
     456    558       -0.00015
     458    495        0.00078
     458    496        0.00080
     458    497        0.00011
     458    498       -0.00014
     458    500       -0.00034
     458    501        0.00011
     458    502       -0.00016
     458    503        0.00081
     458    504        0.00069
     458    505       -0.00031
     458    506        0.00036
     458    508       -0.00010
     458    513        0.00035
     458    514        0.00033
     458    526       -0.00011
     458    527       -0.00017
     458    528       -0.00023
     458    530        0.00032
     458    531        0.00012
     458    532       -0.00046
     458    535       -0.00012
     458    536       -0.00013
     458    537        0.00041
     458    538       -0.00027
     458    539       -0.00026
     458    540       -0.00030
     458    544       -0.00012
     458    545       -0.00022
     458    546        0.00021
     458    547        0.00013
     458    548       -0.00013
     458    549       -0.00011
     458    550        0.00011
     458    558        0.00010
     458    561        0.00020
     458    562        0.00035
     458    568       -0.00028
     458    592       -0.00016
     458    596       -0.00014
     458    597        0.00012
     458    599       -0.00010
     458    602       -0.00014
     458    609       -0.00018
     458    620       -0.00011
     458    622       -0.00025
     458    624       -0.00011
     458    634       -0.00015
     458    638       -0.00011
     458    691       -0.00013
     458    692        0.00017
     458    693        0.00011
     458    694        0.00010
     459    495       -0.00059
     459    496       -0.00078
     459    497        0.00030
     459    498        0.00093
     459    499       -0.00012
     459    500        0.00019
     459    501       -0.00028
     459    502        0.00028
     459    503       -0.00114
     459    504       -0.00095
     459    508       -0.00011
     459    515        0.00022
     459    516        0.00018
     459    528       -0.00015
     459    530       -0.00011
     459    537        0.00012
     459    538       -0.00022
     459    540        0.00011
     459    541       -0.00033
     459    557        0.00012
     459    558        0.00048
     459    568       -0.00016
     459    591       -0.00010
     459    593        0.00015
     459    601        0.00012
     459    604       -0.00016
     459    606        0.00014
     459    607       -0.00017
     459    609       -0.00028
     459    610        0.00011
     459    611       -0.00013
     459    615        0.00014
     459    619        0.00016
     459    626        0.00010
     459    628       -0.00014
     459    630       -0.00016
     459    634        0.00011
     459    645        0.00011
     459    647        0.00010
     459    666        0.00016
     459    668        0.00016
     459    669        0.00011
     459    793        0.00012
     460    503       -0.00020
     462    495       -0.00016
     462    496       -0.00018
     462    497       -0.00077
     462    498       -0.00082
     462    500        0.00011
     462    525        0.00012
     462    526       -0.00017
     462    527       -0.00013
     462    528       -0.00019
     462    531        0.00010
     462    534       -0.00016
     462    535       -0.00020
     462    537        0.00020
     462    538       -0.00012
     462    541       -0.00017
     462    553        0.00015
     462    554        0.00022
     462    558       -0.00028
     462    562        0.00013
     462    564       -0.00013
     462    566        0.00018
     462    568        0.00014
     462    570        0.00012
     462    571       -0.00018
     462    580       -0.00012
     462    583       -0.00013
     462    603        0.00011
     462    607        0.00014
     462    609        0.00013
     462    612       -0.00011
     462    622        0.00010
     462    637       -0.00011
     462    654        0.00010
     462    656       -0.00014
     462    684        0.00012
     462    690       -0.00011
     464    495       -0.00062
     464    496       -0.00074
     464    497       -0.00063
     464    498       -0.00037
     464    502       -0.00013
     464    503        0.00020
     464    504        0.00018
     464    515        0.00012
     464    516        0.00010
     464    520        0.00013
     464    526       -0.00019
     464    527       -0.00027
     464    528       -0.00025
     464    530       -0.00012
     464    531       -0.00012
     464    534       -0.00013
     464    541       -0.00013
     464    547       -0.00011
     464    549        0.00012
     464    550        0.00011
     464    553       -0.00011
     464    554       -0.00010
     464    558       -0.00027
     464    564        0.00014
     464    566       -0.00021
     464    568       -0.00015
     464    571        0.00011
     464    580       -0.00019
     464    583        0.00013
     464    603       -0.00011
     464    629       -0.00011
     464    638        0.00012
     464    651       -0.00012
     464    684       -0.00014
     464    690        0.00010
     465    495        0.00118
     465    496        0.00141
     465    497       -0.00052
     465    498       -0.00142
     465    500        0.00042
     465    501       -0.00014
     465    502        0.00031
     465    503       -0.00104
     465    504       -0.00094
     465    507       -0.00011
     465    526       -0.00012
     465    527       -0.00014
     465    528       -0.00023
     465    530        0.00023
     465    531        0.00016
     465    532       -0.00027
     465    535       -0.00020
     465    537        0.00016
     465    561       -0.00013
     465    562       -0.00024
     465    575       -0.00018
     465    579        0.00011
     465    584        0.00012
     465    593       -0.00012
     465    604        0.00015
     465    606       -0.00013
     465    607        0.00012
     465    609        0.00011
     465    619       -0.00015
     465    626       -0.00011
     465    629        0.00013
     465    630        0.00020
     465    635        0.00016
     465    651       -0.00013
     466    496       -0.00025
     466    498        0.00030
     466    502       -0.00011
     466    504        0.00017
     467    495        0.00053
     467    496        0.00084
     467    497        0.00022
     467    498       -0.00047
     467    500        0.00022
     467    502        0.00017
     467    503        0.00047
     467    504        0.00036
     467    505        0.00034
     467    506       -0.00043
     467    507        0.00015
     467    508        0.00026
     467    514        0.00011
     467    515       -0.00020
     467    530        0.00031
     467    531        0.00017
     467    532       -0.00049
     467    535       -0.00013
     467    537        0.00030
     467    539       -0.00024
     467    540       -0.00040
     467    541        0.00026
     467    545       -0.00016
     467    546        0.00016
     467    547        0.00012
     467    548       -0.00012
     467    549       -0.00010
     467    575       -0.00024
     467    579        0.00016
     467    580        0.00035
     467    619       -0.00011
     467    621        0.00012
     467    626       -0.00011
     467    634       -0.00011
     467    647       -0.00013
     467    648        0.00011
     467    652        0.00011
     467    662       -0.00013
     467    726        0.00011
     467    727        0.00011
     467    728       -0.00011
     467    731       -0.00012
     467    753       -0.00010
     467    771        0.00010
     468    495        0.00048
     468    496        0.00068
     468    498       -0.00047
     468    500        0.00015
     468    502        0.00015
     468    503        0.00028
     468    504        0.00023
     468    505        0.00023
     468    506       -0.00031
     468    508        0.00032
     468    514        0.00012
     468    530        0.00029
     468    532       -0.00029
     468    537        0.00023
     468    539       -0.00013
     468    540       -0.00029
     468    541        0.00019
     468    545       -0.00010
     468    546        0.00011
     468    575       -0.00014
     468    579        0.00013
     468    580        0.00024
     469    497        0.00012
     469    502        0.00021
     469    515       -0.00012
     470    495       -0.00029
     470    496       -0.00039
     470    497       -0.00016
     470    498        0.00015
     470    500       -0.00014
     470    501        0.00011
     470    502       -0.00019
     470    503       -0.00011
     470    508       -0.00015
     470    513       -0.00013
     470    514       -0.00019
     470    515        0.00019
     470    516        0.00015
     470    530       -0.00013
     470    532        0.00016
     471    495       -0.00033
     471    496       -0.00070
     471    497       -0.00019
     471    498        0.00046
     471    500        0.00016
     471    501       -0.00022
     471    502        0.00043
     471    504        0.00013
     471    506        0.00020
     471    508       -0.00016
     471    514       -0.00018
     471    515        0.00011
     471    530       -0.00027
     471    531       -0.00014
     471    532        0.00029
     471    535        0.00010
     471    540        0.00013
     471    619        0.00011
     472    495       -0.00025
     472    496       -0.00070
     472    498        0.00065
     472    499       -0.00029
     472    500        0.00023
     472    501       -0.00070
     472    502        0.00028
     472    503        0.00023
     472    504        0.00017
     472    505       -0.00011
     472    506        0.00012
     472    513       -0.00011
     472    514       -0.00013
     472    530       -0.00013
     472    531       -0.00011
     472    532        0.00022
     472    535        0.00013
     472    537       -0.00011
     472    589        0.00010
     472    593        0.00012
     472    607       -0.00012
     472    619        0.00012
     472    630       -0.00011
     473    495       -0.00027
     473    498       -0.00023
     473    503       -0.00034
     473    504       -0.00010
     473    507        0.00018
     473    508        0.00014
     473    515       -0.00020
     473    558       -0.00016
     473    568        0.00010
     473    591        0.00011
     473    593       -0.00015
     473    598        0.00012
     473    606       -0.00010
     473    607        0.00016
     473    609        0.00022
     473    666       -0.00012
     473    668       -0.00011
     474    495        0.00032
     474    497        0.00018
     474    498        0.00077
     474    500       -0.00026
     474    502       -0.00025
     474    503        0.00077
     474    504        0.00076
     474    507       -0.00055
     474    508       -0.00075
     474    513        0.00019
     474    515        0.00053
     474    516        0.00045
     474    518       -0.00013
     474    531       -0.00012
     474    534       -0.00014
     474    536        0.00014
     474    537       -0.00018
     474    538        0.00022
     474    541       -0.00011
     474    547       -0.00011
     474    555        0.00014
     474    558        0.00053
     474    566        0.00013
     474    568       -0.00035
     474    588        0.00023
     474    589        0.00017
     474    590        0.00012
     474    591       -0.00041
     474    592       -0.00017
     474    593        0.00050
     474    594        0.00013
     474    597        0.00016
     474    598       -0.00034
     474    599       -0.00012
     474    601        0.00012
     474    602       -0.00019
     474    604       -0.00013
     474    605       -0.00026
     474    606        0.00028
     474    607       -0.00058
     474    608       -0.00013
     474    609       -0.00072
     474    610        0.00018
     474    611       -0.00024
     474    612        0.00025
     474    615        0.00012
     474    616        0.00010
     474    619        0.00013
     474    622       -0.00029
     474    624       -0.00012
     474    626        0.00012
     474    640       -0.00012
     474    645        0.00011
     474    649       -0.00012
     474    654        0.00012
     474    664        0.00019
     474    666        0.00036
     474    667       -0.00018
     474    668        0.00033
     474    669        0.00023
     474    672        0.00018
     474    673       -0.00016
     474    674        0.00014
     474    676        0.00011
     474    698       -0.00018
     474    701       -0.00011
     474    702       -0.00015
     474    703       -0.00011
     474    704        0.00014
     474    705        0.00012
     474    743       -0.00010
     474    748        0.00010
     474    751       -0.00017
     474    752        0.00011
     474    758       -0.00021
     474    765        0.00010
     475    495        0.00075
     475    496       -0.00100
     475    497       -0.00099
     475    498        0.00097
     475    499       -0.00030
     475    500       -0.00026
     475    501       -0.00039
     475    502       -0.00034
     475    503       -0.00011
     475    505        0.00020
     475    506        0.00014
     475    507        0.00024
     475    508       -0.00022
     475    513       -0.00018
     475    514       -0.00024
     475    515       -0.00019
     475    516       -0.00030
     475    530        0.00018
     475    575       -0.00013
     475    630        0.00012
     475    635        0.00010
     476    496       -0.00016
     476    497       -0.00020
     476    500       -0.00026
     477    495       -0.00046
     477    498       -0.00055
     477    499        0.00033
     477    500       -0.00132
     477    501       -0.00064
     477    502        0.00066
     477    508        0.00017
     477    513       -0.00014
     477    514       -0.00013
     477    515        0.00016
     477    516        0.00016
     477    532       -0.00016
     477    540       -0.00012
     477    558        0.00024
     477    580        0.00012
     477    596        0.00014
     477    599        0.00013
     477    633       -0.00010
     477    637        0.00015
     477    638       -0.00016
     477    640       -0.00017
     477    662       -0.00015
     478    497        0.00013
     478    498       -0.00013
     478    500        0.00049
     478    501        0.00019
     478    502       -0.00013
     478    507        0.00019
     478    508        0.00023
     478    515       -0.00020
     478    516       -0.00015
     478    517        0.00015
     478    518        0.00020
     478    520        0.00011
     478    521        0.00019
     478    523       -0.00026
     478    524       -0.00016
     478    525       -0.00012
     478    527       -0.00016
     478    531       -0.00026
     478    532       -0.00014
     478    533       -0.00019
     478    547       -0.00014
     478    548        0.00021
     478    549        0.00013
     478    552        0.00019
     478    553        0.00015
     478    558       -0.00012
     478    560        0.00012
     478    561       -0.00014
     478    565       -0.00012
     478    576        0.00012
     478    577        0.00010
     478    591        0.00013
     478    592        0.00010
     478    596       -0.00011
     478    598        0.00015
     478    599        0.00011
     478    602        0.00013
     478    606       -0.00013
     478    607        0.00012
     478    608       -0.00013
     478    610       -0.00018
     478    612       -0.00019
     478    617        0.00015
     478    620        0.00011
     478    621       -0.00013
     478    624        0.00014
     478    637       -0.00012
     478    653        0.00012
     478    658       -0.00014
     478    662        0.00011
     478    666       -0.00014
     478    693       -0.00011
     478    704       -0.00014
     478    706       -0.00011
     478    723       -0.00011
     479    498        0.00016
     480    496        0.00133
     480    497        0.00012
     480    498       -0.00151
     480    500        0.00019
     480    501       -0.00011
     480    502        0.00024
     480    506       -0.00021
     480    508        0.00022
     480    513        0.00029
     480    514        0.00025
     480    515        0.00032
     480    516        0.00039
     480    530       -0.00016
     480    584       -0.00013
     480    630       -0.00018
     481    495        0.00012
     481    497       -0.00018
     481    498       -0.00010
     482    495       -0.00023
     482    496       -0.00078
     482    497       -0.00091
     482    499       -0.00012
     482    500        0.00029
     482    501        0.00046
     482    502       -0.00062
     482    503        0.00040
     482    504        0.00038
     482    505        0.00018
     482    506       -0.00023
     482    507       -0.00050
     482    508       -0.00057
     482    512        0.00016
     482    515        0.00033
     482    516        0.00024
     482    518        0.00011
     482    519       -0.00014
     482    520       -0.00020
     482    523       -0.00015
     482    527        0.00011
     482    531        0.00011
     482    532        0.00022
     482    533        0.00012
     482    540        0.00014
     482    541       -0.00011
     482    548        0.00031
     482    550       -0.00036
     482    551        0.00012
     482    552       -0.00014
     482    554        0.00011
     482    555        0.00019
     482    556       -0.00012
     482    557        0.00021
     482    558        0.00019
     482    571        0.00013
     482    576       -0.00014
     482    577       -0.00011
     482    589       -0.00015
     482    591        0.00016
     482    592        0.00021
     482    598        0.00015
     482    612       -0.00016
     482    614        0.00017
     482    616        0.00020
     482    617       -0.00021
     482    619        0.00012
     482    622        0.00017
     482    629       -0.00010
     482    633       -0.00016
     482    641        0.00011
     482    653        0.00014
     482    656       -0.00011
     482    671        0.00012
     482    690        0.00013
     482    703       -0.00011
     482    711        0.00016
     483    495       -0.00055
     483    496        0.00073
     483    497        0.00225
     483    498        0.00016
     483    500       -0.00026
     483    501       -0.00092
     483    502        0.00071
     483    503       -0.00032
     483    504       -0.00025
     483    505       -0.00018
     483    506        0.00033
     483    507        0.00063
     483    508        0.00067
     483    513       -0.00022
     483    514        0.00011
     483    515       -0.00046
     483    516       -0.00021
     483    531        0.00013
     483    532       -0.00011
     483    535       -0.00013
     483    558       -0.00018
     483    575       -0.00012
     483    582        0.00014
     483    589        0.00015
     483    590        0.00017
     483    591       -0.00010
     483    592       -0.00018
     483    593        0.00018
     483    598       -0.00014
     483    607       -0.00012
     483    609       -0.00015
     483    666        0.00011
     483    668        0.00010
     483    751       -0.00011
     483    758       -0.00011
     484    496       -0.00210
     484    497       -0.00305
     484    498        0.00040
     484    499       -0.00039
     484    500        0.00036
     484    501        0.00130
     484    502       -0.00222
     484    503        0.00068
     484    504        0.00076
     484    505        0.00042
     484    506       -0.00040
     484    507       -0.00136
     484    508       -0.00180
     484    513        0.00018
     484    514       -0.00019
     484    515        0.00073
     484    516        0.00050
     484    518       -0.00011
     484    519        0.00012
     484    520        0.00010
     484    528        0.00011
     484    530       -0.00012
     484    531       -0.00017
     484    532        0.00013
     484    533       -0.00012
     484    535        0.00020
     484    537       -0.00018
     484    540        0.00024
     484    541       -0.00012
     484    546       -0.00012
     484    553       -0.00011
     484    558        0.00039
     484    571       -0.00015
     484    574       -0.00013
     484    575        0.00019
     484    582       -0.00029
     484    583        0.00013
     484    584       -0.00025
     484    586        0.00010
     484    589       -0.00028
     484    590       -0.00026
     484    591        0.00023
     484    592        0.00043
     484    593       -0.00037
     484    594       -0.00013
     484    596        0.00010
     484    597       -0.00023
     484    598        0.00026
     484    599        0.00015
     484    601       -0.00011
     484    602        0.00021
     484    605        0.00018
     484    607        0.00025
     484    609        0.00029
     484    620        0.00011
     484    621       -0.00015
     484    622        0.00021
     484    624        0.00012
     484    645       -0.00011
     484    655       -0.00012
     484    666       -0.00020
     484    668       -0.00020
     484    669       -0.00015
     484    675       -0.00011
     484    677       -0.00010
     484    736        0.00012
     484    743        0.00010
     484    748       -0.00012
     484    749        0.00014
     484    751        0.00026
     484    752       -0.00012
     484    758        0.00022
     484    763        0.00011
     485    495        0.00215
     485    496        0.00047
     485    497       -0.00201
     485    498        0.00166
     485    500       -0.00098
     485    501        0.00024
     485    502       -0.00066
     485    503       -0.00172
     485    504       -0.00131
     485    505        0.00024
     485    507       -0.00017
     485    508       -0.00052
     485    514       -0.00018
     485    525       -0.00017
     485    526        0.00023
     485    527        0.00020
     485    528        0.00019
     485    530        0.00027
     485    532       -0.00032
     485    534        0.00014
     485    537        0.00039
     485    538       -0.00011
     485    539       -0.00048
     485    540       -0.00090
     485    541        0.00076
     485    542        0.00021
     485    544       -0.00025
     485    545       -0.00048
     485    546        0.00037
     485    547        0.00027
     485    548       -0.00018
     485    549       -0.00026
     485    551       -0.00010
     485    558       -0.00069
     485    561        0.00031
     485    562        0.00060
     485    568       -0.00040
     485    573        0.00010
     485    574       -0.00011
     485    575        0.00029
     485    578       -0.00012
     485    579       -0.00016
     485    580       -0.00041
     485    582       -0.00024
     485    583        0.00012
     485    584       -0.00018
     485    588       -0.00014
     485    591        0.00038
     485    592       -0.00040
     485    593       -0.00047
     485    596       -0.00022
     485    597        0.00029
     485    598       -0.00035
     485    599       -0.00018
     485    600        0.00012
     485    601       -0.00021
     485    602       -0.00040
     485    604        0.00039
     485    606       -0.00023
     485    607        0.00017
     485    610       -0.00021
     485    613        0.00028
     485    614       -0.00010
     485    617       -0.00013
     485    619       -0.00034
     485    620       -0.00016
     485    621        0.00040
     485    622       -0.00031
     485    623        0.00013
     485    626       -0.00037
     485    627        0.00015
     485    628        0.00012
     485    629        0.00033
     485    637        0.00013
     485    644        0.00012
     485    647       -0.00012
     485    648        0.00017
     485    651        0.00032
     485    653       -0.00015
     485    655        0.00017
     485    656        0.00016
     485    679        0.00017
     485    682        0.00012
     485    686       -0.00011
     485    706       -0.00011
     485    787        0.00012
     486    498       -0.00107
     486    499        0.00017
     486    500        0.00037
     486    502        0.00050
     486    503        0.00041
     486    504        0.00039
     486    507        0.00019
     486    508        0.00025
     486    530       -0.00010
     486    537       -0.00016
     486    540        0.00028
     486    541       -0.00023
     486    546       -0.00012
     486    547       -0.00011
     486    558        0.00019
     486    561       -0.00014
     486    562       -0.00015
     486    568        0.00011
     486    580        0.00012
     486    592        0.00011
     486    593        0.00015
     486    602        0.00015
     486    621       -0.00012
     486    626        0.00013
     487    495       -0.01359
     487    496       -0.00623
     487    497        0.01049
     487    498       -0.00470
     487    499       -0.00053
     487    500        0.00446
     487    501       -0.00070
     487    502        0.00192
     487    504       -0.00052
     487    505        0.00184
     487    506       -0.00280
     487    507       -0.00069
     487    508        0.00113
     487    513       -0.00131
     487    514       -0.00076
     487    515        0.00013
     487    516        0.00030
     487    517       -0.00019
     487    518       -0.00026
     487    526        0.00015
     487    527        0.00012
     487    528        0.00019
     487    534       -0.00017
     487    535       -0.00026
     487    536        0.00015
     487    537       -0.00022
     487    538        0.00043
     487    539        0.00019
     487    544        0.00010
     487    545        0.00030
     487    546       -0.00012
     487    548        0.00012
     487    549        0.00013
     487    561       -0.00014
     487    562       -0.00021
     487    566        0.00011
     487    568        0.00010
     487    571        0.00011
     487    574        0.00010
     487    575       -0.00015
     487    582        0.00010
     487    584        0.00025
     487    589        0.00011
     487    590        0.00020
     487    591       -0.00012
     487    592       -0.00015
     487    598        0.00011
     487    601        0.00021
     487    602        0.00015
     487    604       -0.00027
     487    606        0.00018
     487    607       -0.00018
     487    613       -0.00011
     487    615        0.00014
     487    617        0.00012
     487    619        0.00022
     487    621       -0.00012
     487    623       -0.00011
     487    624       -0.00017
     487    626        0.00028
     487    627        0.00014
     487    629       -0.00013
     487    634        0.00016
     487    640       -0.00012
     487    647        0.00022
     487    648       -0.00015
     487    651       -0.00011
     487    662        0.00011
     487    679       -0.00011
     487    702        0.00011
     487    734       -0.00010
     488    495        0.01117
     488    496        0.00700
     488    497       -0.00746
     488    498        0.00910
     488    500       -0.00528
     488    501        0.00038
     488    502       -0.00302
     488    503        0.00026
     488    504        0.00057
     488    505       -0.00202
     488    506        0.00332
     488    507        0.00035
     488    508       -0.00151
     488    513        0.00111
     488    514        0.00088
     488    515       -0.00027
     488    516       -0.00041
     488    517        0.00021
     488    518        0.00032
     488    526       -0.00018
     488    527       -0.00017
     488    528       -0.00024
     488    534        0.00020
     488    535        0.00020
     488    536       -0.00019
     488    537        0.00031
     488    538       -0.00041
     488    539       -0.00016
     488    540       -0.00011
     488    544       -0.00014
     488    545       -0.00025
     488    546        0.00014
     488    548       -0.00012
     488    549       -0.00011
     488    561        0.00019
     488    562        0.00022
     488    564        0.00014
     488    566       -0.00012
     488    568       -0.00012
     488    571       -0.00012
     488    574       -0.00011
     488    575        0.00016
     488    578       -0.00010
     488    579       -0.00010
     488    582       -0.00014
     488    584       -0.00033
     488    589       -0.00012
     488    590       -0.00017
     488    591        0.00015
     488    592        0.00019
     488    593       -0.00013
     488    598       -0.00012
     488    601       -0.00025
     488    602       -0.00020
     488    604        0.00028
     488    606       -0.00018
     488    607        0.00020
     488    609        0.00010
     488    611        0.00012
     488    613        0.00013
     488    615       -0.00015
     488    617       -0.00012
     488    619       -0.00022
     488    621        0.00014
     488    623        0.00013
     488    624        0.00020
     488    626       -0.00033
     488    627       -0.00014
     488    629        0.00012
     488    634       -0.00016
     488    640        0.00014
     488    645       -0.00011
     488    647       -0.00020
     488    648        0.00017
     488    651        0.00011
     488    662       -0.00013
     488    702       -0.00011
     488    799       -0.00011
     489    495       -0.00098
     489    496        0.00035
     489    497        0.00088
     489    498        0.00228
     489    499       -0.00022
     489    500       -0.00037
     489    502       -0.00035
     489    506        0.00022
     489    508       -0.00024
     489    513       -0.00011
     489    515       -0.00020
     490    495        0.00663
     490    496        0.00342
     490    497        0.00074
     490    498        0.01421
     490    500       -0.00452
     490    501       -0.00179
     490    502        0.00025
     490    503        0.00093
     490    504        0.00119
     490    505       -0.00138
     490    506        0.00208
     490    507       -0.00044
     490    508       -0.00198
     490    513        0.00120
     490    514        0.00047
     490    515        0.00150
     490    516        0.00122
     490    517       -0.00018
     490    518       -0.00029
     490    519        0.00016
     490    521       -0.00023
     490    525       -0.00016
     490    526        0.00031
     490    527        0.00043
     490    528        0.00040
     490    529       -0.00014
     490    530        0.00027
     490    532        0.00020
     490    534       -0.00047
     490    535       -0.00023
     490    536        0.00047
     490    537       -0.00047
     490    538        0.00080
     490    539        0.00024
     490    540       -0.00023
     490    541        0.00041
     490    543       -0.00016
     490    544        0.00025
     490    545        0.00030
     490    546       -0.00038
     490    547       -0.00019
     490    549        0.00011
     490    558       -0.00065
     490    564       -0.00014
     490    566        0.00020
     490    571        0.00017
     490    574        0.00016
     490    575       -0.00016
     490    578        0.00011
     490    581        0.00010
     490    582        0.00026
     490    584        0.00018
     490    589        0.00018
     490    590        0.00028
     490    591       -0.00028
     490    592       -0.00024
     490    593        0.00027
     490    595       -0.00020
     490    596       -0.00033
     490    599       -0.00012
     490    600       -0.00016
     490    601        0.00019
     490    608        0.00013
     490    609       -0.00059
     490    610        0.00020
     490    611       -0.00022
     490    612        0.00020
     490    615        0.00028
     490    616        0.00015
     490    619        0.00024
     490    620       -0.00015
     490    621        0.00017
     490    622       -0.00039
     490    624       -0.00014
     490    627       -0.00016
     490    628       -0.00022
     490    630       -0.00018
     490    632       -0.00012
     490    636       -0.00010
     490    637        0.00011
     490    639        0.00013
     490    644       -0.00015
     490    645        0.00012
     490    646        0.00014
     490    647        0.00013
     490    649       -0.00014
     490    652        0.00013
     490    653       -0.00013
     490    654        0.00013
     490    655        0.00013
     490    659       -0.00017
     490    662        0.00020
     490    677       -0.00011
     490    691       -0.00010
     490    693        0.00010
     490    698        0.00019
     490    701        0.00011
     490    702        0.00011
     490    704       -0.00012
     490    706        0.00012
     490    709        0.00012
     490    719       -0.00014
     490    738       -0.00011
     490    743        0.00012
     490    747        0.00013
     490    748       -0.00016
     490    751        0.00020
     490    758        0.00019
     490    765       -0.00011
     490    766        0.00011
     490    796       -0.00011
     491    495       -0.03617
     491    496       -0.02659
     491    497        0.00873
     491    498       -0.00178
     491    499       -0.00040
     491    500        0.00420
     491    501       -0.00073
     491    502        0.00216
     491    503        0.00165
     491    504        0.00116
     491    505       -0.00093
     491    506        0.00074
     491    508        0.00013
     491    513        0.00161
     491    514        0.00162
     491    515       -0.00031
     491    516        0.00012
     491    517        0.00013
     491    526        0.00019
     491    527        0.00020
     491    528        0.00020
     491    530        0.00055
     491    531        0.00027
     491    532       -0.00060
     491    537       -0.00017
     491    538        0.00029
     491    539        0.00014
     491    541        0.00020
     491    545        0.00017
     491    551        0.00010
     491    558        0.00025
     491    568        0.00019
     491    571        0.00020
     491    574        0.00012
     491    575       -0.00019
     491    579        0.00012
     491    584        0.00035
     491    589        0.00013
     491    590        0.00026
     491    592       -0.00017
     491    596        0.00040
     491    599        0.00045
     491    600       -0.00024
     491    601        0.00044
     491    602        0.00043
     491    604       -0.00062
     491    606        0.00038
     491    607       -0.00041
     491    608       -0.00011
     491    609       -0.00027
     491    610        0.00020
     491    611       -0.00019
     491    613       -0.00028
     491    614        0.00013
     491    615        0.00020
     491    617        0.00018
     491    619        0.00033
     491    620        0.00027
     491    621       -0.00043
     491    622        0.00041
     491    623       -0.00012
     491    626        0.00034
     491    628       -0.00021
     491    629       -0.00032
     491    630       -0.00018
     491    634        0.00023
     491    635       -0.00011
     491    637       -0.00017
     491    638        0.00018
     491    641        0.00013
     491    648       -0.00015
     491    651       -0.00029
     491    653        0.00017
     491    654        0.00012
     491    655       -0.00014
     491    656       -0.00018
     491    662       -0.00014
     491    664        0.00012
     491    672       -0.00011
     491    686        0.00011
     491    692       -0.00017
     491    696        0.00012
     491    706        0.00012
     491    729        0.00010
     491    780       -0.00012
     491    814        0.00012
     491    824        0.00014
     491    855        0.00011
     491    856       -0.00010
     492    495        0.00118
     492    496       -0.00322
     492    497       -0.00074
     492    498       -0.00170
     492    499        0.00020
     492    500        0.00048
     492    501        0.00013
     492    502        0.00048
     492    503       -0.00022
     492    504        0.00032
     492    505        0.00014
     492    507        0.00016
     492    514        0.00020
     493    495       -0.06119
     493    496        0.05530
     493    497       -0.37616
     493    498        0.32790
     493    499       -0.01281
     493    500        0.00601
     493    501       -0.00027
     493    502       -0.01067
     493    503       -0.00849
     493    504       -0.00156
     493    505        0.00343
     493    506        0.00087
     493    507        0.00196
     493    508       -0.00264
     493    513        0.00020
     493    514        0.00015
     493    515        0.00058
     493    517       -0.00017
     493    521       -0.00014
     493    526       -0.00016
     493    529       -0.00010
     493    530        0.00012
     493    535        0.00014
     493    537        0.00026
     493    538       -0.00020
     493    539        0.00016
     493    541       -0.00011
     493    542       -0.00021
     493    543        0.00020
     493    545       -0.00042
     493    558       -0.00023
     493    562       -0.00012
     493    564        0.00013
     493    566       -0.00012
     493    568        0.00030
     493    575       -0.00012
     493    584       -0.00019
     493    591        0.00020
     493    592        0.00023
     493    593       -0.00017
     493    594       -0.00014
     493    598        0.00017
     493    601       -0.00018
     493    607        0.00017
     493    609        0.00011
     493    626       -0.00010
     493    662       -0.00013
     493    666       -0.00016
     493    719        0.00015
     493    736        0.00011
     493    741       -0.00012
     493    743       -0.00018
     493    747       -0.00014
     493    748        0.00013
     493    749       -0.00013
     493    751       -0.00015
     493    758       -0.00024
     493    763       -0.00012
     493    824       -0.00011
     494    495       -0.02958
     494    496        0.07607
     494    497       -0.17859
     494    498        0.44887
     494    499       -0.00927
     494    501        0.00061
     494    502       -0.01303
     494    503       -0.00472
     494    504       -0.00233
     494    505        0.00159
     494    506        0.00160
     494    507        0.00051
     494    508       -0.00304
     494    513        0.00024
     494    515        0.00033
     494    521       -0.00011
     494    526       -0.00021
     494    528       -0.00014
     494    529       -0.00013
     494    534       -0.00012
     494    537        0.00035
     494    538       -0.00015
     494    540       -0.00015
     494    542       -0.00012
     494    543        0.00011
     494    545       -0.00025
     494    551       -0.00011
     494    558       -0.00016
     494    564        0.00014
     494    566       -0.00013
     494    568        0.00025
     494    584       -0.00022
     494    591        0.00021
     494    592        0.00026
     494    593       -0.00018
     494    594       -0.00014
     494    598        0.00011
     494    601       -0.00017
     494    607        0.00018
     494    626       -0.00012
     494    662       -0.00011
     494    666       -0.00012
     494    667        0.00010
     494    719        0.00015
     494    741       -0.00010
     494    743       -0.00015
     494    748        0.00012
     494    749       -0.00013
     494    751       -0.00014
     494    758       -0.00021
     494    763       -0.00010
