     285    511       -0.00012
     300    524       -0.00012
     300    531       -0.00011
     300    533        0.00016
     301    518       -0.00011
     301    519       -0.00014
     301    522        0.00018
     301    524        0.00016
     301    525       -0.00016
     308    525        0.00014
     309    520       -0.00010
     310    519        0.00017
     310    522        0.00011
     313    522        0.00012
     313    533        0.00014
     315    546       -0.00010
     320    519        0.00011
     324    552        0.00010
     326    504       -0.00010
     326    559       -0.00013
     326    561       -0.00014
     329    519       -0.00011
     329    606        0.00010
     329    616        0.00010
     329    617        0.00010
     336    497        0.00018
     336    498       -0.00013
     336    515       -0.00014
     336    516        0.00014
     336    529       -0.00012
     336    542        0.00010
     338    519        0.00014
     338    754        0.00012
     345    617       -0.00011
     348    522        0.00013
     348    529       -0.00010
     348    709       -0.00010
     348    739       -0.00011
     348    742       -0.00017
     348    744        0.00010
     348    754        0.00012
     349    575       -0.00010
     351    495        0.00011
     351    496       -0.00013
     351    594        0.00014
     353    499        0.00011
     353    594        0.00011
     359    608       -0.00010
     359    631       -0.00010
     359    644       -0.00014
     359    655       -0.00011
     359    666        0.00010
     359    683        0.00014
     361    495       -0.00014
     361    497        0.00010
     362    495       -0.00026
     362    496        0.00026
     362    499       -0.00015
     362    503        0.00014
     362    504       -0.00016
     362    539       -0.00011
     363    495       -0.00018
     363    496        0.00015
     363    497        0.00033
     363    498       -0.00032
     363    501       -0.00017
     363    502       -0.00015
     363    507        0.00015
     363    508       -0.00015
     365    519       -0.00015
     367    688       -0.00013
     367    699        0.00010
     367    754       -0.00012
     369    519        0.00020
     369    520       -0.00015
     369    613        0.00014
     369    665        0.00015
     369    666        0.00011
     369    668       -0.00010
     369    688       -0.00016
     369    695        0.00013
     369    697       -0.00016
     369    700        0.00017
     369    702       -0.00010
     369    709        0.00013
     369    737        0.00010
     370    519       -0.00011
     372    522       -0.00010
     372    553        0.00012
     372    631       -0.00015
     372    665        0.00012
     372    666        0.00010
     373    559       -0.00012
     373    617       -0.00012
     375    496        0.00011
     375    503       -0.00014
     375    504        0.00016
     375    559        0.00018
     377    499        0.00013
     377    501        0.00019
     377    502        0.00016
     377    530        0.00011
     377    532        0.00010
     378    503        0.00010
     380    501       -0.00013
     380    502       -0.00012
     382    504       -0.00011
     382    594        0.00014
     384    510        0.00015
     384    519       -0.00013
     384    529        0.00013
     384    657        0.00010
     384    664       -0.00011
     384    666        0.00012
     384    667       -0.00015
     384    668       -0.00014
     384    670        0.00013
     384    682       -0.00013
     384    687        0.00017
     384    691       -0.00017
     384    693       -0.00013
     384    696       -0.00015
     384    698        0.00012
     384    713       -0.00011
     384    717       -0.00014
     384    722       -0.00013
     384    726       -0.00011
     384    732       -0.00010
     384    736       -0.00010
     384    773        0.00010
     386    495        0.00011
     386    498       -0.00011
     386    503        0.00011
     386    504       -0.00013
     386    515       -0.00015
     386    516        0.00015
     386    529       -0.00012
     386    542        0.00012
     386    561       -0.00010
     386    604        0.00013
     387    616        0.00013
     387    617       -0.00014
     388    522       -0.00011
     388    524        0.00013
     388    526        0.00013
     388    527       -0.00018
     388    529       -0.00014
     388    531        0.00015
     388    533       -0.00014
     388    550        0.00013
     388    552       -0.00018
     388    576        0.00015
     388    583       -0.00012
     388    589       -0.00011
     388    601       -0.00014
     388    608        0.00015
     388    612       -0.00011
     388    613       -0.00019
     388    614       -0.00010
     388    616       -0.00021
     388    617       -0.00029
     388    621       -0.00014
     388    622       -0.00012
     391    617       -0.00012
     391    658        0.00011
     392    524       -0.00013
     392    550        0.00018
     392    552       -0.00025
     392    560       -0.00014
     392    563       -0.00010
     392    576        0.00012
     392    577        0.00012
     392    583       -0.00015
     392    588        0.00014
     392    597        0.00014
     392    608        0.00014
     392    610        0.00013
     392    612       -0.00021
     392    614       -0.00015
     392    616       -0.00021
     392    617       -0.00032
     392    621       -0.00012
     392    622       -0.00015
     392    623        0.00019
     392    624        0.00018
     392    629       -0.00014
     392    631       -0.00010
     392    632       -0.00011
     392    637        0.00016
     392    644       -0.00015
     392    645       -0.00011
     392    649       -0.00010
     392    651        0.00010
     392    655       -0.00015
     392    657        0.00023
     392    658       -0.00016
     392    664       -0.00018
     392    666        0.00018
     392    667       -0.00021
     392    668       -0.00021
     392    670        0.00014
     392    677        0.00012
     392    678       -0.00011
     392    680        0.00014
     392    682       -0.00021
     392    684       -0.00012
     392    687        0.00018
     392    688        0.00014
     392    691       -0.00020
     392    693       -0.00011
     392    705       -0.00012
     392    717       -0.00011
     392    722       -0.00013
     392    743       -0.00012
     392    997       -0.00011
     394    510       -0.00010
     394    511       -0.00010
     394    524       -0.00011
     394    525        0.00014
     394    527        0.00014
     394    531       -0.00010
     394    536        0.00010
     394    546       -0.00014
     394    547        0.00014
     394    548        0.00011
     394    552        0.00016
     394    553       -0.00011
     394    560        0.00015
     394    569        0.00014
     394    570        0.00012
     394    591        0.00012
     394    592       -0.00015
     394    597       -0.00019
     394    603        0.00017
     394    606       -0.00012
     394    608       -0.00014
     394    610       -0.00018
     394    612        0.00015
     394    613       -0.00013
     394    665       -0.00010
     394    668        0.00012
     394    673        0.00010
     394    698       -0.00013
     394    699       -0.00021
     394    703        0.00016
     394    704        0.00014
     394    705       -0.00017
     394    709       -0.00016
     396    670       -0.00011
     396    691        0.00010
     397    519       -0.00013
     397    525       -0.00012
     397    546        0.00017
     397    547       -0.00024
     397    548       -0.00017
     397    549       -0.00011
     397    552       -0.00013
     397    553        0.00016
     397    554       -0.00013
     397    557        0.00012
     397    560       -0.00017
     397    591       -0.00011
     397    592        0.00013
     397    597        0.00014
     397    603       -0.00016
     397    605        0.00011
     397    606        0.00023
     397    608        0.00017
     397    610        0.00016
     397    612       -0.00017
     397    613        0.00020
     397    697        0.00015
     397    710       -0.00016
     397    773       -0.00019
     398    546        0.00012
     398    548        0.00011
     398    553        0.00011
     398    597        0.00010
     398    603       -0.00011
     398    612       -0.00012
     399    505        0.00011
     400    496       -0.00013
     400    498        0.00012
     400    505        0.00016
     400    506        0.00019
     400    542        0.00012
     400    559        0.00010
     400    561        0.00012
     400    579       -0.00019
     402    524       -0.00012
     402    543        0.00014
     402    556        0.00010
     402    617        0.00013
     404    569       -0.00011
     406    510        0.00019
     406    687       -0.00010
     406    688       -0.00012
     408    507       -0.00013
     408    508        0.00012
     408    510        0.00012
     408    515        0.00012
     408    533       -0.00011
     408    688        0.00014
     408    699       -0.00012
     408    704        0.00011
     410    511        0.00019
     410    515        0.00011
     411    497       -0.00010
     411    505       -0.00012
     411    507        0.00022
     411    508       -0.00017
     411    515       -0.00028
     411    516        0.00018
     412    506       -0.00012
     412    508       -0.00016
     412    516        0.00019
     414    533       -0.00011
     414    543        0.00011
     414    546       -0.00011
     414    547        0.00013
     414    560        0.00011
     414    773        0.00015
     416    519        0.00014
     416    522        0.00011
     416    531        0.00010
     416    533       -0.00015
     417    495       -0.00013
     417    497        0.00013
     417    499        0.00031
     417    500       -0.00012
     417    501        0.00036
     417    502        0.00014
     417    505       -0.00012
     417    533       -0.00010
     418    499       -0.00025
     418    500       -0.00014
     418    567       -0.00016
     418    579        0.00012
     419    501        0.00018
     420    517        0.00010
     420    518       -0.00022
     420    519       -0.00015
     420    520        0.00016
     420    522       -0.00015
     420    563       -0.00012
     420    564       -0.00034
     420    567        0.00013
     420    570        0.00023
     421    517        0.00013
     421    519       -0.00022
     421    522       -0.00011
     421    564       -0.00010
     421    566       -0.00024
     421    567        0.00013
     421    568       -0.00013
     421    571        0.00012
     422    495       -0.00012
     422    497        0.00012
     422    499        0.00025
     422    501        0.00024
     422    502        0.00039
     422    504        0.00011
     422    530        0.00012
     423    502        0.00011
     423    563       -0.00012
     424    499       -0.00016
     424    501        0.00019
     424    533        0.00014
     424    565        0.00011
     425    499        0.00044
     425    500        0.00018
     425    501       -0.00016
     425    502       -0.00017
     425    563       -0.00011
     425    564       -0.00014
     426    499        0.00016
     426    500       -0.00021
     426    501       -0.00014
     428    499       -0.00013
     428    564       -0.00014
     428    773       -0.00013
     429    499        0.00020
     429    501       -0.00010
     429    511       -0.00010
     429    564        0.00011
     429    773        0.00012
     431    545        0.00021
     432    501        0.00011
     432    502        0.00016
     432    544       -0.00018
     432    545        0.00015
     432    547        0.00013
     434    510       -0.00012
     434    525       -0.00013
     434    570       -0.00011
     434    670        0.00010
     436    510       -0.00013
     437    510       -0.00012
     437    519        0.00017
     437    520       -0.00016
     437    522       -0.00026
     437    523       -0.00013
     437    524       -0.00033
     437    525        0.00024
     437    526        0.00013
     437    536        0.00017
     437    544       -0.00012
     437    570        0.00022
     437    603        0.00012
     437    613        0.00011
     438    519        0.00018
     438    522       -0.00021
     438    523        0.00013
     438    525        0.00030
     438    538       -0.00010
     438    549       -0.00011
     438    560        0.00010
     438    571        0.00015
     439    520       -0.00015
     439    523       -0.00011
     439    527        0.00012
     440    499        0.00019
     440    505        0.00023
     440    506        0.00018
     440    513       -0.00010
     440    517        0.00010
     440    518       -0.00013
     440    519       -0.00024
     440    520        0.00014
     440    521       -0.00012
     440    522        0.00023
     440    526       -0.00020
     440    527        0.00019
     440    529        0.00016
     440    531       -0.00016
     440    533        0.00016
     440    539       -0.00019
     440    543       -0.00012
     440    547       -0.00015
     440    549       -0.00014
     440    550       -0.00011
     440    552        0.00023
     440    553       -0.00015
     440    561       -0.00011
     440    576       -0.00011
     440    583        0.00011
     440    670        0.00011
     441    498        0.00016
     441    499       -0.00033
     441    503        0.00011
     441    504       -0.00010
     441    505       -0.00051
     441    506       -0.00036
     441    508        0.00017
     441    513        0.00024
     441    514       -0.00019
     441    518       -0.00012
     441    519       -0.00021
     441    522        0.00017
     441    525       -0.00012
     441    526       -0.00016
     441    527        0.00013
     441    535        0.00016
     441    537        0.00015
     441    539        0.00018
     441    542       -0.00024
     441    544       -0.00011
     441    545        0.00016
     441    552        0.00012
     441    561        0.00019
     441    562       -0.00014
     441    563       -0.00014
     441    661        0.00010
     442    500       -0.00018
     442    505        0.00012
     442    506       -0.00029
     442    514       -0.00012
     442    541        0.00014
     443    524        0.00010
     443    531        0.00012
     443    536       -0.00010
     444    524        0.00014
     444    525       -0.00011
     444    526        0.00011
     444    527       -0.00019
     444    531        0.00014
     444    532        0.00012
     444    533       -0.00016
     444    536       -0.00015
     444    543        0.00014
     444    554       -0.00011
     444    556       -0.00012
     445    495       -0.00010
     445    497       -0.00023
     445    501        0.00032
     445    505        0.00017
     445    507        0.00031
     445    508       -0.00017
     445    513       -0.00017
     445    515       -0.00014
     445    519       -0.00010
     445    522        0.00013
     445    525       -0.00020
     445    535        0.00022
     445    538       -0.00014
     445    539       -0.00013
     446    498        0.00032
     446    501        0.00013
     446    502        0.00019
     446    505        0.00015
     446    506        0.00016
     446    507        0.00017
     446    508       -0.00047
     446    514        0.00010
     446    516        0.00012
     446    518       -0.00011
     446    522        0.00015
     446    523        0.00010
     446    524        0.00022
     446    525       -0.00012
     446    530        0.00012
     446    531        0.00015
     446    534       -0.00021
     446    535        0.00010
     446    537       -0.00012
     446    564       -0.00013
     446    584       -0.00014
     446    773        0.00011
     447    498        0.00012
     447    511       -0.00015
     447    517       -0.00015
     447    518        0.00023
     447    519        0.00046
     447    520       -0.00027
     447    521        0.00016
     447    522       -0.00019
     447    526        0.00028
     447    527       -0.00025
     447    529       -0.00017
     447    531        0.00032
     447    532        0.00016
     447    533       -0.00040
     447    534        0.00013
     447    539        0.00015
     447    540       -0.00013
     447    542        0.00016
     447    543        0.00016
     447    547        0.00013
     447    549        0.00015
     447    552       -0.00012
     447    553        0.00021
     447    554       -0.00017
     447    606       -0.00011
     447    713       -0.00012
     447    743       -0.00011
     447    773       -0.00014
     447    844        0.00010
     448    519        0.00013
     448    520        0.00021
     448    527       -0.00020
     448    528        0.00012
     448    531       -0.00017
     448    532       -0.00011
     448    533       -0.00017
     448    543        0.00010
     449    519        0.00012
     449    520        0.00012
     449    522       -0.00011
     449    523        0.00023
     449    525        0.00022
     449    526       -0.00011
     449    538       -0.00016
     450    495       -0.00012
     450    501        0.00016
     450    502        0.00014
     450    505        0.00010
     450    507        0.00013
     450    508       -0.00022
     450    522       -0.00037
     450    524       -0.00041
     450    525        0.00038
     450    527        0.00024
     450    531       -0.00025
     450    532       -0.00018
     450    533        0.00022
     450    536        0.00033
     450    537       -0.00016
     450    538       -0.00026
     450    543       -0.00016
     450    547       -0.00023
     450    549       -0.00021
     450    561       -0.00011
     450    564        0.00016
     450    570        0.00017
     450    600       -0.00010
     450    627        0.00012
     450    666       -0.00011
     450    668        0.00011
     450    692       -0.00010
     450    697       -0.00015
     450    699       -0.00015
     450    773       -0.00019
     450    792       -0.00011
     450    837        0.00014
     451    495       -0.00026
     451    501       -0.00018
     451    505        0.00033
     451    506        0.00012
     451    513       -0.00042
     451    514        0.00019
     451    561       -0.00011
     451    562        0.00014
     451    726       -0.00011
     452    496        0.00023
     452    502       -0.00016
     452    505        0.00011
     452    506        0.00028
     452    513       -0.00013
     452    514        0.00040
     452    530       -0.00014
     452    561       -0.00014
     452    652        0.00010
     452    729        0.00010
     453    523        0.00010
     453    524        0.00012
     453    527        0.00013
     453    532        0.00011
     453    571        0.00015
     454    503        0.00010
     454    504       -0.00011
     454    510       -0.00010
     454    515       -0.00015
     454    516        0.00016
     454    518        0.00014
     454    519        0.00011
     454    521       -0.00014
     454    522       -0.00016
     454    524       -0.00031
     454    525        0.00024
     454    526       -0.00014
     454    527        0.00031
     454    529       -0.00018
     454    531       -0.00033
     454    533        0.00024
     454    536        0.00012
     454    539        0.00011
     454    543       -0.00014
     454    544       -0.00012
     454    547       -0.00015
     454    549       -0.00013
     454    551        0.00010
     454    556        0.00015
     454    563       -0.00010
     454    570        0.00037
     454    571        0.00018
     454    697        0.00011
     454    821       -0.00011
     455    495       -0.00014
     455    507        0.00025
     455    515       -0.00035
     455    521        0.00012
     455    527       -0.00013
     455    558        0.00017
     455    559        0.00012
     456    495       -0.00012
     456    499       -0.00017
     456    507        0.00021
     456    508       -0.00038
     456    513       -0.00011
     456    515       -0.00033
     456    516        0.00048
     456    518       -0.00014
     456    521        0.00011
     456    524        0.00012
     456    526        0.00017
     456    527       -0.00010
     456    529        0.00017
     456    542       -0.00013
     456    546       -0.00011
     456    551       -0.00012
     456    559        0.00033
     456    561       -0.00011
     456    567        0.00021
     456    584       -0.00018
     456    600       -0.00014
     456    611        0.00015
     457    495        0.00070
     457    496       -0.00072
     457    499        0.00034
     457    501        0.00013
     457    502        0.00015
     457    503        0.00064
     457    504       -0.00074
     457    505       -0.00035
     457    506       -0.00027
     457    508        0.00018
     457    513        0.00035
     457    514       -0.00033
     457    516       -0.00014
     457    529        0.00021
     457    530       -0.00031
     457    531        0.00026
     457    532       -0.00033
     457    535       -0.00014
     457    536        0.00011
     457    537       -0.00042
     457    538       -0.00015
     457    539       -0.00034
     457    545       -0.00022
     457    546       -0.00012
     457    547       -0.00019
     457    549       -0.00012
     457    561       -0.00030
     457    562        0.00017
     457    563        0.00016
     457    567        0.00021
     457    591        0.00011
     457    594        0.00011
     457    599       -0.00012
     457    602        0.00010
     457    610       -0.00010
     457    618       -0.00013
     457    623        0.00018
     457    624       -0.00015
     457    632        0.00010
     457    636       -0.00015
     457    638        0.00014
     457    641       -0.00012
     457    654        0.00011
     457    669       -0.00011
     457    685       -0.00010
     457    687       -0.00010
     457    694        0.00017
     457    789       -0.00011
     458    495        0.00035
     458    496        0.00035
     458    500       -0.00015
     458    503        0.00036
     458    504        0.00031
     458    505       -0.00013
     458    506        0.00016
     458    513        0.00015
     458    514        0.00014
     458    530        0.00013
     458    532       -0.00019
     458    537        0.00016
     458    538       -0.00011
     458    539       -0.00010
     458    540       -0.00012
     458    562        0.00014
     458    568       -0.00012
     458    622       -0.00010
     459    495       -0.00029
     459    496       -0.00022
     459    497        0.00019
     459    498        0.00025
     459    501       -0.00013
     459    502        0.00011
     459    503       -0.00047
     459    504       -0.00027
     459    515        0.00011
     459    541       -0.00013
     459    558        0.00021
     459    609       -0.00011
     460    495        0.00060
     460    496       -0.00083
     460    497       -0.00034
     460    498        0.00091
     460    499        0.00019
     460    501        0.00031
     460    502        0.00026
     460    503        0.00098
     460    504       -0.00115
     460    515       -0.00020
     460    516        0.00019
     460    529       -0.00016
     460    530       -0.00014
     460    531        0.00012
     460    537        0.00012
     460    538        0.00017
     460    540        0.00010
     460    542        0.00035
     460    556        0.00011
     460    557        0.00014
     460    559       -0.00048
     460    567       -0.00018
     460    589       -0.00010
     460    590       -0.00016
     460    594        0.00018
     460    597        0.00015
     460    600        0.00020
     460    602        0.00016
     460    604        0.00014
     460    606       -0.00011
     460    610        0.00012
     460    611       -0.00021
     460    615       -0.00013
     460    628        0.00016
     460    630       -0.00021
     460    632        0.00013
     460    635        0.00011
     460    644       -0.00012
     460    667       -0.00016
     460    669        0.00017
     460    677        0.00012
     461    495        0.00022
     461    496       -0.00029
     461    497        0.00080
     461    498       -0.00072
     461    499        0.00012
     461    501       -0.00012
     461    525       -0.00013
     461    526       -0.00014
     461    529       -0.00025
     461    531        0.00011
     461    533       -0.00018
     461    535        0.00021
     461    537        0.00020
     461    542        0.00019
     461    553        0.00014
     461    554       -0.00020
     461    559        0.00021
     461    561        0.00011
     461    564       -0.00015
     461    570        0.00015
     461    579       -0.00011
     461    583        0.00010
     461    606        0.00011
     461    618       -0.00011
     461    624       -0.00014
     461    637        0.00013
     461    683       -0.00012
     462    496       -0.00012
     462    497       -0.00035
     462    498       -0.00038
     462    558       -0.00014
     463    495       -0.00052
     463    496        0.00066
     463    497       -0.00041
     463    498        0.00014
     463    503        0.00016
     463    504       -0.00019
     463    519        0.00011
     463    526        0.00017
     463    527       -0.00016
     463    529        0.00025
     463    530        0.00012
     463    542       -0.00012
     463    549        0.00013
     463    550       -0.00011
     463    553        0.00011
     463    554       -0.00011
     463    559       -0.00018
     463    564       -0.00022
     463    566       -0.00015
     463    567        0.00013
     463    570        0.00013
     463    576       -0.00011
     463    578        0.00012
     463    581        0.00011
     463    583        0.00015
     463    603        0.00010
     463    626       -0.00011
     463    638       -0.00013
     463    652       -0.00011
     463    683       -0.00011
     464    495       -0.00029
     464    496       -0.00033
     464    497       -0.00028
     464    498       -0.00022
     464    503        0.00012
     464    504        0.00010
     464    527       -0.00012
     464    528       -0.00011
     464    558       -0.00013
     465    495        0.00046
     465    496        0.00068
     465    497       -0.00025
     465    498       -0.00064
     465    500        0.00014
     465    503       -0.00036
     465    504       -0.00046
     466    495       -0.00120
     466    496        0.00137
     466    497        0.00074
     466    498       -0.00145
     466    499        0.00032
     466    500        0.00012
     466    501        0.00019
     466    502        0.00028
     466    503        0.00086
     466    504       -0.00099
     466    507        0.00011
     466    529       -0.00024
     466    530        0.00020
     466    531       -0.00012
     466    532        0.00027
     466    533       -0.00011
     466    535        0.00020
     466    537        0.00011
     466    561       -0.00020
     466    562        0.00011
     466    563        0.00014
     466    575        0.00015
     466    594       -0.00013
     466    602       -0.00014
     466    604       -0.00012
     466    628       -0.00017
     466    630        0.00027
     466    635       -0.00018
     466    647       -0.00011
     466    649        0.00012
     467    496        0.00087
     467    498       -0.00052
     467    499        0.00013
     467    500        0.00019
     467    501        0.00012
     467    502        0.00023
     467    504        0.00040
     467    506       -0.00042
     467    507       -0.00011
     467    508        0.00030
     467    514        0.00012
     467    530        0.00034
     467    531       -0.00015
     467    537        0.00035
     467    539        0.00017
     467    540       -0.00026
     467    541        0.00017
     467    542       -0.00017
     467    546        0.00013
     467    547        0.00018
     467    567        0.00012
     467    576        0.00013
     467    578        0.00013
     467    579        0.00027
     467    580        0.00013
     467    584        0.00012
     467    611        0.00011
     467    626       -0.00010
     467    649       -0.00011
     468    495        0.00072
     468    496       -0.00055
     468    498        0.00044
     468    499       -0.00018
     468    501       -0.00011
     468    502       -0.00020
     468    503        0.00043
     468    504       -0.00021
     468    505        0.00049
     468    506        0.00019
     468    507        0.00016
     468    508       -0.00032
     468    514       -0.00011
     468    515       -0.00019
     468    530       -0.00026
     468    531        0.00036
     468    532       -0.00049
     468    535       -0.00017
     468    537       -0.00022
     468    539       -0.00049
     468    542        0.00031
     468    545       -0.00022
     468    547       -0.00015
     468    549       -0.00014
     468    556        0.00011
     468    559       -0.00011
     468    567       -0.00016
     468    574        0.00015
     468    575       -0.00028
     468    576       -0.00012
     468    577        0.00016
     468    578       -0.00014
     468    579       -0.00025
     468    580        0.00014
     468    584       -0.00010
     468    604        0.00013
     468    611       -0.00013
     468    619       -0.00015
     468    647       -0.00018
     468    650        0.00011
     468    661        0.00013
     468    726        0.00013
     468    755        0.00014
     468    771        0.00013
     468    787        0.00010
     469    495       -0.00011
     469    496        0.00023
     469    497       -0.00010
     469    499        0.00016
     469    501        0.00013
     469    502        0.00039
     469    504        0.00014
     469    514        0.00018
     469    515        0.00013
     469    516       -0.00019
     469    534        0.00011
     469    592       -0.00010
     470    495       -0.00034
     470    496        0.00014
     470    497       -0.00014
     470    498       -0.00016
     470    501        0.00011
     470    508        0.00010
     470    513       -0.00014
     470    515        0.00020
     470    531       -0.00012
     470    532        0.00019
     470    539        0.00012
     471    496       -0.00102
     471    498        0.00074
     471    501        0.00019
     471    502        0.00065
     471    504        0.00023
     471    506        0.00028
     471    508       -0.00029
     471    514       -0.00027
     471    529        0.00010
     471    530       -0.00041
     471    531        0.00011
     471    532       -0.00012
     471    540        0.00011
     471    579       -0.00012
     471    602        0.00012
     471    630       -0.00013
     471    649        0.00011
     472    495       -0.00030
     472    496        0.00037
     472    498       -0.00038
     472    499       -0.00042
     472    500        0.00039
     472    501       -0.00114
     472    502       -0.00012
     472    503        0.00033
     472    504       -0.00014
     472    505       -0.00017
     472    513       -0.00014
     472    531       -0.00019
     472    532        0.00032
     472    535        0.00022
     472    538       -0.00016
     472    589        0.00017
     472    590        0.00017
     472    594       -0.00013
     472    604       -0.00011
     473    495        0.00043
     473    496       -0.00010
     473    497        0.00012
     473    498       -0.00085
     473    499        0.00020
     473    500        0.00012
     473    501        0.00015
     473    502        0.00028
     473    503        0.00054
     473    504       -0.00083
     473    507       -0.00048
     473    508        0.00084
     473    513        0.00020
     473    515        0.00044
     473    516       -0.00049
     473    518        0.00014
     473    532        0.00012
     473    534        0.00016
     473    536       -0.00015
     473    537        0.00028
     473    538        0.00014
     473    539        0.00014
     473    547        0.00016
     473    551       -0.00011
     473    556       -0.00021
     473    557       -0.00013
     473    559        0.00044
     473    561       -0.00017
     473    563        0.00011
     473    567        0.00042
     473    576        0.00011
     473    577       -0.00015
     473    578        0.00017
     473    579        0.00016
     473    589        0.00020
     473    590        0.00022
     473    591        0.00017
     473    592        0.00025
     473    593       -0.00013
     473    594       -0.00039
     473    595        0.00019
     473    597       -0.00026
     473    598       -0.00025
     473    599       -0.00020
     473    600       -0.00029
     473    601       -0.00020
     473    602       -0.00011
     473    603       -0.00013
     473    604       -0.00055
     473    605        0.00018
     473    606        0.00016
     473    607        0.00022
     473    608       -0.00010
     473    610       -0.00033
     473    611        0.00052
     473    613        0.00031
     473    616       -0.00022
     473    622        0.00013
     473    623        0.00022
     473    624       -0.00022
     473    628       -0.00021
     473    636       -0.00011
     473    639       -0.00010
     473    655        0.00016
     473    664       -0.00012
     473    666        0.00019
     473    667        0.00042
     473    669       -0.00044
     473    672        0.00012
     473    674       -0.00013
     473    697        0.00012
     473    698       -0.00012
     473    701        0.00017
     473    703        0.00013
     473    704       -0.00017
     473    710        0.00011
     473    747       -0.00012
     473    748       -0.00011
     473    749        0.00015
     473    752        0.00010
     473    759       -0.00012
     473    768        0.00011
     474    495        0.00014
     474    496       -0.00012
     474    497        0.00026
     474    498        0.00017
     474    501        0.00014
     474    503        0.00044
     474    507       -0.00041
     474    513        0.00013
     474    515        0.00036
     474    538        0.00015
     474    558        0.00022
     474    568       -0.00015
     474    589        0.00013
     474    590        0.00011
     474    591       -0.00013
     474    593        0.00018
     474    598       -0.00023
     474    599       -0.00012
     474    600       -0.00012
     474    602       -0.00012
     474    604       -0.00022
     474    606        0.00017
     474    607       -0.00019
     474    609       -0.00032
     474    612        0.00011
     474    613        0.00013
     474    624       -0.00012
     474    666        0.00022
     474    668        0.00017
     474    672        0.00012
     474    698       -0.00012
     475    495       -0.00051
     475    496       -0.00158
     475    497        0.00049
     475    498        0.00155
     475    499       -0.00025
     475    500       -0.00061
     475    501        0.00015
     475    502       -0.00056
     475    505       -0.00010
     475    506        0.00026
     475    507       -0.00012
     475    508       -0.00037
     475    514       -0.00038
     475    516       -0.00046
     475    530        0.00029
     475    584        0.00014
     475    630        0.00018
     476    495       -0.00037
     476    498        0.00050
     476    499        0.00144
     476    500        0.00017
     476    501       -0.00055
     476    502       -0.00047
     476    508       -0.00012
     476    513       -0.00014
     476    515        0.00015
     476    516       -0.00017
     476    531        0.00012
     476    538        0.00010
     476    542        0.00011
     476    559        0.00021
     476    595        0.00017
     476    597       -0.00012
     476    637        0.00016
     476    638        0.00020
     476    661        0.00014
     477    496        0.00011
     477    497       -0.00018
     477    498       -0.00051
     477    500       -0.00058
     477    501       -0.00018
     477    502        0.00039
     477    508        0.00016
     477    516        0.00016
     477    638       -0.00010
     478    500        0.00016
     478    501        0.00014
     478    502       -0.00012
     478    508        0.00010
     478    516       -0.00012
     478    531       -0.00011
     479    495        0.00011
     479    497       -0.00014
     479    498       -0.00016
     479    499        0.00033
     479    500        0.00012
     479    501       -0.00014
     479    505       -0.00010
     479    507       -0.00019
     479    508        0.00023
     479    515        0.00014
     479    516       -0.00013
     479    517       -0.00011
     479    518        0.00012
     479    521       -0.00017
     479    522       -0.00020
     479    524       -0.00017
     479    525        0.00012
     479    527        0.00015
     479    531       -0.00021
     479    532       -0.00011
     479    533        0.00029
     479    543       -0.00010
     479    547       -0.00023
     479    549       -0.00015
     479    552       -0.00023
     479    553        0.00017
     479    560       -0.00011
     479    561       -0.00017
     479    565        0.00014
     479    576        0.00016
     479    590        0.00012
     479    592        0.00011
     479    608        0.00011
     479    612       -0.00011
     479    613        0.00017
     479    616       -0.00011
     479    617       -0.00017
     479    621       -0.00011
     479    623        0.00017
     479    637        0.00011
     479    655       -0.00010
     479    666        0.00011
     479    691       -0.00011
     479    704       -0.00012
     480    496       -0.00080
     480    497        0.00013
     480    498        0.00091
     480    501       -0.00019
     480    502       -0.00013
     480    503        0.00011
     480    505        0.00011
     480    506        0.00010
     480    507        0.00016
     480    508       -0.00017
     480    513        0.00043
     480    514       -0.00015
     480    515        0.00045
     480    516       -0.00023
     480    530        0.00011
     480    532        0.00015
     480    535        0.00013
     480    575        0.00012
     480    590       -0.00014
     480    600        0.00014
     480    647       -0.00012
     480    655       -0.00011
     481    495        0.00018
     481    496       -0.00074
     481    497        0.00076
     481    499        0.00035
     481    501       -0.00042
     481    502       -0.00051
     481    503       -0.00033
     481    504        0.00044
     481    505       -0.00017
     481    506       -0.00018
     481    507        0.00046
     481    508       -0.00058
     481    511       -0.00015
     481    515       -0.00029
     481    516        0.00026
     481    518        0.00014
     481    519        0.00018
     481    522       -0.00013
     481    526        0.00011
     481    531        0.00019
     481    533       -0.00016
     481    539       -0.00014
     481    542        0.00011
     481    547       -0.00023
     481    548       -0.00023
     481    550       -0.00027
     481    552        0.00011
     481    555       -0.00010
     481    556        0.00019
     481    557        0.00017
     481    559       -0.00014
     481    576       -0.00017
     481    584       -0.00010
     481    589        0.00018
     481    592        0.00022
     481    598       -0.00011
     481    613        0.00023
     481    614        0.00015
     481    616        0.00011
     481    617        0.00016
     481    622        0.00012
     481    624       -0.00010
     481    633       -0.00017
     481    641       -0.00011
     481    654        0.00013
     481    703       -0.00010
     481    705        0.00010
     481    709        0.00012
     482    495       -0.00024
     482    496       -0.00030
     482    497       -0.00030
     482    498       -0.00012
     482    500        0.00020
     482    501        0.00017
     482    502       -0.00020
     482    503        0.00019
     482    504        0.00014
     482    506       -0.00014
     482    507       -0.00025
     482    508       -0.00020
     482    515        0.00013
     482    516        0.00010
     482    548        0.00016
     482    550       -0.00017
     482    555        0.00011
     482    557        0.00010
     482    617       -0.00012
     483    495        0.00023
     483    496        0.00238
     483    497       -0.00253
     483    498       -0.00034
     483    499       -0.00066
     483    500       -0.00012
     483    501        0.00118
     483    502        0.00203
     483    503        0.00047
     483    504       -0.00099
     483    505        0.00029
     483    506        0.00048
     483    507       -0.00090
     483    508        0.00198
     483    513        0.00023
     483    514        0.00022
     483    515        0.00053
     483    516       -0.00058
     483    518        0.00017
     483    529       -0.00013
     483    530        0.00016
     483    532        0.00025
     483    533       -0.00015
     483    535        0.00021
     483    537        0.00021
     483    539        0.00025
     483    540       -0.00013
     483    542       -0.00013
     483    546        0.00013
     483    553        0.00015
     483    559        0.00044
     483    567       -0.00011
     483    570       -0.00012
     483    575        0.00012
     483    580        0.00016
     483    581       -0.00014
     483    582        0.00022
     483    584        0.00038
     483    586       -0.00011
     483    587       -0.00010
     483    588       -0.00017
     483    589       -0.00019
     483    590       -0.00036
     483    591       -0.00030
     483    592       -0.00037
     483    593        0.00014
     483    594        0.00022
     483    597        0.00020
     483    598        0.00019
     483    599        0.00023
     483    600        0.00010
     483    601        0.00013
     483    602       -0.00015
     483    604        0.00024
     483    607       -0.00015
     483    610        0.00016
     483    611       -0.00018
     483    616        0.00014
     483    618        0.00012
     483    622       -0.00012
     483    623       -0.00026
     483    624        0.00019
     483    626       -0.00013
     483    642       -0.00011
     483    644       -0.00014
     483    649       -0.00011
     483    654       -0.00014
     483    658        0.00011
     483    667       -0.00016
     483    669        0.00024
     483    674        0.00012
     483    675        0.00012
     483    715        0.00012
     483    735        0.00010
     483    746        0.00016
     483    747        0.00015
     483    748        0.00012
     483    749       -0.00024
     483    751       -0.00017
     483    759        0.00011
     484    495       -0.00039
     484    496        0.00024
     484    497       -0.00240
     484    498       -0.00036
     484    499       -0.00051
     484    500        0.00042
     484    501        0.00117
     484    502        0.00016
     484    503        0.00064
     484    504       -0.00018
     484    505        0.00038
     484    506       -0.00018
     484    507       -0.00129
     484    508        0.00015
     484    513        0.00011
     484    515        0.00061
     484    519        0.00011
     484    531       -0.00012
     484    532        0.00015
     484    533       -0.00013
     484    535        0.00019
     484    539        0.00019
     484    554       -0.00010
     484    558        0.00019
     484    559        0.00018
     484    571       -0.00011
     484    574       -0.00011
     484    575        0.00015
     484    581       -0.00011
     484    589       -0.00024
     484    590       -0.00030
     484    593       -0.00013
     484    598        0.00023
     484    599        0.00020
     484    604        0.00012
     484    609        0.00020
     484    610        0.00010
     484    623       -0.00012
     484    624        0.00016
     484    666       -0.00015
     484    668       -0.00013
     484    747        0.00012
     484    758        0.00011
     485    496        0.00038
     485    497        0.00017
     485    498        0.00088
     485    499       -0.00022
     485    500       -0.00041
     485    501       -0.00016
     485    502       -0.00036
     485    503       -0.00033
     485    504       -0.00104
     485    507       -0.00015
     485    508       -0.00034
     485    514       -0.00015
     485    526        0.00014
     485    530        0.00019
     485    537        0.00033
     485    540       -0.00044
     485    541        0.00036
     485    542       -0.00011
     485    544       -0.00019
     485    546        0.00022
     485    547        0.00023
     485    558       -0.00026
     485    559        0.00019
     485    561        0.00030
     485    562        0.00015
     485    563       -0.00013
     485    567       -0.00011
     485    568       -0.00016
     485    578       -0.00012
     485    579       -0.00016
     485    580       -0.00017
     485    582       -0.00013
     485    584       -0.00016
     485    588       -0.00010
     485    592       -0.00018
     485    593       -0.00022
     485    594       -0.00023
     485    596       -0.00013
     485    597        0.00011
     485    598       -0.00012
     485    601       -0.00011
     485    602       -0.00033
     485    604        0.00012
     485    613        0.00013
     485    621        0.00019
     485    622       -0.00019
     485    624        0.00012
     485    626       -0.00025
     485    649       -0.00011
     485    651        0.00012
     485    655        0.00010
     486    495       -0.00208
     486    496        0.00018
     486    497        0.00237
     486    498        0.00162
     486    499       -0.00065
     486    500       -0.00036
     486    501       -0.00055
     486    502       -0.00086
     486    503        0.00156
     486    504       -0.00121
     486    505       -0.00033
     486    507        0.00033
     486    508       -0.00051
     486    513        0.00013
     486    514       -0.00020
     486    516       -0.00011
     486    525        0.00018
     486    529        0.00014
     486    530        0.00023
     486    531       -0.00028
     486    532        0.00020
     486    534        0.00010
     486    537        0.00050
     486    538        0.00011
     486    539        0.00092
     486    540       -0.00014
     486    542       -0.00069
     486    544       -0.00025
     486    545        0.00061
     486    546        0.00019
     486    547        0.00035
     486    549        0.00032
     486    558        0.00016
     486    559        0.00050
     486    560        0.00017
     486    561        0.00055
     486    562       -0.00038
     486    563       -0.00031
     486    564        0.00012
     486    567       -0.00034
     486    574        0.00015
     486    575       -0.00028
     486    576       -0.00010
     486    578       -0.00021
     486    579       -0.00028
     486    581        0.00011
     486    583       -0.00011
     486    584       -0.00028
     486    588       -0.00012
     486    590        0.00014
     486    591       -0.00028
     486    594       -0.00085
     486    595        0.00018
     486    596       -0.00011
     486    598        0.00012
     486    599        0.00012
     486    600       -0.00047
     486    602       -0.00046
     486    603       -0.00011
     486    604       -0.00020
     486    606        0.00024
     486    609        0.00021
     486    612       -0.00023
     486    614       -0.00011
     486    619        0.00036
     486    622       -0.00015
     486    623       -0.00024
     486    624        0.00034
     486    625        0.00021
     486    626       -0.00026
     486    628       -0.00026
     486    629       -0.00022
     486    630        0.00015
     486    645       -0.00016
     486    647        0.00015
     486    649       -0.00023
     486    650       -0.00017
     486    652       -0.00018
     486    654       -0.00023
     486    656       -0.00011
     486    679       -0.00016
     486    680       -0.00012
     486    689       -0.00017
     486    784        0.00014
     486    787       -0.00011
     487    495        0.00706
     487    496       -0.00872
     487    497       -0.00646
     487    498       -0.00847
     487    499        0.00382
     487    500        0.00350
     487    501        0.00123
     487    502        0.00325
     487    503       -0.00012
     487    504       -0.00074
     487    505       -0.00138
     487    506       -0.00384
     487    507        0.00030
     487    508        0.00182
     487    513        0.00072
     487    514       -0.00121
     487    516        0.00048
     487    518       -0.00036
     487    526        0.00019
     487    528        0.00018
     487    529        0.00016
     487    534       -0.00021
     487    535        0.00020
     487    536        0.00020
     487    537       -0.00046
     487    538       -0.00017
     487    539       -0.00011
     487    544        0.00016
     487    545       -0.00019
     487    547       -0.00017
     487    551        0.00010
     487    559        0.00013
     487    561       -0.00026
     487    563        0.00015
     487    564       -0.00017
     487    570       -0.00010
     487    580        0.00016
     487    582        0.00015
     487    584        0.00046
     487    588       -0.00010
     487    590       -0.00022
     487    591       -0.00015
     487    592       -0.00024
     487    594        0.00021
     487    597        0.00011
     487    600        0.00035
     487    601        0.00025
     487    602        0.00038
     487    609       -0.00014
     487    610        0.00012
     487    611       -0.00016
     487    613       -0.00011
     487    615       -0.00011
     487    618        0.00021
     487    619       -0.00012
     487    621       -0.00014
     487    623       -0.00015
     487    624       -0.00011
     487    625       -0.00012
     487    626        0.00033
     487    636       -0.00012
     487    644       -0.00010
     487    645        0.00013
     487    646        0.00011
     487    648       -0.00010
     487    649        0.00018
     487    661        0.00010
     487    680        0.00011
     487    681        0.00014
     487    701        0.00012
     487    703        0.00012
     487    799        0.00010
     488    495        0.01464
     488    496       -0.00234
     488    497       -0.01068
     488    498       -0.00499
     488    499        0.00386
     488    500       -0.00045
     488    501        0.00151
     488    502        0.00165
     488    503        0.00021
     488    504       -0.00021
     488    505       -0.00319
     488    506       -0.00099
     488    507        0.00038
     488    508        0.00073
     488    513        0.00152
     488    514       -0.00043
     488    515       -0.00037
     488    516        0.00022
     488    517        0.00029
     488    518       -0.00011
     488    521        0.00015
     488    527       -0.00015
     488    529        0.00016
     488    535        0.00033
     488    537       -0.00024
     488    538       -0.00050
     488    539       -0.00024
     488    545       -0.00037
     488    547       -0.00011
     488    549       -0.00017
     488    559        0.00012
     488    561       -0.00012
     488    562        0.00016
     488    563        0.00011
     488    566       -0.00010
     488    574       -0.00016
     488    575        0.00020
     488    584        0.00022
     488    589       -0.00019
     488    590       -0.00036
     488    594        0.00018
     488    597        0.00013
     488    600        0.00037
     488    602        0.00022
     488    604        0.00025
     488    606       -0.00024
     488    615       -0.00025
     488    617       -0.00015
     488    618        0.00016
     488    619       -0.00029
     488    629        0.00012
     488    647       -0.00025
     488    661        0.00013
     488    679        0.00015
     488    710        0.00011
     488    734        0.00012
     489    495        0.00757
     489    496       -0.00388
     489    497        0.00057
     489    498       -0.01452
     489    499        0.00443
     489    500        0.00195
     489    501       -0.00100
     489    502        0.00032
     489    503        0.00058
     489    504       -0.00117
     489    505       -0.00168
     489    506       -0.00173
     489    507       -0.00048
     489    508        0.00205
     489    513        0.00113
     489    514       -0.00040
     489    515        0.00143
     489    516       -0.00131
     489    517       -0.00022
     489    518        0.00033
     489    521       -0.00030
     489    522        0.00011
     489    524       -0.00013
     489    525       -0.00017
     489    526       -0.00028
     489    527        0.00027
     489    529       -0.00043
     489    530       -0.00026
     489    531       -0.00014
     489    532        0.00018
     489    534        0.00045
     489    535       -0.00029
     489    536       -0.00044
     489    537        0.00064
     489    538        0.00064
     489    540        0.00028
     489    541       -0.00014
     489    542        0.00048
     489    543       -0.00018
     489    544       -0.00020
     489    545        0.00030
     489    546        0.00028
     489    547        0.00019
     489    549        0.00012
     489    551        0.00012
     489    554        0.00012
     489    557        0.00012
     489    558       -0.00011
     489    559       -0.00073
     489    564        0.00017
     489    566        0.00013
     489    570        0.00017
     489    574        0.00014
     489    581        0.00018
     489    584       -0.00015
     489    589        0.00011
     489    590        0.00023
     489    592        0.00015
     489    594       -0.00014
     489    595       -0.00039
     489    596        0.00018
     489    599       -0.00014
     489    600       -0.00021
     489    607       -0.00015
     489    610       -0.00027
     489    611        0.00036
     489    613        0.00018
     489    615        0.00025
     489    616       -0.00014
     489    618       -0.00014
     489    623        0.00028
     489    624       -0.00029
     489    626        0.00013
     489    627       -0.00017
     489    628       -0.00035
     489    629        0.00014
     489    630        0.00018
     489    636       -0.00024
     489    637        0.00011
     489    640        0.00015
     489    644        0.00015
     489    645       -0.00013
     489    646       -0.00014
     489    650        0.00013
     489    651       -0.00015
     489    652       -0.00022
     489    655        0.00024
     489    659        0.00019
     489    661       -0.00011
     489    671        0.00010
     489    675        0.00011
     489    677       -0.00017
     489    685       -0.00011
     489    695       -0.00018
     489    698        0.00013
     489    701       -0.00015
     489    704        0.00013
     489    710       -0.00011
     489    717        0.00013
     489    746        0.00013
     489    747        0.00012
     489    748        0.00011
     489    749       -0.00016
     489    750       -0.00014
     489    752       -0.00011
     489    759        0.00012
     489    798       -0.00011
     490    495        0.00250
     490    496        0.00121
     490    497        0.00137
     490    498        0.00414
     490    499        0.00039
     490    500       -0.00180
     490    501       -0.00075
     490    502        0.00038
     490    503        0.00050
     490    504        0.00047
     490    505       -0.00077
     490    506        0.00075
     490    507       -0.00026
     490    508       -0.00062
     490    513        0.00052
     490    514        0.00017
     490    515        0.00062
     490    516        0.00048
     490    518       -0.00011
     490    521       -0.00010
     490    526        0.00012
     490    527        0.00017
     490    528        0.00016
     490    530        0.00010
     490    534       -0.00019
     490    535       -0.00012
     490    536        0.00019
     490    537       -0.00018
     490    538        0.00034
     490    540       -0.00010
     490    541        0.00017
     490    545        0.00013
     490    546       -0.00014
     490    558       -0.00028
     490    582        0.00011
     490    590        0.00012
     490    591       -0.00012
     490    592       -0.00011
     490    593        0.00011
     490    596       -0.00014
     490    609       -0.00026
     490    615        0.00012
     490    622       -0.00017
     491    495       -0.01256
     491    496       -0.01311
     491    497        0.00248
     491    498        0.00088
     491    499       -0.00012
     491    500        0.00176
     491    501       -0.00019
     491    502        0.00082
     491    503        0.00038
     491    504        0.00047
     491    505       -0.00019
     491    506        0.00035
     491    507        0.00017
     491    513        0.00060
     491    514        0.00077
     491    515       -0.00013
     491    530        0.00027
     491    532       -0.00021
     491    558        0.00011
     491    584        0.00017
     491    596        0.00018
     491    599        0.00018
     491    601        0.00019
     491    602        0.00022
     491    604       -0.00026
     491    606        0.00015
     491    607       -0.00016
     491    609       -0.00012
     491    613       -0.00012
     491    619        0.00012
     491    620        0.00011
     491    621       -0.00018
     491    622        0.00019
     491    626        0.00016
     491    629       -0.00013
     491    651       -0.00012
     492    495       -0.03872
     492    496        0.02858
     492    497        0.01050
     492    498        0.00017
     492    499       -0.00358
     492    500       -0.00103
     492    501       -0.00168
     492    502       -0.00235
     492    503        0.00159
     492    504       -0.00158
     492    505       -0.00094
     492    506       -0.00049
     492    513        0.00160
     492    514       -0.00161
     492    516       -0.00034
     492    525       -0.00011
     492    526       -0.00019
     492    527        0.00014
     492    529       -0.00025
     492    530       -0.00061
     492    531        0.00040
     492    532       -0.00049
     492    535       -0.00015
     492    537        0.00033
     492    538        0.00034
     492    539        0.00013
     492    542        0.00028
     492    545        0.00021
     492    567       -0.00017
     492    570        0.00015
     492    571        0.00010
     492    574        0.00013
     492    575       -0.00017
     492    580       -0.00015
     492    581       -0.00014
     492    584       -0.00044
     492    587        0.00010
     492    588        0.00012
     492    589        0.00017
     492    590        0.00043
     492    591        0.00017
     492    592        0.00016
     492    594       -0.00012
     492    595        0.00036
     492    596       -0.00027
     492    597       -0.00036
     492    599        0.00028
     492    600       -0.00064
     492    601       -0.00013
     492    602       -0.00064
     492    603       -0.00019
     492    604       -0.00012
     492    606        0.00026
     492    607       -0.00012
     492    609        0.00025
     492    611        0.00020
     492    612       -0.00019
     492    614       -0.00016
     492    615        0.00017
     492    619        0.00032
     492    622       -0.00022
     492    623       -0.00040
     492    624        0.00040
     492    626       -0.00033
     492    628       -0.00025
     492    629       -0.00015
     492    630        0.00032
     492    635       -0.00012
     492    636        0.00020
     492    638       -0.00019
     492    641        0.00015
     492    643        0.00011
     492    645       -0.00014
     492    647        0.00012
     492    649       -0.00022
     492    650       -0.00014
     492    652       -0.00019
     492    654       -0.00026
     492    655        0.00010
     492    656       -0.00012
     492    663        0.00011
     492    667        0.00010
     492    668        0.00010
     492    672       -0.00013
     492    689       -0.00019
     492    692        0.00010
     492    694       -0.00013
     492    706       -0.00011
     492    855        0.00011
     493    495        0.03152
     493    496        0.07455
     493    497        0.18794
     493    498        0.47319
     493    499        0.00432
     493    500       -0.00684
     493    501       -0.00048
     493    502       -0.01355
     493    503        0.00378
     493    504       -0.00309
     493    505       -0.00161
     493    506        0.00195
     493    507       -0.00115
     493    508       -0.00346
     493    514        0.00016
     493    515       -0.00031
     493    526       -0.00023
     493    528       -0.00016
     493    529       -0.00019
     493    530        0.00017
     493    534       -0.00014
     493    537        0.00045
     493    540       -0.00021
     493    542        0.00011
     493    543       -0.00010
     493    545        0.00019
     493    546       -0.00011
     493    551       -0.00015
     493    559        0.00013
     493    562        0.00011
     493    564        0.00018
     493    567        0.00029
     493    580       -0.00010
     493    584       -0.00028
     493    590        0.00012
     493    591        0.00019
     493    592        0.00033
     493    593       -0.00019
     493    594       -0.00022
     493    597       -0.00012
     493    598       -0.00012
     493    600       -0.00016
     493    601       -0.00013
     493    607        0.00014
     493    611        0.00011
     493    623        0.00014
     493    638       -0.00010
     493    659        0.00012
     493    667        0.00018
     493    669       -0.00013
     493    719        0.00016
     493    737       -0.00012
     493    745       -0.00015
     493    747        0.00012
     493    748        0.00017
     493    749       -0.00018
     493    750       -0.00011
     493    751       -0.00015
     493    759        0.00014
     493    768       -0.00011
     493    829       -0.00010
     494    495       -0.05882
     494    496       -0.05209
     494    497       -0.34177
     494    498       -0.32626
     494    499       -0.01099
     494    500        0.01171
     494    501        0.00269
     494    502        0.00791
     494    503       -0.00817
     494    504        0.00233
     494    505        0.00281
     494    506       -0.00157
     494    507        0.00130
     494    508        0.00201
     494    513        0.00033
     494    515        0.00066
     494    517       -0.00017
     494    519        0.00012
     494    521       -0.00016
     494    526        0.00017
     494    528        0.00011
     494    529        0.00015
     494    534        0.00010
     494    537       -0.00032
     494    538       -0.00018
     494    540        0.00017
     494    541       -0.00012
     494    542       -0.00021
     494    543        0.00020
     494    545       -0.00044
     494    546        0.00013
     494    548       -0.00014
     494    551        0.00011
     494    558       -0.00020
     494    559       -0.00019
     494    562       -0.00017
     494    564       -0.00011
     494    566       -0.00013
     494    567       -0.00029
     494    568        0.00016
     494    575       -0.00011
     494    581        0.00013
     494    584        0.00018
     494    589       -0.00013
     494    590       -0.00021
     494    592       -0.00019
     494    594        0.00016
     494    598        0.00026
     494    599        0.00011
     494    600        0.00022
     494    604        0.00012
     494    606       -0.00012
     494    623       -0.00012
     494    655       -0.00016
     494    661        0.00013
     494    666       -0.00016
     494    667       -0.00013
     494    717       -0.00011
     494    722        0.00013
     494    737        0.00012
     494    745        0.00016
     494    746       -0.00017
     494    747       -0.00025
     494    749        0.00010
     494    750        0.00015
     494    752        0.00013
     494    756        0.00011
     494    758       -0.00010
     494    759       -0.00012
     494    761        0.00012
     494    798        0.00011
