-0.88983325E+02
-0.88983314E+02
-0.88939008E+02
-0.88938299E+02
-0.88935767E+02
-0.88935216E+02
-0.88932488E+02
-0.88932240E+02
-0.88929803E+02
-0.88929390E+02
-0.24761768E+02
-0.24761623E+02
-0.24758206E+02
-0.24758120E+02
-0.24750497E+02
-0.24750311E+02
-0.24748041E+02
-0.24747844E+02
-0.19167720E+02
-0.19167321E+02
-0.19159828E+02
-0.19159535E+02
-0.14427059E+02
-0.14425530E+02
-0.14417297E+02
-0.14415526E+02
-0.14386162E+02
-0.14385795E+02
-0.14385656E+02
-0.14385458E+02
-0.14379181E+02
-0.14379002E+02
-0.14371535E+02
-0.14371371E+02
-0.14362788E+02
-0.14362756E+02
-0.14349624E+02
-0.14349443E+02
-0.10317611E+02
-0.10317329E+02
-0.10312069E+02
-0.10311980E+02
-0.10310052E+02
-0.10309827E+02
-0.10309173E+02
-0.10309010E+02
-0.10296465E+02
-0.10296258E+02
-0.10293758E+02
-0.10293748E+02
-0.10293472E+02
-0.10293432E+02
-0.10286215E+02
-0.10285955E+02
-0.10275433E+02
-0.10275171E+02
-0.10275081E+02
-0.10274848E+02
-0.10273121E+02
-0.10272986E+02
-0.10272585E+02
-0.10272298E+02
-0.10267956E+02
-0.10267774E+02
-0.10266673E+02
-0.10266525E+02
-0.10262561E+02
-0.10262521E+02
-0.10259624E+02
-0.10258165E+02
-0.10255121E+02
-0.10255028E+02
-0.10254537E+02
-0.10254193E+02
-0.10253943E+02
-0.10253943E+02
-0.10251505E+02
-0.10251351E+02
-0.10250764E+02
-0.10250455E+02
-0.10250423E+02
-0.10250232E+02
-0.10250083E+02
-0.10250014E+02
-0.10248878E+02
-0.10248011E+02
-0.10247603E+02
-0.10246370E+02
-0.10245704E+02
-0.10244607E+02
-0.10242665E+02
-0.10242475E+02
-0.10241877E+02
-0.10241441E+02
-0.10241232E+02
-0.10241128E+02
-0.10240707E+02
-0.10240614E+02
-0.10240219E+02
-0.10240207E+02
-0.10239629E+02
-0.10239553E+02
-0.10239298E+02
-0.10238173E+02
-0.10238066E+02
-0.10237485E+02
-0.10233623E+02
-0.10233229E+02
-0.10231825E+02
-0.10231568E+02
-0.10230278E+02
-0.10230092E+02
-0.10229205E+02
-0.10228887E+02
-0.10227359E+02
-0.10227039E+02
-0.10224623E+02
-0.10223558E+02
-0.10221602E+02
-0.10221581E+02
-0.10220545E+02
-0.10220351E+02
-0.10218823E+02
-0.10218590E+02
-0.10216805E+02
-0.10215888E+02
-0.10214297E+02
-0.10214268E+02
-0.10213602E+02
-0.10213519E+02
-0.10201867E+02
-0.10201698E+02
-0.10199445E+02
-0.10199103E+02
-0.80294313E+01
-0.80294176E+01
-0.79907884E+01
-0.79900588E+01
-0.79882960E+01
-0.79876997E+01
-0.79835612E+01
-0.79833221E+01
-0.79822895E+01
-0.79818829E+01
-0.59964388E+01
-0.59964225E+01
-0.59908415E+01
-0.59908291E+01
-0.59882576E+01
-0.59882452E+01
-0.59568001E+01
-0.59560614E+01
-0.59543019E+01
-0.59536983E+01
-0.59528157E+01
-0.59520741E+01
-0.59503336E+01
-0.59499718E+01
-0.59497319E+01
-0.59497289E+01
-0.59488162E+01
-0.59484332E+01
-0.59481038E+01
-0.59480234E+01
-0.59462200E+01
-0.59461291E+01
-0.59459768E+01
-0.59455505E+01
-0.59448257E+01
-0.59444203E+01
-0.59408828E+01
-0.59406511E+01
-0.59396517E+01
-0.59392464E+01
-0.12869317E+01
-0.12867858E+01
-0.12832200E+01
-0.12831382E+01
-0.12509351E+01
-0.12505343E+01
-0.12400324E+01
-0.12398660E+01
-0.10801469E+01
-0.10790847E+01
-0.10582776E+01
-0.10579774E+01
-0.10316123E+01
-0.10311660E+01
-0.10225976E+01
-0.10216692E+01
-0.10134206E+01
-0.10122835E+01
-0.96425340E+00
-0.96422854E+00
-0.95656168E+00
-0.95640218E+00
-0.95277595E+00
-0.95259635E+00
-0.94158597E+00
-0.94132817E+00
-0.93822211E+00
-0.93618202E+00
-0.93521423E+00
-0.93466866E+00
-0.92586572E+00
-0.92569712E+00
-0.92379876E+00
-0.92359534E+00
-0.89708006E+00
-0.89647969E+00
-0.88858090E+00
-0.88839043E+00
-0.88733620E+00
-0.88681093E+00
-0.88444829E+00
-0.88349980E+00
-0.87495420E+00
-0.87451904E+00
-0.86818919E+00
-0.86769260E+00
-0.83747746E+00
-0.83739995E+00
-0.83301816E+00
-0.83285246E+00
-0.82244912E+00
-0.82211482E+00
-0.81310272E+00
-0.81295723E+00
-0.81119855E+00
-0.81027587E+00
-0.80756195E+00
-0.80699598E+00
-0.80046362E+00
-0.80027099E+00
-0.79822809E+00
-0.79804209E+00
-0.79543119E+00
-0.79496908E+00
-0.79246513E+00
-0.79197280E+00
-0.76718787E+00
-0.76684466E+00
-0.75219311E+00
-0.75158863E+00
-0.74875030E+00
-0.74778661E+00
-0.74130697E+00
-0.74119945E+00
-0.72567478E+00
-0.72547180E+00
-0.72093476E+00
-0.71995479E+00
-0.71520959E+00
-0.71428255E+00
-0.70809954E+00
-0.70740992E+00
-0.70008942E+00
-0.69983432E+00
-0.69739387E+00
-0.69726613E+00
-0.69292617E+00
-0.69266916E+00
-0.69090213E+00
-0.69070094E+00
-0.67526600E+00
-0.67513936E+00
-0.66198201E+00
-0.66180416E+00
-0.65490251E+00
-0.65437697E+00
-0.64278107E+00
-0.64270277E+00
-0.64093872E+00
-0.64084256E+00
-0.63758773E+00
-0.63753972E+00
-0.63208421E+00
-0.63171309E+00
-0.62198679E+00
-0.62173384E+00
-0.60897511E+00
-0.60839927E+00
-0.59941840E+00
-0.59939851E+00
-0.59717202E+00
-0.59704334E+00
-0.59173521E+00
-0.59153169E+00
-0.58963527E+00
-0.58910169E+00
-0.58528696E+00
-0.58486734E+00
-0.57418868E+00
-0.57410980E+00
-0.57278228E+00
-0.57255875E+00
-0.56849312E+00
-0.56812908E+00
-0.56084042E+00
-0.56043071E+00
-0.55703610E+00
-0.55665402E+00
-0.55538262E+00
-0.55522202E+00
-0.55018761E+00
-0.55006613E+00
-0.54383848E+00
-0.54377202E+00
-0.53427653E+00
-0.53407192E+00
-0.52834575E+00
-0.52794809E+00
-0.52324751E+00
-0.52315927E+00
-0.52199574E+00
-0.52186670E+00
-0.52026372E+00
-0.52016550E+00
-0.51686946E+00
-0.51551217E+00
-0.51444956E+00
-0.51329608E+00
-0.51098043E+00
-0.50996805E+00
-0.50833988E+00
-0.50723408E+00
-0.50212336E+00
-0.50187591E+00
-0.50031734E+00
-0.49992614E+00
-0.49941824E+00
-0.49930778E+00
-0.49839009E+00
-0.49799222E+00
-0.49009592E+00
-0.48764997E+00
-0.48321472E+00
-0.48262664E+00
-0.48229700E+00
-0.48207724E+00
-0.47927109E+00
-0.47889690E+00
-0.47732393E+00
-0.47717403E+00
-0.47360116E+00
-0.47347604E+00
-0.47001544E+00
-0.46947559E+00
-0.46754532E+00
-0.46635920E+00
-0.46415224E+00
-0.46346790E+00
-0.46284561E+00
-0.46199204E+00
-0.46179833E+00
-0.45968605E+00
-0.45929320E+00
-0.45883428E+00
-0.45795369E+00
-0.45762738E+00
-0.45692954E+00
-0.45261206E+00
-0.45227902E+00
-0.45203583E+00
-0.45148478E+00
-0.45073680E+00
-0.44655896E+00
-0.44637421E+00
-0.43659140E+00
-0.43653945E+00
-0.43652453E+00
-0.43626342E+00
-0.43493662E+00
-0.43358449E+00
-0.43351751E+00
-0.43311666E+00
-0.43204020E+00
-0.43156432E+00
-0.43066168E+00
-0.43052653E+00
-0.43033125E+00
-0.42758679E+00
-0.42740597E+00
-0.42658125E+00
-0.42655448E+00
-0.42554683E+00
-0.42453290E+00
-0.42301962E+00
-0.42268133E+00
-0.42234159E+00
-0.42226722E+00
-0.42061042E+00
-0.42004660E+00
-0.41970800E+00
-0.41847606E+00
-0.41782783E+00
-0.41471743E+00
-0.41454315E+00
-0.41356901E+00
-0.40902508E+00
-0.40671482E+00
-0.40498842E+00
-0.40464258E+00
-0.40406823E+00
-0.40012490E+00
-0.39959692E+00
-0.39900653E+00
-0.39838327E+00
-0.39768917E+00
-0.39672891E+00
-0.39653233E+00
-0.39573598E+00
-0.39390244E+00
-0.39348034E+00
-0.39137980E+00
-0.39119243E+00
-0.38953744E+00
-0.38946929E+00
-0.38753494E+00
-0.38740695E+00
-0.38597015E+00
-0.38460466E+00
-0.38436140E+00
-0.38384814E+00
-0.38326650E+00
-0.38295516E+00
-0.38196949E+00
-0.38193314E+00
-0.38132317E+00
-0.38112543E+00
-0.37701714E+00
-0.37629542E+00
-0.37565099E+00
-0.37486257E+00
-0.37326946E+00
-0.37314195E+00
-0.36991670E+00
-0.36961933E+00
-0.36749666E+00
-0.36611843E+00
-0.36577698E+00
-0.36354121E+00
-0.36288054E+00
-0.36259006E+00
-0.35918281E+00
-0.35836161E+00
-0.35822181E+00
-0.35656586E+00
-0.35578283E+00
-0.35534572E+00
-0.35146816E+00
-0.34892123E+00
-0.34823812E+00
-0.34778934E+00
-0.34425573E+00
-0.33992789E+00
-0.33783201E+00
-0.33617763E+00
-0.33431460E+00
-0.33026410E+00
-0.31479069E+00
-0.31432572E+00
-0.31257001E+00
-0.31216281E+00
-0.31157082E+00
-0.30564932E+00
-0.29213992E+00
-0.29041317E+00
-0.28695421E+00
-0.28669613E+00
-0.28511071E+00
-0.28414925E+00
-0.27934691E+00
-0.27927387E+00
-0.27372214E+00
-0.27355475E+00
-0.27306807E+00
-0.27292323E+00
-0.27281522E+00
-0.27254522E+00
-0.26848991E+00
-0.26824715E+00
-0.26405613E+00
-0.26397657E+00
-0.26076915E+00
-0.25764468E+00
-0.23780421E+00
-0.23708967E+00
-0.23591400E+00
-0.23470760E+00
-0.22744110E+00
-0.22581321E+00
-0.20835025E+00
-0.20825165E+00
-0.12082027E+00
-0.11713883E+00
-0.11197994E+00
-0.11045412E+00
-0.96590783E-01
-0.94873262E-01
-0.93554487E-01
-0.93131441E-01
-0.90570619E-01
-0.88779399E-01
-0.53585407E-01
-0.53185384E-01
-0.46073567E-01
-0.44810224E-01
-0.32124667E-01
-0.31985571E-01
-0.26842897E-01
-0.26549016E-01
-0.25402971E-01
-0.23554583E-01
-0.16514149E-01
-0.16038949E-01
-0.11443317E-01
-0.10688790E-01
-0.10568569E-01
-0.10047747E-01
-0.62377668E-02
-0.54302630E-02
-0.31151402E-02
-0.22412306E-02
-0.13744411E-02
-0.49207022E-03
-0.37772315E-03
 0.40569879E-03
 0.47969157E-03
 0.12474708E-02
 0.18435370E-02
 0.26974959E-02
 0.42410759E-02
 0.50999001E-02
 0.58230721E-02
 0.68661102E-02
 0.74752763E-02
 0.82259057E-02
 0.92896242E-02
 0.10136258E-01
 0.11207608E-01
 0.13578054E-01
 0.14937904E-01
 0.15145213E-01
 0.15735541E-01
 0.17221818E-01
 0.17585268E-01
 0.18666792E-01
 0.19186717E-01
 0.20006545E-01
 0.20996399E-01
 0.21134393E-01
 0.22409015E-01
 0.22606835E-01
 0.23042100E-01
 0.24122073E-01
 0.26883537E-01
 0.27295393E-01
 0.28381719E-01
 0.29695686E-01
 0.30186761E-01
 0.31626224E-01
 0.32076054E-01
 0.32457432E-01
 0.32812323E-01
 0.33338790E-01
 0.34859937E-01
 0.35064260E-01
 0.37709906E-01
 0.38373296E-01
 0.38670590E-01
 0.38940080E-01
 0.39225662E-01
 0.41363341E-01
 0.41749662E-01
 0.42341954E-01
 0.42923955E-01
 0.43226849E-01
 0.43424018E-01
 0.44824814E-01
 0.45781562E-01
 0.45896128E-01
 0.47929536E-01
 0.48536153E-01
 0.50334847E-01
 0.51004134E-01
 0.52144412E-01
 0.52505066E-01
 0.53980444E-01
 0.55603563E-01
 0.56198434E-01
 0.57331889E-01
 0.58332934E-01
 0.58717787E-01
 0.59465524E-01
 0.60094397E-01
 0.61541413E-01
 0.62083021E-01
 0.63077218E-01
 0.63491946E-01
 0.64312766E-01
 0.65435070E-01
 0.66146928E-01
 0.67337341E-01
 0.68641064E-01
 0.69420037E-01
 0.69887779E-01
 0.70373683E-01
 0.70979255E-01
 0.71892866E-01
 0.72372676E-01
 0.72629223E-01
 0.73424122E-01
 0.73939242E-01
 0.74893607E-01
 0.75619180E-01
 0.75917323E-01
 0.76449787E-01
 0.78109413E-01
 0.79277193E-01
 0.80243021E-01
 0.80840203E-01
 0.80988487E-01
 0.82775820E-01
 0.83271849E-01
 0.84223017E-01
 0.84433306E-01
 0.85639156E-01
 0.85892823E-01
 0.86629148E-01
 0.87440720E-01
 0.88520443E-01
 0.89614386E-01
 0.90096545E-01
 0.90893781E-01
 0.91236875E-01
 0.92145969E-01
 0.92960845E-01
 0.94036614E-01
 0.94666724E-01
 0.95278307E-01
 0.96251103E-01
 0.97101639E-01
 0.98014884E-01
 0.98837846E-01
 0.99456823E-01
 0.99987640E-01
 0.10055669E+00
 0.10168896E+00
 0.10179652E+00
 0.10255154E+00
 0.10308626E+00
 0.10349905E+00
 0.10433245E+00
 0.10471532E+00
 0.10689734E+00
 0.10699606E+00
 0.10756152E+00
 0.10801555E+00
 0.11000753E+00
 0.11068480E+00
 0.11206444E+00
 0.11264633E+00
 0.11367753E+00
 0.11470799E+00
 0.11515498E+00
 0.11688666E+00
 0.11743652E+00
 0.11816966E+00
 0.11869338E+00
 0.11947982E+00
 0.12034001E+00
 0.12084122E+00
 0.12118893E+00
 0.12178691E+00
 0.12197837E+00
 0.12330916E+00
 0.12362268E+00
 0.12463280E+00
 0.12745917E+00
 0.12851436E+00
 0.12873074E+00
 0.12992172E+00
 0.13114323E+00
 0.13133983E+00
 0.13176257E+00
 0.13259585E+00
 0.13350952E+00
 0.13360248E+00
 0.13450892E+00
 0.13544317E+00
 0.13694602E+00
 0.13797019E+00
 0.13809246E+00
 0.13861305E+00
 0.13883353E+00
 0.14035344E+00
 0.14091466E+00
 0.14164690E+00
 0.14226518E+00
 0.14260038E+00
 0.14341981E+00
 0.14394838E+00
 0.14439233E+00
 0.14450528E+00
 0.14483397E+00
 0.14603625E+00
 0.14630889E+00
 0.14729973E+00
 0.14799313E+00
 0.14843384E+00
 0.14873824E+00
 0.14930134E+00
 0.15103830E+00
 0.15140808E+00
 0.15256158E+00
 0.15336866E+00
 0.15489619E+00
 0.15510993E+00
 0.15544493E+00
 0.15583893E+00
 0.15660589E+00
 0.15678545E+00
 0.15719038E+00
 0.15830499E+00
 0.15887538E+00
 0.15937349E+00
 0.15995520E+00
 0.16078872E+00
 0.16104128E+00
 0.16156426E+00
 0.16302681E+00
 0.16321377E+00
 0.16422274E+00
 0.16467137E+00
 0.16523466E+00
 0.16538063E+00
 0.16614855E+00
 0.16669984E+00
 0.16790495E+00
 0.16818974E+00
 0.16892876E+00
 0.16956769E+00
 0.17020525E+00
 0.17072800E+00
 0.17100786E+00
 0.17130536E+00
 0.17239820E+00
 0.17269086E+00
 0.17364988E+00
 0.17459399E+00
 0.17538297E+00
 0.17586291E+00
 0.17605163E+00
 0.17740372E+00
 0.17788545E+00
 0.17822833E+00
 0.17854156E+00
 0.17872393E+00
 0.18011529E+00
 0.18059858E+00
 0.18104822E+00
 0.18203388E+00
 0.18212441E+00
 0.18342649E+00
 0.18348496E+00
 0.18418414E+00
 0.18518325E+00
 0.18626187E+00
 0.18700662E+00
 0.18768677E+00
 0.18785356E+00
 0.18866684E+00
 0.18940507E+00
 0.19033302E+00
 0.19051332E+00
 0.19138287E+00
 0.19170833E+00
 0.19248110E+00
 0.19307540E+00
 0.19407823E+00
 0.19440331E+00
 0.19617227E+00
 0.19775737E+00
 0.19843627E+00
 0.19919205E+00
 0.19945306E+00
 0.20021395E+00
 0.20074100E+00
 0.20182447E+00
 0.20225024E+00
 0.20244838E+00
 0.20306167E+00
 0.20358602E+00
 0.20395653E+00
 0.20542744E+00
 0.20571854E+00
 0.20637793E+00
 0.20717683E+00
 0.20751071E+00
 0.20884254E+00
 0.20939295E+00
 0.21048643E+00
 0.21169487E+00
 0.21266210E+00
 0.21291952E+00
 0.21327730E+00
 0.21479575E+00
 0.21503158E+00
 0.21558585E+00
 0.21586175E+00
 0.21612773E+00
 0.21674896E+00
 0.21785055E+00
 0.21835767E+00
 0.22000284E+00
 0.22041655E+00
 0.22077252E+00
 0.22172514E+00
 0.22212199E+00
 0.22318352E+00
 0.22357505E+00
 0.22430296E+00
 0.22519124E+00
 0.22581134E+00
 0.22595832E+00
 0.22653772E+00
 0.22749660E+00
 0.22786761E+00
 0.22821316E+00
 0.22904717E+00
 0.23016770E+00
 0.23021289E+00
 0.23081373E+00
 0.23111810E+00
 0.23311402E+00
 0.23334877E+00
 0.23345112E+00
 0.23440749E+00
 0.23522504E+00
 0.23590263E+00
 0.23615541E+00
 0.23661833E+00
 0.23755189E+00
 0.23794845E+00
 0.23827052E+00
 0.24007089E+00
 0.24068153E+00
 0.24133461E+00
 0.24165390E+00
 0.24208976E+00
 0.24254552E+00
 0.24301863E+00
 0.24417563E+00
 0.24465919E+00
 0.24489583E+00
 0.24616390E+00
 0.24662957E+00
 0.24858267E+00
 0.24887040E+00
 0.24918438E+00
 0.25021598E+00
 0.25040367E+00
 0.25156249E+00
 0.25257321E+00
 0.25301416E+00
 0.25342523E+00
 0.25403352E+00
 0.25479563E+00
 0.25532747E+00
 0.25577402E+00
 0.25601446E+00
 0.25698046E+00
 0.25725661E+00
 0.25737953E+00
 0.25808405E+00
 0.25854661E+00
 0.25961601E+00
 0.26065429E+00
 0.26197402E+00
 0.26215715E+00
 0.26247264E+00
 0.26317164E+00
 0.26373056E+00
 0.26506296E+00
 0.26573488E+00
 0.26620203E+00
 0.26667285E+00
 0.26736012E+00
 0.26839598E+00
 0.26862612E+00
 0.26958070E+00
 0.26981794E+00
 0.27050186E+00
 0.27130125E+00
 0.27171085E+00
 0.27235041E+00
 0.27286854E+00
 0.27443626E+00
 0.27527153E+00
 0.27600394E+00
 0.27626813E+00
 0.27731099E+00
 0.27749107E+00
 0.27849111E+00
 0.27902515E+00
 0.28007744E+00
 0.28016597E+00
 0.28085021E+00
 0.28115516E+00
 0.28221888E+00
 0.28260226E+00
 0.28319829E+00
 0.28424527E+00
 0.28474590E+00
 0.28519820E+00
 0.28627468E+00
 0.28709075E+00
 0.28733061E+00
 0.28842294E+00
 0.28896431E+00
 0.29052820E+00
 0.29075633E+00
 0.29141307E+00
 0.29223938E+00
 0.29255349E+00
 0.29368194E+00
 0.29395774E+00
 0.29486221E+00
 0.29534459E+00
 0.29650390E+00
 0.29726214E+00
 0.29742658E+00
 0.29824709E+00
 0.29889391E+00
 0.29961467E+00
 0.29979464E+00
 0.30108011E+00
 0.30151867E+00
 0.30268653E+00
 0.30309032E+00
 0.30359400E+00
 0.30438663E+00
 0.30518736E+00
 0.30634144E+00
 0.30706705E+00
 0.30773783E+00
 0.30817254E+00
 0.30924470E+00
 0.31027459E+00
 0.31134503E+00
 0.31158681E+00
 0.31248166E+00
 0.31274665E+00
 0.31308110E+00
 0.31332475E+00
 0.31427316E+00
 0.31502796E+00
 0.31550358E+00
 0.31608185E+00
 0.31764649E+00
 0.31905456E+00
 0.31914996E+00
 0.31934209E+00
 0.32035747E+00
 0.32124732E+00
 0.32228077E+00
 0.32342619E+00
 0.32378922E+00
 0.32412727E+00
 0.32505565E+00
 0.32561852E+00
 0.32592459E+00
 0.32640482E+00
 0.32670989E+00
 0.32768315E+00
 0.32830306E+00
 0.32885752E+00
 0.32917048E+00
 0.33002236E+00
 0.33038387E+00
 0.33103987E+00
 0.33209193E+00
 0.33292526E+00
 0.33367722E+00
 0.33390649E+00
 0.33430378E+00
 0.33533557E+00
 0.33599548E+00
 0.33662722E+00
 0.33714945E+00
 0.33810546E+00
 0.33871003E+00
 0.33979795E+00
 0.34079718E+00
 0.34126250E+00
 0.34172073E+00
 0.34325205E+00
 0.34405889E+00
 0.34446245E+00
 0.34561085E+00
 0.34607897E+00
 0.34722333E+00
 0.34779260E+00
 0.34866821E+00
 0.34898934E+00
 0.34969040E+00
 0.35118244E+00
 0.35164563E+00
 0.35259809E+00
 0.35371186E+00
 0.35448526E+00
 0.35554385E+00
 0.35579600E+00
 0.35681117E+00
 0.35803832E+00
 0.35893912E+00
 0.35950947E+00
 0.36013635E+00
 0.36067625E+00
 0.36200188E+00
 0.36227105E+00
 0.36288721E+00
 0.36325126E+00
 0.36348065E+00
 0.36535908E+00
 0.36574876E+00
 0.36625488E+00
 0.36771816E+00
 0.36795074E+00
 0.36887491E+00
 0.36942524E+00
 0.37018419E+00
 0.37071473E+00
 0.37152341E+00
 0.37213207E+00
 0.37334143E+00
 0.37389704E+00
 0.37429436E+00
 0.37485383E+00
 0.37566792E+00
 0.37604854E+00
 0.37723112E+00
 0.37769678E+00
 0.37914003E+00
 0.38010362E+00
 0.38018495E+00
 0.38139661E+00
 0.38254871E+00
 0.38287857E+00
 0.38403373E+00
 0.38569661E+00
 0.38643748E+00
 0.38661701E+00
 0.38753521E+00
 0.38803496E+00
 0.38835463E+00
 0.38963940E+00
 0.39119910E+00
 0.39188874E+00
 0.39234933E+00
 0.39358578E+00
 0.39526434E+00
 0.39551940E+00
 0.39613718E+00
 0.39659929E+00
 0.39871315E+00
 0.39989697E+00
 0.40044457E+00
 0.40143164E+00
 0.40223612E+00
 0.40332759E+00
 0.40474333E+00
 0.40606586E+00
 0.40675175E+00
 0.40714986E+00
 0.40822390E+00
 0.40877822E+00
 0.40970875E+00
 0.40971700E+00
 0.41084027E+00
 0.41126269E+00
 0.41221451E+00
 0.41324412E+00
 0.41400185E+00
 0.41497671E+00
 0.41561456E+00
 0.41592775E+00
 0.41796042E+00
 0.41878811E+00
 0.41917213E+00
 0.41980326E+00
 0.42145597E+00
 0.42245795E+00
 0.42318502E+00
 0.42519720E+00
 0.42606511E+00
 0.42680534E+00
 0.42831710E+00
 0.42996317E+00
 0.43097508E+00
 0.43194258E+00
 0.43553245E+00
 0.43599941E+00
 0.43681793E+00
 0.43734767E+00
 0.43981095E+00
 0.44033625E+00
 0.44173617E+00
 0.44230652E+00
 0.44260998E+00
 0.44558586E+00
 0.44728189E+00
 0.44823307E+00
 0.44995801E+00
 0.45263919E+00
 0.45346091E+00
 0.45556238E+00
 0.45833785E+00
 0.45926038E+00
 0.46124535E+00
 0.46206128E+00
 0.46364337E+00
 0.46398655E+00
 0.46450329E+00
 0.46536459E+00
 0.46803437E+00
 0.46843475E+00
 0.46926619E+00
 0.47040365E+00
 0.47360326E+00
 0.47470827E+00
 0.47649359E+00
 0.47806361E+00
 0.47855446E+00
 0.47929984E+00
 0.48027434E+00
 0.48203302E+00
 0.48280415E+00
 0.48401314E+00
 0.48559660E+00
 0.48762716E+00
 0.48797012E+00
 0.48877618E+00
 0.49047227E+00
 0.49227575E+00
 0.49285425E+00
 0.49466439E+00
 0.49587109E+00
 0.49705363E+00
 0.49914987E+00
 0.50080345E+00
 0.50215754E+00
 0.50426930E+00
 0.50559153E+00
 0.50645050E+00
 0.50791636E+00
 0.50888518E+00
 0.51157459E+00
 0.51290417E+00
 0.51459495E+00
 0.51605137E+00
 0.51748633E+00
 0.52064107E+00
 0.52280100E+00
 0.52493685E+00
 0.52714065E+00
 0.52830430E+00
 0.53013273E+00
 0.53207575E+00
 0.53309698E+00
 0.53565867E+00
 0.53622874E+00
 0.53748299E+00
 0.53980450E+00
 0.54029672E+00
 0.54421845E+00
 0.54828403E+00
 0.54888236E+00
 0.55088686E+00
 0.55301643E+00
 0.55367189E+00
 0.55493086E+00
 0.55794016E+00
 0.55833140E+00
 0.56096358E+00
 0.56203166E+00
 0.56380384E+00
 0.56609198E+00
 0.56622656E+00
 0.56843137E+00
 0.57021504E+00
 0.57446153E+00
 0.57658477E+00
 0.58374065E+00
 0.58432464E+00
 0.58700014E+00
 0.58850699E+00
 0.59222077E+00
 0.59287685E+00
 0.59595952E+00
 0.59790470E+00
 0.60062974E+00
 0.60159148E+00
 0.60391213E+00
 0.60656633E+00
 0.61356121E+00
 0.61544245E+00
 0.61674821E+00
 0.61744643E+00
 0.62354782E+00
 0.62434401E+00
 0.62807607E+00
 0.62866920E+00
 0.63279346E+00
 0.63680151E+00
 0.63764992E+00
 0.63860660E+00
 0.63957986E+00
 0.64112106E+00
 0.64250315E+00
 0.64516644E+00
 0.64539372E+00
 0.64743266E+00
 0.64776008E+00
 0.64857106E+00
 0.65101235E+00
 0.65321452E+00
 0.65363569E+00
 0.65417901E+00
 0.65569202E+00
 0.65718073E+00
 0.65999031E+00
 0.66058890E+00
 0.66301602E+00
 0.66738824E+00
 0.66844142E+00
 0.66999510E+00
 0.67160717E+00
 0.67238917E+00
 0.67262521E+00
 0.67428007E+00
 0.67610004E+00
 0.67749807E+00
 0.67969337E+00
 0.68100315E+00
 0.68173601E+00
 0.68219554E+00
 0.68306662E+00
 0.68397546E+00
 0.68561387E+00
 0.68733278E+00
 0.68814734E+00
 0.68893465E+00
 0.68992687E+00
 0.69026219E+00
 0.69066405E+00
 0.69109613E+00
 0.69349670E+00
 0.69499095E+00
 0.69760737E+00
 0.69901170E+00
 0.70015344E+00
 0.70079852E+00
 0.70165156E+00
 0.70207234E+00
 0.70371993E+00
 0.70572230E+00
 0.70637100E+00
 0.70641295E+00
 0.70858263E+00
 0.70947548E+00
 0.71156421E+00
 0.71282274E+00
 0.71579173E+00
 0.71681499E+00
 0.71702228E+00
 0.71748039E+00
 0.71979395E+00
 0.72045347E+00
 0.72075342E+00
 0.72291632E+00
 0.72366401E+00
 0.72494304E+00
 0.72650655E+00
 0.72854473E+00
 0.72965452E+00
 0.73037199E+00
 0.73178605E+00
 0.73244289E+00
 0.73340728E+00
 0.73389493E+00
 0.73414242E+00
 0.73553886E+00
 0.73776525E+00
 0.73896088E+00
 0.74083700E+00
 0.74205649E+00
 0.74323513E+00
 0.74459391E+00
 0.74476904E+00
 0.74591830E+00
 0.74744130E+00
 0.74763572E+00
 0.74926134E+00
 0.75093941E+00
 0.75213532E+00
 0.75320229E+00
 0.75419095E+00
 0.75786706E+00
 0.75901269E+00
 0.75970904E+00
 0.76167458E+00
 0.76336767E+00
 0.76414074E+00
 0.76513516E+00
 0.76538382E+00
 0.76606193E+00
 0.76757175E+00
 0.77023144E+00
 0.77231843E+00
 0.77295676E+00
 0.77419472E+00
 0.77497890E+00
 0.77976593E+00
 0.78054381E+00
 0.78094712E+00
 0.78190764E+00
 0.78377617E+00
 0.78474694E+00
 0.78568010E+00
 0.78660544E+00
 0.78678075E+00
 0.78887665E+00
 0.79012746E+00
 0.79220349E+00
 0.79248961E+00
 0.79415755E+00
 0.79528979E+00
 0.79656368E+00
 0.79737914E+00
 0.79903584E+00
 0.80036682E+00
 0.80116700E+00
 0.80339118E+00
 0.80473432E+00
 0.80639766E+00
 0.80805642E+00
 0.81035972E+00
 0.81081167E+00
 0.81422288E+00
 0.81429867E+00
 0.81556141E+00
 0.81634228E+00
 0.81658385E+00
 0.81918054E+00
 0.81967815E+00
 0.82206612E+00
 0.82243428E+00
 0.82365332E+00
 0.82597944E+00
 0.82768373E+00
 0.82878189E+00
 0.83023234E+00
 0.83129126E+00
 0.83232701E+00
 0.83346121E+00
 0.83410221E+00
 0.83630733E+00
 0.83698494E+00
 0.83804651E+00
 0.83962394E+00
 0.84046742E+00
 0.84079235E+00
 0.84259680E+00
 0.84336241E+00
 0.84578860E+00
 0.84618786E+00
 0.84732397E+00
 0.84836482E+00
 0.84964547E+00
 0.85019924E+00
 0.85176702E+00
 0.85332266E+00
 0.85461957E+00
 0.85675313E+00
 0.85867157E+00
 0.85916273E+00
 0.86048116E+00
 0.86346726E+00
 0.86360982E+00
 0.86495017E+00
 0.86590210E+00
 0.86929228E+00
 0.87041550E+00
 0.87226523E+00
 0.87455064E+00
 0.87736511E+00
 0.87849451E+00
 0.88071274E+00
 0.88107562E+00
 0.88218803E+00
 0.88419013E+00
 0.88514873E+00
 0.88579228E+00
 0.88614273E+00
 0.88759688E+00
 0.88963264E+00
 0.89034962E+00
 0.89365869E+00
 0.89849881E+00
 0.90027709E+00
 0.90043629E+00
 0.90153942E+00
 0.90286743E+00
 0.90486975E+00
 0.90586540E+00
 0.90753565E+00
 0.90950748E+00
 0.91067404E+00
 0.91129759E+00
 0.91216801E+00
 0.91517150E+00
 0.91628292E+00
 0.91714869E+00
 0.91804852E+00
 0.92074818E+00
 0.92136213E+00
 0.92276300E+00
 0.92520582E+00
 0.92886140E+00
 0.93258895E+00
 0.93384683E+00
 0.93548751E+00
 0.93696963E+00
 0.93809813E+00
 0.93885004E+00
 0.94125865E+00
 0.94243606E+00
 0.94573115E+00
 0.94747827E+00
 0.94791508E+00
 0.94987084E+00
 0.95146203E+00
 0.95201503E+00
 0.95547242E+00
 0.95726014E+00
 0.95871323E+00
 0.96012503E+00
 0.96135737E+00
 0.96158497E+00
 0.96544435E+00
 0.96640811E+00
 0.96826394E+00
 0.97166501E+00
 0.97189050E+00
 0.97316167E+00
 0.97382891E+00
 0.97494046E+00
 0.97816149E+00
 0.98181079E+00
 0.98222621E+00
 0.98437287E+00
 0.98611024E+00
 0.98961187E+00
 0.99210823E+00
 0.99316766E+00
 0.99344025E+00
 0.99547526E+00
 0.99706585E+00
 0.99805099E+00
 0.99894293E+00
 0.99970703E+00
 0.10003899E+01
 0.10014070E+01
 0.10028879E+01
 0.10045962E+01
 0.10050934E+01
 0.10061484E+01
 0.10065096E+01
 0.10084019E+01
 0.10089037E+01
 0.10116252E+01
 0.10121761E+01
 0.10143797E+01
 0.10166856E+01
 0.10178531E+01
 0.10183644E+01
 0.10222623E+01
 0.10241320E+01
 0.10257657E+01
 0.10279314E+01
 0.10297481E+01
 0.10307746E+01
 0.10320185E+01
 0.10344710E+01
 0.10355923E+01
 0.10377729E+01
 0.10383353E+01
 0.10405667E+01
 0.10417529E+01
 0.10421740E+01
 0.10434450E+01
 0.10468425E+01
 0.10473052E+01
 0.10483312E+01
 0.10491221E+01
 0.10498202E+01
 0.10524479E+01
 0.10531117E+01
 0.10559035E+01
 0.10566950E+01
 0.10580483E+01
 0.10595248E+01
 0.10643369E+01
 0.10662118E+01
 0.10675796E+01
 0.10686583E+01
 0.10711701E+01
 0.10728178E+01
 0.10739658E+01
 0.10761651E+01
 0.10771694E+01
 0.10784086E+01
 0.10801774E+01
 0.10833405E+01
 0.10843105E+01
 0.10866921E+01
 0.10871246E+01
 0.10889900E+01
 0.10905163E+01
 0.10919211E+01
 0.10925421E+01
 0.10950111E+01
 0.10970706E+01
 0.11009039E+01
 0.11017994E+01
 0.11039040E+01
 0.11062346E+01
 0.11078079E+01
 0.11095710E+01
 0.11099754E+01
 0.11117078E+01
 0.11135642E+01
 0.11138022E+01
 0.11158205E+01
 0.11202363E+01
 0.11218651E+01
 0.11226899E+01
 0.11251978E+01
 0.11294662E+01
 0.11303060E+01
 0.11307154E+01
 0.11310423E+01
 0.11319281E+01
 0.11325963E+01
 0.11338054E+01
 0.11356024E+01
 0.11361407E+01
 0.11391878E+01
 0.11407672E+01
 0.11415747E+01
 0.11438710E+01
 0.11453181E+01
 0.11456386E+01
 0.11470800E+01
 0.11474758E+01
 0.11504869E+01
 0.11528281E+01
 0.11529191E+01
 0.11551019E+01
 0.11561733E+01
 0.11584806E+01
 0.11595547E+01
 0.11603734E+01
 0.11619240E+01
 0.11621639E+01
 0.11660494E+01
 0.11666386E+01
 0.11670866E+01
 0.11696324E+01
 0.11718358E+01
 0.11739864E+01
 0.11744043E+01
 0.11754722E+01
 0.11763265E+01
 0.11779992E+01
 0.11801720E+01
 0.11820011E+01
 0.11824158E+01
 0.11834558E+01
 0.11839510E+01
 0.11850042E+01
 0.11859838E+01
 0.11875633E+01
 0.11886070E+01
 0.11908206E+01
 0.11927980E+01
 0.11961839E+01
 0.11970818E+01
 0.11994543E+01
 0.12029726E+01
 0.12044718E+01
 0.12061994E+01
 0.12084698E+01
 0.12106277E+01
 0.12125501E+01
 0.12141462E+01
 0.12154659E+01
 0.12163918E+01
 0.12170506E+01
 0.12188538E+01
 0.12214092E+01
 0.12235632E+01
 0.12255001E+01
 0.12273244E+01
 0.12284645E+01
 0.12320642E+01
 0.12333681E+01
 0.12345999E+01
 0.12366896E+01
 0.12374120E+01
 0.12381605E+01
 0.12392569E+01
 0.12407057E+01
 0.12454651E+01
 0.12469294E+01
 0.12477877E+01
 0.12481083E+01
 0.12494597E+01
 0.12504065E+01
 0.12512071E+01
 0.12528684E+01
 0.12537855E+01
 0.12545243E+01
 0.12552943E+01
 0.12561088E+01
 0.12604783E+01
 0.12614258E+01
 0.12624094E+01
 0.12642892E+01
 0.12659791E+01
 0.12668159E+01
 0.12673090E+01
 0.12689811E+01
 0.12707809E+01
 0.12725938E+01
 0.12736245E+01
 0.12741818E+01
 0.12756926E+01
 0.12764718E+01
 0.12775970E+01
 0.12785335E+01
 0.12797657E+01
 0.12813722E+01
 0.12824181E+01
 0.12832790E+01
 0.12851077E+01
 0.12854492E+01
 0.12864834E+01
 0.12873816E+01
 0.12883959E+01
 0.12891843E+01
 0.12906280E+01
 0.12918326E+01
 0.12931431E+01
 0.12950194E+01
 0.12962370E+01
 0.12981232E+01
 0.12982854E+01
 0.12993142E+01
 0.13005458E+01
 0.13028662E+01
 0.13039904E+01
 0.13056016E+01
 0.13065293E+01
 0.13071276E+01
 0.13089084E+01
 0.13102429E+01
 0.13117877E+01
 0.13135967E+01
 0.13149834E+01
 0.13179358E+01
 0.13185468E+01
 0.13198814E+01
 0.13220554E+01
 0.13224735E+01
 0.13238243E+01
 0.13260781E+01
 0.13290117E+01
 0.13316484E+01
 0.13330377E+01
 0.13337929E+01
 0.13350973E+01
 0.13360826E+01
 0.13363926E+01
 0.13372401E+01
 0.13382924E+01
 0.13401239E+01
 0.13406975E+01
 0.13408154E+01
 0.13438941E+01
 0.13474181E+01
 0.13481444E+01
 0.13489396E+01
 0.13508929E+01
 0.13533323E+01
 0.13535237E+01
 0.13548005E+01
 0.13562847E+01
 0.13580111E+01
 0.13592959E+01
 0.13612527E+01
 0.13618073E+01
 0.13620009E+01
 0.13630761E+01
 0.13634432E+01
 0.13640930E+01
 0.13654720E+01
 0.13656822E+01
 0.13672812E+01
 0.13676211E+01
 0.13699781E+01
 0.13708154E+01
 0.13730669E+01
 0.13744896E+01
 0.13768757E+01
 0.13776251E+01
 0.13801271E+01
 0.13804874E+01
 0.13816780E+01
 0.13841056E+01
 0.13875855E+01
 0.13908874E+01
 0.13920761E+01
 0.13964210E+01
 0.13989433E+01
 0.14033217E+01
 0.14048161E+01
 0.14059278E+01
 0.14065770E+01
 0.14088861E+01
 0.14092059E+01
 0.14100604E+01
 0.14107992E+01
 0.14122638E+01
 0.14179116E+01
 0.14202621E+01
 0.14224931E+01
 0.14256319E+01
 0.14273813E+01
 0.14290983E+01
 0.14318013E+01
 0.14332743E+01
 0.14343317E+01
 0.14388854E+01
 0.14421616E+01
 0.14447643E+01
 0.14465138E+01
 0.14479937E+01
 0.14529743E+01
 0.14545702E+01
 0.14552134E+01
 0.14581807E+01
 0.14588602E+01
 0.14626031E+01
 0.14644219E+01
 0.14660906E+01
 0.14674254E+01
 0.14693727E+01
 0.14700962E+01
 0.14735296E+01
 0.14739770E+01
 0.14750131E+01
 0.14791976E+01
 0.14799482E+01
 0.14812791E+01
 0.14825402E+01
 0.14836123E+01
 0.14860615E+01
 0.14863301E+01
 0.14873567E+01
 0.14905734E+01
 0.14983137E+01
 0.14996619E+01
 0.15045679E+01
 0.15073724E+01
 0.15085479E+01
 0.15095818E+01
 0.15104645E+01
 0.15116841E+01
 0.15131339E+01
 0.15158871E+01
 0.15205464E+01
 0.15224290E+01
 0.15263921E+01
 0.15329183E+01
 0.15363715E+01
 0.15380017E+01
 0.15402288E+01
 0.15419217E+01
 0.15428402E+01
 0.15479202E+01
 0.15509237E+01
 0.15545326E+01
 0.15582120E+01
 0.15589002E+01
 0.15602487E+01
 0.15613583E+01
 0.15621540E+01
 0.15708573E+01
 0.15717922E+01
 0.15732851E+01
 0.15756668E+01
 0.15773420E+01
 0.15782155E+01
 0.15794090E+01
 0.15804252E+01
 0.15835943E+01
 0.15845706E+01
 0.15852894E+01
 0.15903993E+01
 0.15907093E+01
 0.15968331E+01
 0.15973646E+01
 0.15975254E+01
 0.15989996E+01
 0.15995220E+01
 0.16017408E+01
 0.16071547E+01
 0.16100868E+01
 0.16109534E+01
 0.16116771E+01
 0.16134692E+01
 0.16138959E+01
 0.16156065E+01
 0.16227267E+01
 0.16267058E+01
 0.16284540E+01
 0.16330461E+01
 0.16344129E+01
 0.16354351E+01
 0.16372441E+01
 0.16394632E+01
 0.16401322E+01
 0.16458917E+01
 0.16467287E+01
 0.16492443E+01
 0.16511599E+01
 0.16513686E+01
 0.16528035E+01
 0.16544399E+01
 0.16546270E+01
 0.16576726E+01
 0.16595788E+01
 0.16610473E+01
 0.16622659E+01
 0.16632449E+01
 0.16645202E+01
 0.16655981E+01
 0.16671928E+01
 0.16686026E+01
 0.16719385E+01
 0.16743973E+01
 0.16763437E+01
 0.16799162E+01
 0.16836225E+01
 0.16857817E+01
 0.16872317E+01
 0.16904217E+01
 0.16915265E+01
 0.16934108E+01
 0.16946444E+01
 0.16970872E+01
 0.17024759E+01
 0.17051664E+01
 0.17053203E+01
 0.17069107E+01
 0.17133605E+01
 0.17134732E+01
 0.17140542E+01
 0.17153180E+01
 0.17165313E+01
 0.17180010E+01
 0.17194697E+01
 0.17213531E+01
 0.17227601E+01
 0.17264465E+01
 0.17276933E+01
 0.17282674E+01
 0.17289232E+01
 0.17293179E+01
 0.17318017E+01
 0.17323597E+01
 0.17332323E+01
 0.17337731E+01
 0.17345047E+01
 0.17379740E+01
 0.17397635E+01
 0.17408598E+01
 0.17409858E+01
 0.17420289E+01
 0.17429018E+01
 0.17441400E+01
 0.17465799E+01
 0.17499527E+01
 0.17520870E+01
 0.17522881E+01
 0.17535548E+01
 0.17539855E+01
 0.17542944E+01
 0.17572130E+01
 0.17583612E+01
 0.17608260E+01
 0.17625655E+01
 0.17636446E+01
 0.17640060E+01
 0.17655282E+01
 0.17668781E+01
 0.17671799E+01
 0.17689052E+01
 0.17700119E+01
 0.17707317E+01
 0.17722608E+01
 0.17722849E+01
 0.17741416E+01
 0.17751883E+01
 0.17756738E+01
 0.17772946E+01
 0.17795450E+01
 0.17814108E+01
 0.17829380E+01
 0.17833153E+01
 0.17853367E+01
 0.17873312E+01
 0.17890009E+01
 0.17901558E+01
 0.17918860E+01
 0.17920000E+01
 0.17936981E+01
 0.17950899E+01
 0.17979131E+01
 0.18016460E+01
 0.18034428E+01
 0.18037383E+01
 0.18049547E+01
 0.18054478E+01
 0.18071300E+01
 0.18079333E+01
 0.18104510E+01
 0.18115678E+01
 0.18116366E+01
 0.18124996E+01
 0.18143431E+01
 0.18165436E+01
 0.18184723E+01
 0.18194053E+01
 0.18203767E+01
 0.18220378E+01
 0.18235274E+01
 0.18251361E+01
 0.18259392E+01
 0.18275176E+01
 0.18295339E+01
 0.18305854E+01
 0.18318105E+01
 0.18322644E+01
 0.18327714E+01
 0.18368375E+01
 0.18377824E+01
 0.18410929E+01
 0.18414630E+01
 0.18440616E+01
 0.18447776E+01
 0.18458668E+01
 0.18486476E+01
 0.18505421E+01
 0.18517167E+01
 0.18560856E+01
 0.18578874E+01
 0.18592122E+01
 0.18612969E+01
 0.18651523E+01
 0.18659225E+01
 0.18669333E+01
 0.18684608E+01
 0.18691152E+01
 0.18698483E+01
 0.18706272E+01
 0.18715079E+01
 0.18757065E+01
 0.18778186E+01
 0.18810120E+01
 0.18818813E+01
 0.18835742E+01
 0.18861989E+01
 0.18897527E+01
 0.18900095E+01
 0.18918196E+01
 0.18931407E+01
 0.18978088E+01
 0.19011444E+01
 0.19030228E+01
 0.19042395E+01
 0.19043129E+01
 0.19054521E+01
 0.19074509E+01
 0.19098267E+01
 0.19124212E+01
 0.19136480E+01
 0.19191649E+01
 0.19205979E+01
 0.19243633E+01
 0.19247521E+01
 0.19273918E+01
 0.19303320E+01
 0.19310301E+01
 0.19315099E+01
 0.19325815E+01
 0.19343974E+01
 0.19361736E+01
 0.19379455E+01
 0.19395024E+01
 0.19418178E+01
 0.19461178E+01
 0.19466542E+01
 0.19530863E+01
 0.19554475E+01
 0.19571767E+01
 0.19595505E+01
 0.19597901E+01
 0.19631724E+01
 0.19649490E+01
 0.19698407E+01
 0.19708809E+01
 0.19728781E+01
 0.19785783E+01
 0.19791664E+01
 0.19818531E+01
 0.19836121E+01
 0.19860101E+01
 0.19873739E+01
 0.19880123E+01
 0.19887062E+01
 0.19900315E+01
 0.19912666E+01
 0.19929273E+01
 0.19947231E+01
 0.19952582E+01
 0.19964710E+01
 0.20004468E+01
 0.20023898E+01
 0.20037659E+01
 0.20100580E+01
 0.20145491E+01
 0.20152511E+01
 0.20158911E+01
 0.20171725E+01
 0.20194751E+01
 0.20217767E+01
 0.20231552E+01
 0.20241813E+01
 0.20248848E+01
 0.20265732E+01
 0.20282525E+01
 0.20295007E+01
 0.20316917E+01
 0.20323209E+01
 0.20399615E+01
 0.20433369E+01
 0.20442351E+01
 0.20448691E+01
 0.20468706E+01
 0.20497684E+01
 0.20505071E+01
 0.20510513E+01
 0.20549145E+01
 0.20574227E+01
 0.20586439E+01
 0.20607828E+01
 0.20674023E+01
 0.20675405E+01
 0.20692289E+01
 0.20708279E+01
 0.20726863E+01
 0.20734287E+01
 0.20744505E+01
 0.20748320E+01
 0.20790040E+01
 0.20824198E+01
 0.20845912E+01
 0.20868341E+01
 0.20913830E+01
 0.20977185E+01
 0.20984633E+01
 0.20996644E+01
 0.21033655E+01
 0.21040614E+01
 0.21061287E+01
 0.21077533E+01
 0.21086102E+01
 0.21099127E+01
 0.21105689E+01
 0.21111028E+01
 0.21128655E+01
 0.21156674E+01
 0.21169647E+01
 0.21178665E+01
 0.21202967E+01
 0.21229427E+01
 0.21244797E+01
 0.21254745E+01
 0.21268183E+01
 0.21284545E+01
 0.21301334E+01
 0.21319297E+01
 0.21327666E+01
 0.21332684E+01
 0.21337674E+01
 0.21346399E+01
 0.21364909E+01
 0.21398860E+01
 0.21426541E+01
 0.21457158E+01
 0.21462869E+01
 0.21475669E+01
 0.21488228E+01
 0.21509165E+01
 0.21543677E+01
 0.21554925E+01
 0.21568476E+01
 0.21594579E+01
 0.21604143E+01
 0.21626725E+01
 0.21641993E+01
 0.21668928E+01
 0.21674358E+01
 0.21678229E+01
 0.21709991E+01
 0.21726033E+01
 0.21750226E+01
 0.21762758E+01
 0.21780851E+01
 0.21801916E+01
 0.21817430E+01
 0.21855203E+01
 0.21890888E+01
 0.21917137E+01
 0.21936973E+01
 0.21955817E+01
 0.21965842E+01
 0.21983067E+01
 0.22002143E+01
 0.22019542E+01
 0.22033515E+01
 0.22053359E+01
 0.22074779E+01
 0.22096592E+01
 0.22102986E+01
 0.22128241E+01
 0.22134421E+01
 0.22166567E+01
 0.22176894E+01
 0.22206958E+01
 0.22222050E+01
 0.22235168E+01
 0.22253900E+01
 0.22307896E+01
 0.22314948E+01
 0.22317498E+01
 0.22344758E+01
 0.22350470E+01
 0.22423329E+01
 0.22435306E+01
 0.22479559E+01
 0.22524606E+01
 0.22567703E+01
 0.22576902E+01
 0.22581280E+01
 0.22637253E+01
 0.22646429E+01
 0.22678658E+01
 0.22736329E+01
 0.22738112E+01
 0.22752383E+01
 0.22781490E+01
 0.22789484E+01
 0.22821864E+01
 0.22849710E+01
 0.22876157E+01
 0.22909754E+01
 0.22915179E+01
 0.22935643E+01
 0.23017232E+01
 0.23054701E+01
 0.23085617E+01
 0.23129024E+01
 0.23137885E+01
 0.23182031E+01
 0.23196246E+01
 0.23236799E+01
 0.23240298E+01
 0.23242300E+01
 0.23246868E+01
 0.23283510E+01
 0.23316818E+01
 0.23321541E+01
 0.23349326E+01
 0.23372534E+01
 0.23386394E+01
 0.23388008E+01
 0.23447500E+01
 0.23473904E+01
 0.23481468E+01
 0.23491546E+01
 0.23505313E+01
 0.23514828E+01
 0.23530627E+01
 0.23546664E+01
 0.23558919E+01
 0.23582711E+01
 0.23607302E+01
 0.23640231E+01
 0.23659208E+01
 0.23663916E+01
 0.23735904E+01
 0.23743568E+01
 0.23745159E+01
 0.23777518E+01
 0.23794381E+01
 0.23825128E+01
 0.23854994E+01
 0.23880632E+01
 0.23918268E+01
 0.23934026E+01
 0.23939811E+01
 0.24000365E+01
 0.24013673E+01
 0.24018184E+01
 0.24047131E+01
 0.24094737E+01
 0.24145846E+01
 0.24167528E+01
 0.24186393E+01
 0.24202794E+01
 0.24209971E+01
 0.24216423E+01
 0.24234425E+01
 0.24246660E+01
 0.24322854E+01
 0.24365648E+01
 0.24384942E+01
 0.24405150E+01
 0.24431441E+01
 0.24452706E+01
 0.24482786E+01
 0.24511018E+01
 0.24532381E+01
 0.24536946E+01
 0.24561837E+01
 0.24573572E+01
 0.24589607E+01
 0.24613817E+01
 0.24630984E+01
 0.24642752E+01
 0.24689997E+01
 0.24738666E+01
 0.24750389E+01
 0.24778538E+01
 0.24835244E+01
 0.24850401E+01
 0.24861632E+01
 0.24906265E+01
 0.25004932E+01
 0.25020341E+01
 0.25021839E+01
 0.25050662E+01
 0.25065174E+01
 0.25112445E+01
 0.25183643E+01
 0.25196021E+01
 0.25208251E+01
 0.25211188E+01
 0.25215638E+01
 0.25239530E+01
 0.25255529E+01
 0.25281040E+01
 0.25363583E+01
 0.25378304E+01
 0.25416629E+01
 0.25453470E+01
 0.25469286E+01
 0.25499241E+01
 0.25520665E+01
 0.25560277E+01
 0.25593408E+01
 0.25621683E+01
 0.25678041E+01
 0.25708931E+01
 0.25716331E+01
 0.25753612E+01
 0.25760803E+01
 0.25783283E+01
 0.25831987E+01
 0.25837235E+01
 0.25867057E+01
 0.25871109E+01
 0.25893826E+01
 0.25919454E+01
 0.26001954E+01
 0.26072757E+01
 0.26078315E+01
 0.26148143E+01
 0.26191132E+01
 0.26193792E+01
 0.26228301E+01
 0.26236640E+01
 0.26274729E+01
 0.26284367E+01
 0.26333634E+01
 0.26360456E+01
 0.26366307E+01
 0.26380673E+01
 0.26424913E+01
 0.26441287E+01
 0.26480969E+01
 0.26488030E+01
 0.26542903E+01
 0.26670610E+01
 0.26715018E+01
 0.26722475E+01
 0.26741239E+01
 0.26777300E+01
 0.26826928E+01
 0.26843752E+01
 0.26844682E+01
 0.26865690E+01
 0.26889092E+01
 0.26891585E+01
 0.26922397E+01
 0.26967163E+01
 0.26970843E+01
 0.27007600E+01
 0.27008186E+01
 0.27027734E+01
 0.27043275E+01
 0.27066924E+01
 0.27088777E+01
 0.27100596E+01
 0.27119326E+01
 0.27157545E+01
 0.27172808E+01
 0.27191813E+01
 0.27221723E+01
 0.27252564E+01
 0.27275873E+01
 0.27294795E+01
 0.27310779E+01
 0.27317244E+01
 0.27335425E+01
 0.27359023E+01
 0.27494913E+01
 0.27502526E+01
 0.27505814E+01
 0.27533669E+01
 0.27553226E+01
 0.27600493E+01
 0.27621225E+01
 0.27626542E+01
 0.27650797E+01
 0.27713555E+01
 0.27799435E+01
 0.27927719E+01
 0.27959306E+01
 0.27994446E+01
 0.28041164E+01
 0.28092615E+01
 0.28142377E+01
 0.28148220E+01
 0.28163112E+01
 0.28174972E+01
 0.28176166E+01
 0.28206903E+01
 0.28244531E+01
 0.28260117E+01
 0.28270367E+01
 0.28273600E+01
 0.28327932E+01
 0.28350578E+01
 0.28370998E+01
 0.28410885E+01
 0.28474474E+01
 0.28532563E+01
 0.28576681E+01
 0.28607559E+01
 0.28629592E+01
 0.28638710E+01
 0.28654842E+01
 0.28683547E+01
 0.28693058E+01
 0.28712610E+01
 0.28719790E+01
 0.28754879E+01
 0.28814266E+01
 0.28828283E+01
 0.28852154E+01
 0.28881295E+01
 0.28885591E+01
 0.28948180E+01
 0.28974769E+01
 0.28989641E+01
 0.28994422E+01
 0.29057225E+01
 0.29117425E+01
 0.29145878E+01
 0.29179973E+01
 0.29194769E+01
 0.29210296E+01
 0.29274083E+01
 0.29288730E+01
 0.29315291E+01
 0.29370368E+01
 0.29399251E+01
 0.29433071E+01
 0.29461050E+01
 0.29462548E+01
 0.29482280E+01
 0.29533617E+01
 0.29538313E+01
 0.29556793E+01
 0.29572840E+01
 0.29631474E+01
 0.29695772E+01
 0.29743095E+01
 0.29792001E+01
 0.29812031E+01
 0.29840518E+01
 0.29912595E+01
 0.29936304E+01
 0.29959598E+01
 0.30055067E+01
 0.30077117E+01
 0.30085633E+01
 0.30138116E+01
 0.30176075E+01
 0.30213001E+01
 0.30323517E+01
 0.30370505E+01
 0.30482642E+01
 0.30493195E+01
 0.30524453E+01
 0.30534369E+01
 0.30601390E+01
 0.30722740E+01
 0.30734332E+01
 0.30773656E+01
 0.30860510E+01
 0.30869982E+01
 0.30898534E+01
 0.30962146E+01
 0.31086994E+01
 0.31099115E+01
 0.31162033E+01
 0.31165050E+01
 0.31383383E+01
 0.31408434E+01
 0.31443648E+01
 0.31468308E+01
 0.31515479E+01
 0.31579514E+01
 0.31611641E+01
 0.31660600E+01
 0.31676838E+01
 0.31692676E+01
 0.31748144E+01
 0.31810072E+01
 0.31901465E+01
 0.31936709E+01
 0.32044744E+01
 0.32066224E+01
 0.32099130E+01
 0.32107547E+01
 0.32144348E+01
 0.32175125E+01
 0.32195387E+01
 0.32202936E+01
 0.32367795E+01
 0.32420620E+01
 0.32543622E+01
 0.32548034E+01
 0.32581915E+01
 0.32599729E+01
 0.32727566E+01
 0.32736910E+01
 0.32773852E+01
 0.32813187E+01
 0.32850569E+01
 0.32854861E+01
 0.32949079E+01
 0.33028314E+01
 0.33108257E+01
 0.33112386E+01
 0.33150246E+01
 0.33161104E+01
 0.33341448E+01
 0.33396181E+01
 0.33448669E+01
 0.33450725E+01
 0.33532418E+01
 0.33615669E+01
 0.33624888E+01
 0.33668402E+01
 0.33718152E+01
 0.33721807E+01
 0.33914216E+01
 0.33922366E+01
 0.34078067E+01
 0.34079565E+01
 0.34121328E+01
 0.34139900E+01
 0.34153313E+01
 0.34169492E+01
 0.34435753E+01
 0.34441542E+01
 0.34501318E+01
 0.34503285E+01
 0.34720003E+01
 0.34790699E+01
 0.34796631E+01
 0.34844948E+01
 0.34863622E+01
 0.34954729E+01
 0.34957671E+01
 0.35073104E+01
 0.35083086E+01
 0.35086810E+01
 0.35118422E+01
 0.35177270E+01
 0.35249780E+01
 0.35262876E+01
 0.35296707E+01
 0.35301635E+01
 0.35421518E+01
 0.35448660E+01
 0.35606193E+01
 0.35692117E+01
 0.35923985E+01
 0.35929029E+01
 0.35937702E+01
 0.35971188E+01
 0.35984901E+01
 0.36073036E+01
 0.39070524E+01
 0.39100535E+01
 0.39223076E+01
 0.39228483E+01
 0.39411472E+01
 0.39413263E+01
 0.39527888E+01
 0.39581409E+01
 0.39984449E+01
 0.39988543E+01
 0.40058878E+01
 0.40073245E+01
 0.40093452E+01
 0.40181709E+01
 0.40183953E+01
 0.40186297E+01
 0.40195814E+01
 0.40320058E+01
 0.40370959E+01
 0.40433406E+01
 0.40438324E+01
 0.40680710E+01
 0.42278518E+01
 0.42282739E+01
 0.42601639E+01
 0.42603551E+01
 0.42811178E+01
 0.42871913E+01
 0.42900723E+01
 0.42912979E+01
 0.42925316E+01
 0.42931912E+01
 0.43021018E+01
 0.43027788E+01
 0.43235506E+01
 0.43241733E+01
 0.43285676E+01
 0.43314300E+01
 0.43335047E+01
 0.43338974E+01
 0.43425039E+01
 0.43432967E+01
 0.43487798E+01
 0.43496378E+01
 0.43571714E+01
 0.43573657E+01
 0.43697747E+01
 0.43702874E+01
 0.43816892E+01
 0.43829650E+01
 0.43961564E+01
 0.43970011E+01
 0.44004546E+01
 0.44007991E+01
 0.44170268E+01
 0.44189524E+01
 0.44216585E+01
 0.44283240E+01
 0.44336100E+01
 0.44360255E+01
 0.44385559E+01
 0.44532884E+01
 0.44582707E+01
 0.44631810E+01
 0.44693956E+01
 0.44706448E+01
 0.44748703E+01
 0.44765054E+01
 0.44812019E+01
 0.44818005E+01
 0.44857038E+01
 0.44885781E+01
 0.44940228E+01
 0.44964215E+01
 0.45005854E+01
 0.45029529E+01
 0.45137779E+01
 0.45148274E+01
 0.45194123E+01
 0.45272372E+01
 0.45346821E+01
 0.45363888E+01
 0.45468786E+01
 0.45491286E+01
 0.45575323E+01
 0.45577509E+01
 0.45641059E+01
 0.45658770E+01
 0.45700043E+01
 0.45715825E+01
 0.45747188E+01
 0.45779822E+01
 0.45850430E+01
 0.45860160E+01
 0.46088383E+01
 0.46116966E+01
 0.46155837E+01
 0.46185947E+01
 0.46193799E+01
 0.46327528E+01
 0.46445397E+01
 0.46502106E+01
 0.46525707E+01
 0.46568928E+01
 0.46653796E+01
 0.46678532E+01
 0.46770732E+01
 0.46895342E+01
 0.46958113E+01
 0.47064367E+01
 0.47162169E+01
 0.47213439E+01
 0.47216813E+01
 0.47233051E+01
 0.47275774E+01
 0.47399930E+01
 0.47612232E+01
 0.47648604E+01
 0.47780308E+01
 0.47804510E+01
 0.47850720E+01
 0.47910413E+01
 0.48258538E+01
 0.48263120E+01
 0.48574719E+01
 0.48666489E+01
 0.48927200E+01
 0.48968054E+01
 0.49354216E+01
 0.49358761E+01
 0.49786893E+01
 0.49812678E+01
 0.49993949E+01
 0.50046046E+01
 0.50146946E+01
 0.50148786E+01
 0.51823117E+01
 0.51895626E+01
 0.56663258E+01
 0.56665866E+01
 0.58192033E+01
 0.58203207E+01
 0.69807224E+01
 0.69823515E+01
 0.71758129E+01
 0.71772768E+01
