-0.88984121E+02
-0.88983896E+02
-0.88940115E+02
-0.88939613E+02
-0.88939599E+02
-0.88938767E+02
-0.88934428E+02
-0.88933741E+02
-0.88921882E+02
-0.88921412E+02
-0.24760493E+02
-0.24760228E+02
-0.24755981E+02
-0.24755937E+02
-0.24751031E+02
-0.24750985E+02
-0.24748234E+02
-0.24748098E+02
-0.19160392E+02
-0.19160256E+02
-0.19159119E+02
-0.19158609E+02
-0.14423480E+02
-0.14420708E+02
-0.14417151E+02
-0.14414146E+02
-0.14381205E+02
-0.14380670E+02
-0.14380015E+02
-0.14379981E+02
-0.14377121E+02
-0.14377094E+02
-0.14371358E+02
-0.14371349E+02
-0.14371335E+02
-0.14371280E+02
-0.14370515E+02
-0.14370366E+02
-0.10319075E+02
-0.10318819E+02
-0.10317509E+02
-0.10317196E+02
-0.10307772E+02
-0.10307763E+02
-0.10302957E+02
-0.10302878E+02
-0.10296532E+02
-0.10296049E+02
-0.10293208E+02
-0.10293116E+02
-0.10282065E+02
-0.10281801E+02
-0.10281002E+02
-0.10280692E+02
-0.10278503E+02
-0.10278456E+02
-0.10273233E+02
-0.10273208E+02
-0.10270799E+02
-0.10270623E+02
-0.10268129E+02
-0.10268120E+02
-0.10268044E+02
-0.10267275E+02
-0.10267186E+02
-0.10267112E+02
-0.10266741E+02
-0.10266738E+02
-0.10266024E+02
-0.10265894E+02
-0.10265385E+02
-0.10263130E+02
-0.10259596E+02
-0.10259056E+02
-0.10256714E+02
-0.10256160E+02
-0.10256157E+02
-0.10255709E+02
-0.10255492E+02
-0.10255091E+02
-0.10253522E+02
-0.10253068E+02
-0.10252848E+02
-0.10252216E+02
-0.10252083E+02
-0.10251944E+02
-0.10249984E+02
-0.10249490E+02
-0.10247121E+02
-0.10246549E+02
-0.10245810E+02
-0.10245142E+02
-0.10244892E+02
-0.10243675E+02
-0.10243247E+02
-0.10243236E+02
-0.10243234E+02
-0.10242078E+02
-0.10240185E+02
-0.10240058E+02
-0.10239869E+02
-0.10239756E+02
-0.10237983E+02
-0.10237733E+02
-0.10235850E+02
-0.10235650E+02
-0.10235595E+02
-0.10235313E+02
-0.10234614E+02
-0.10234015E+02
-0.10233985E+02
-0.10231208E+02
-0.10230867E+02
-0.10230130E+02
-0.10230038E+02
-0.10228215E+02
-0.10227557E+02
-0.10227344E+02
-0.10226991E+02
-0.10226060E+02
-0.10225812E+02
-0.10225681E+02
-0.10225267E+02
-0.10224349E+02
-0.10222893E+02
-0.10222723E+02
-0.10217798E+02
-0.10217750E+02
-0.10214840E+02
-0.10214792E+02
-0.10206663E+02
-0.10206373E+02
-0.10204858E+02
-0.10204664E+02
-0.80312108E+01
-0.80310116E+01
-0.79913568E+01
-0.79908930E+01
-0.79906578E+01
-0.79897938E+01
-0.79849229E+01
-0.79842074E+01
-0.79747812E+01
-0.79743423E+01
-0.59979996E+01
-0.59977957E+01
-0.59921350E+01
-0.59919314E+01
-0.59905330E+01
-0.59903393E+01
-0.59576008E+01
-0.59571314E+01
-0.59567836E+01
-0.59559129E+01
-0.59539885E+01
-0.59535185E+01
-0.59527804E+01
-0.59519045E+01
-0.59508781E+01
-0.59501563E+01
-0.59488259E+01
-0.59485761E+01
-0.59483683E+01
-0.59477268E+01
-0.59474242E+01
-0.59467010E+01
-0.59427110E+01
-0.59420085E+01
-0.59408294E+01
-0.59403865E+01
-0.59374861E+01
-0.59370405E+01
-0.59319826E+01
-0.59315495E+01
-0.12753034E+01
-0.12752251E+01
-0.12718065E+01
-0.12717577E+01
-0.12583458E+01
-0.12581924E+01
-0.12452041E+01
-0.12448815E+01
-0.10445649E+01
-0.10444848E+01
-0.10432527E+01
-0.10424583E+01
-0.10320156E+01
-0.10319373E+01
-0.10172840E+01
-0.10157246E+01
-0.10026435E+01
-0.10008835E+01
-0.94980952E+00
-0.94953354E+00
-0.94858671E+00
-0.94824617E+00
-0.94351692E+00
-0.94293007E+00
-0.94085162E+00
-0.93981548E+00
-0.92860425E+00
-0.92846169E+00
-0.92833648E+00
-0.92816251E+00
-0.92323308E+00
-0.92294937E+00
-0.91113522E+00
-0.91100911E+00
-0.89610438E+00
-0.89562504E+00
-0.89389179E+00
-0.89274089E+00
-0.88821038E+00
-0.88802427E+00
-0.88251787E+00
-0.88222516E+00
-0.87732608E+00
-0.87462777E+00
-0.87199739E+00
-0.87123263E+00
-0.84182254E+00
-0.84062180E+00
-0.83835843E+00
-0.83805388E+00
-0.82615531E+00
-0.82560868E+00
-0.81763594E+00
-0.81687833E+00
-0.81339361E+00
-0.81318054E+00
-0.81010641E+00
-0.80887215E+00
-0.80703311E+00
-0.80641596E+00
-0.80547888E+00
-0.80503996E+00
-0.80062948E+00
-0.80046905E+00
-0.79474910E+00
-0.79359737E+00
-0.77452852E+00
-0.77430438E+00
-0.76005421E+00
-0.75893898E+00
-0.75065046E+00
-0.74914396E+00
-0.74642723E+00
-0.74614007E+00
-0.72863787E+00
-0.72794206E+00
-0.72118328E+00
-0.71963224E+00
-0.71795768E+00
-0.71573743E+00
-0.71065996E+00
-0.71019961E+00
-0.70777074E+00
-0.70762273E+00
-0.70564092E+00
-0.70555971E+00
-0.70485937E+00
-0.70352118E+00
-0.69335128E+00
-0.69328064E+00
-0.68274965E+00
-0.68269687E+00
-0.66648396E+00
-0.66614814E+00
-0.65285225E+00
-0.65255185E+00
-0.64623991E+00
-0.64619644E+00
-0.64431966E+00
-0.64408562E+00
-0.64252151E+00
-0.64240547E+00
-0.63373696E+00
-0.63365836E+00
-0.62739913E+00
-0.62735947E+00
-0.61878549E+00
-0.61845254E+00
-0.60917872E+00
-0.60895182E+00
-0.60083870E+00
-0.60070667E+00
-0.59264812E+00
-0.59235856E+00
-0.58633418E+00
-0.58570375E+00
-0.58541626E+00
-0.58475517E+00
-0.57853528E+00
-0.57849914E+00
-0.57387158E+00
-0.57334895E+00
-0.56860263E+00
-0.56789660E+00
-0.56638881E+00
-0.56606571E+00
-0.56199638E+00
-0.56147486E+00
-0.55985428E+00
-0.55949764E+00
-0.55216302E+00
-0.55192655E+00
-0.54530890E+00
-0.54520948E+00
-0.53541508E+00
-0.53499670E+00
-0.53287082E+00
-0.53261407E+00
-0.52687837E+00
-0.52673171E+00
-0.52446642E+00
-0.52345555E+00
-0.52054167E+00
-0.52045657E+00
-0.52020959E+00
-0.51934793E+00
-0.51872726E+00
-0.51750425E+00
-0.51525475E+00
-0.51497056E+00
-0.51401513E+00
-0.51315280E+00
-0.51028401E+00
-0.50983148E+00
-0.50734707E+00
-0.50534093E+00
-0.50488436E+00
-0.50465533E+00
-0.49632796E+00
-0.49496914E+00
-0.48770690E+00
-0.48486575E+00
-0.48480997E+00
-0.48431455E+00
-0.48419662E+00
-0.48312477E+00
-0.47805073E+00
-0.47760776E+00
-0.47723281E+00
-0.47705920E+00
-0.47592170E+00
-0.47498356E+00
-0.47406290E+00
-0.47037678E+00
-0.47002293E+00
-0.46928504E+00
-0.46775435E+00
-0.46382994E+00
-0.46350795E+00
-0.46299373E+00
-0.46279885E+00
-0.46192163E+00
-0.46103640E+00
-0.45974941E+00
-0.45854374E+00
-0.45751457E+00
-0.45719947E+00
-0.45562160E+00
-0.45517668E+00
-0.45381250E+00
-0.45070022E+00
-0.45055471E+00
-0.44335755E+00
-0.44325262E+00
-0.44176201E+00
-0.44163637E+00
-0.43933654E+00
-0.43908910E+00
-0.43725485E+00
-0.43561145E+00
-0.43521254E+00
-0.43488818E+00
-0.43180922E+00
-0.43066167E+00
-0.43034826E+00
-0.42870144E+00
-0.42841292E+00
-0.42794293E+00
-0.42720004E+00
-0.42699764E+00
-0.42672187E+00
-0.42641833E+00
-0.42549664E+00
-0.42541776E+00
-0.42378749E+00
-0.42352832E+00
-0.41942750E+00
-0.41937623E+00
-0.41873876E+00
-0.41737435E+00
-0.41384731E+00
-0.41324585E+00
-0.41187223E+00
-0.41035674E+00
-0.40992685E+00
-0.40983407E+00
-0.40747555E+00
-0.40723377E+00
-0.40586614E+00
-0.40559715E+00
-0.40045142E+00
-0.40036647E+00
-0.40011495E+00
-0.39898188E+00
-0.39748289E+00
-0.39715420E+00
-0.39701433E+00
-0.39679921E+00
-0.39597502E+00
-0.39342955E+00
-0.39094187E+00
-0.38992943E+00
-0.38912365E+00
-0.38871357E+00
-0.38719891E+00
-0.38678214E+00
-0.38637156E+00
-0.38540380E+00
-0.38415321E+00
-0.38335980E+00
-0.38321990E+00
-0.38245188E+00
-0.37837085E+00
-0.37799214E+00
-0.37231327E+00
-0.37100366E+00
-0.36783616E+00
-0.36744142E+00
-0.36710809E+00
-0.36691289E+00
-0.36633102E+00
-0.36547909E+00
-0.36478594E+00
-0.36429209E+00
-0.35883159E+00
-0.35685153E+00
-0.35503644E+00
-0.35450114E+00
-0.35369033E+00
-0.35358461E+00
-0.35183152E+00
-0.35154327E+00
-0.35113104E+00
-0.35030210E+00
-0.34791846E+00
-0.34542917E+00
-0.34523861E+00
-0.34345142E+00
-0.34240167E+00
-0.34069121E+00
-0.33878468E+00
-0.33782536E+00
-0.33512945E+00
-0.33471600E+00
-0.33321609E+00
-0.33086867E+00
-0.31755174E+00
-0.31456230E+00
-0.31439184E+00
-0.30961607E+00
-0.30795609E+00
-0.30578641E+00
-0.29701369E+00
-0.29560300E+00
-0.29455338E+00
-0.29218398E+00
-0.29140261E+00
-0.29094850E+00
-0.28017179E+00
-0.27939072E+00
-0.27317254E+00
-0.27231575E+00
-0.27198743E+00
-0.27146480E+00
-0.27103283E+00
-0.27064436E+00
-0.26991876E+00
-0.26736768E+00
-0.26595626E+00
-0.26457001E+00
-0.26131088E+00
-0.25907209E+00
-0.24263188E+00
-0.24120214E+00
-0.23900103E+00
-0.23526517E+00
-0.22416101E+00
-0.22354114E+00
-0.20810542E+00
-0.20665108E+00
-0.13249952E+00
-0.13214685E+00
-0.12125865E+00
-0.11969614E+00
-0.11059652E+00
-0.10962482E+00
-0.10739042E+00
-0.10546628E+00
-0.86360787E-01
-0.85947060E-01
-0.57160441E-01
-0.55670379E-01
-0.50458359E-01
-0.48699036E-01
-0.40240093E-01
-0.40229526E-01
-0.33861660E-01
-0.33782560E-01
-0.27668381E-01
-0.25965576E-01
-0.17937267E-01
-0.17052477E-01
-0.10831173E-01
-0.98810530E-02
-0.83421175E-02
-0.73403265E-02
-0.70180747E-02
-0.59499710E-02
-0.47255268E-02
-0.37764578E-02
-0.28743723E-02
-0.26084016E-02
-0.23190846E-02
-0.11709194E-02
-0.11502120E-02
-0.62186603E-03
 0.44895217E-03
 0.62945562E-03
 0.16410872E-02
 0.22408409E-02
 0.34662665E-02
 0.40822180E-02
 0.46220983E-02
 0.58379344E-02
 0.76520552E-02
 0.99446644E-02
 0.10196924E-01
 0.11280381E-01
 0.11492617E-01
 0.11839304E-01
 0.13117600E-01
 0.14255740E-01
 0.14957628E-01
 0.15087824E-01
 0.15828893E-01
 0.16335057E-01
 0.16547937E-01
 0.18515069E-01
 0.19670501E-01
 0.19812227E-01
 0.20259790E-01
 0.20667540E-01
 0.22365908E-01
 0.22697655E-01
 0.24846022E-01
 0.25547303E-01
 0.27520604E-01
 0.28595592E-01
 0.28889738E-01
 0.30064413E-01
 0.31285820E-01
 0.32474681E-01
 0.33195894E-01
 0.34363178E-01
 0.35893346E-01
 0.36642849E-01
 0.36871793E-01
 0.38117061E-01
 0.39524238E-01
 0.39797002E-01
 0.40451737E-01
 0.40849983E-01
 0.42678828E-01
 0.42744920E-01
 0.44473823E-01
 0.44608821E-01
 0.47084625E-01
 0.47881796E-01
 0.48791139E-01
 0.49551129E-01
 0.51020401E-01
 0.51233406E-01
 0.52338386E-01
 0.54258328E-01
 0.54982556E-01
 0.55605225E-01
 0.57104070E-01
 0.57437594E-01
 0.58376506E-01
 0.59582928E-01
 0.59821932E-01
 0.60507701E-01
 0.61842464E-01
 0.62786443E-01
 0.63881181E-01
 0.64386104E-01
 0.64729965E-01
 0.65267916E-01
 0.65945411E-01
 0.67111914E-01
 0.68284963E-01
 0.70128142E-01
 0.71626585E-01
 0.72007618E-01
 0.72434298E-01
 0.72896728E-01
 0.73755776E-01
 0.74415761E-01
 0.74652797E-01
 0.75962580E-01
 0.76292839E-01
 0.77055357E-01
 0.78092649E-01
 0.78367575E-01
 0.79707467E-01
 0.80541031E-01
 0.81367298E-01
 0.82289125E-01
 0.82985109E-01
 0.83878017E-01
 0.84815444E-01
 0.85539777E-01
 0.85771210E-01
 0.87612466E-01
 0.87838641E-01
 0.88685880E-01
 0.89525818E-01
 0.90136964E-01
 0.91808757E-01
 0.91947100E-01
 0.93283326E-01
 0.93552295E-01
 0.93817659E-01
 0.94745811E-01
 0.95609542E-01
 0.96149200E-01
 0.96810908E-01
 0.97182682E-01
 0.97480154E-01
 0.98617501E-01
 0.99702283E-01
 0.10031220E+00
 0.10086417E+00
 0.10183553E+00
 0.10266259E+00
 0.10371954E+00
 0.10421685E+00
 0.10475677E+00
 0.10521915E+00
 0.10636615E+00
 0.10736202E+00
 0.10832026E+00
 0.10894427E+00
 0.11013887E+00
 0.11148039E+00
 0.11259248E+00
 0.11307756E+00
 0.11438277E+00
 0.11467964E+00
 0.11562209E+00
 0.11603836E+00
 0.11716398E+00
 0.11807146E+00
 0.11893803E+00
 0.11995849E+00
 0.12016252E+00
 0.12089442E+00
 0.12115243E+00
 0.12219531E+00
 0.12295236E+00
 0.12434033E+00
 0.12468073E+00
 0.12489494E+00
 0.12685018E+00
 0.12696894E+00
 0.12727773E+00
 0.12753347E+00
 0.12879433E+00
 0.13027323E+00
 0.13081224E+00
 0.13148283E+00
 0.13295390E+00
 0.13325261E+00
 0.13423375E+00
 0.13469104E+00
 0.13519276E+00
 0.13678481E+00
 0.13759680E+00
 0.13795023E+00
 0.13856989E+00
 0.13887415E+00
 0.13986244E+00
 0.14004914E+00
 0.14037752E+00
 0.14143185E+00
 0.14275141E+00
 0.14307174E+00
 0.14359828E+00
 0.14471831E+00
 0.14644779E+00
 0.14683950E+00
 0.14770972E+00
 0.14845068E+00
 0.14878192E+00
 0.14967951E+00
 0.15052974E+00
 0.15130431E+00
 0.15311083E+00
 0.15329611E+00
 0.15434886E+00
 0.15440588E+00
 0.15511590E+00
 0.15539785E+00
 0.15618950E+00
 0.15683410E+00
 0.15689573E+00
 0.15800847E+00
 0.15868106E+00
 0.15919060E+00
 0.15942516E+00
 0.15998214E+00
 0.16034076E+00
 0.16115725E+00
 0.16151580E+00
 0.16202090E+00
 0.16328380E+00
 0.16409960E+00
 0.16454974E+00
 0.16520310E+00
 0.16540824E+00
 0.16728674E+00
 0.16794039E+00
 0.16818431E+00
 0.16877188E+00
 0.16938611E+00
 0.17036582E+00
 0.17078406E+00
 0.17106113E+00
 0.17223802E+00
 0.17331363E+00
 0.17359631E+00
 0.17382823E+00
 0.17420686E+00
 0.17499748E+00
 0.17554143E+00
 0.17584416E+00
 0.17626533E+00
 0.17699026E+00
 0.17724287E+00
 0.17790734E+00
 0.17839052E+00
 0.17909300E+00
 0.17969096E+00
 0.18039625E+00
 0.18093591E+00
 0.18198864E+00
 0.18225224E+00
 0.18289261E+00
 0.18331030E+00
 0.18370157E+00
 0.18412244E+00
 0.18552657E+00
 0.18590382E+00
 0.18608069E+00
 0.18692479E+00
 0.18797707E+00
 0.18834913E+00
 0.19066552E+00
 0.19096023E+00
 0.19195928E+00
 0.19239488E+00
 0.19248810E+00
 0.19314538E+00
 0.19348478E+00
 0.19375112E+00
 0.19506070E+00
 0.19537305E+00
 0.19625716E+00
 0.19663942E+00
 0.19756194E+00
 0.19853772E+00
 0.19920732E+00
 0.20032128E+00
 0.20091035E+00
 0.20145803E+00
 0.20152582E+00
 0.20252350E+00
 0.20296667E+00
 0.20312043E+00
 0.20398561E+00
 0.20451332E+00
 0.20597409E+00
 0.20629501E+00
 0.20670001E+00
 0.20807826E+00
 0.20963500E+00
 0.21077836E+00
 0.21149673E+00
 0.21218358E+00
 0.21247823E+00
 0.21309715E+00
 0.21374507E+00
 0.21441948E+00
 0.21518353E+00
 0.21625627E+00
 0.21667358E+00
 0.21735728E+00
 0.21827559E+00
 0.21854179E+00
 0.21951023E+00
 0.21969041E+00
 0.22012397E+00
 0.22089528E+00
 0.22104370E+00
 0.22147948E+00
 0.22217703E+00
 0.22365479E+00
 0.22372154E+00
 0.22486939E+00
 0.22526728E+00
 0.22589992E+00
 0.22675883E+00
 0.22745454E+00
 0.22794224E+00
 0.22820944E+00
 0.22877520E+00
 0.22957365E+00
 0.23003958E+00
 0.23063503E+00
 0.23249776E+00
 0.23269161E+00
 0.23316628E+00
 0.23381445E+00
 0.23461232E+00
 0.23571775E+00
 0.23661800E+00
 0.23734133E+00
 0.23806271E+00
 0.23859446E+00
 0.23900116E+00
 0.23938786E+00
 0.23993486E+00
 0.24088180E+00
 0.24098408E+00
 0.24137350E+00
 0.24216883E+00
 0.24292616E+00
 0.24307041E+00
 0.24467292E+00
 0.24546010E+00
 0.24571405E+00
 0.24619539E+00
 0.24765409E+00
 0.24776433E+00
 0.24870390E+00
 0.24889968E+00
 0.25015498E+00
 0.25139390E+00
 0.25230408E+00
 0.25285366E+00
 0.25320832E+00
 0.25380069E+00
 0.25412902E+00
 0.25477239E+00
 0.25488582E+00
 0.25575442E+00
 0.25716617E+00
 0.25773983E+00
 0.25836847E+00
 0.25896992E+00
 0.25975723E+00
 0.26005488E+00
 0.26140785E+00
 0.26235277E+00
 0.26302546E+00
 0.26357085E+00
 0.26425153E+00
 0.26543914E+00
 0.26565670E+00
 0.26639308E+00
 0.26680956E+00
 0.26722878E+00
 0.26753770E+00
 0.26857107E+00
 0.26899857E+00
 0.26964038E+00
 0.27011924E+00
 0.27104132E+00
 0.27197458E+00
 0.27280105E+00
 0.27318014E+00
 0.27356420E+00
 0.27409179E+00
 0.27471512E+00
 0.27579586E+00
 0.27598300E+00
 0.27632725E+00
 0.27691285E+00
 0.27769434E+00
 0.27793604E+00
 0.27891509E+00
 0.27936325E+00
 0.27979678E+00
 0.28040108E+00
 0.28196470E+00
 0.28223338E+00
 0.28273384E+00
 0.28408829E+00
 0.28462146E+00
 0.28588144E+00
 0.28670927E+00
 0.28682768E+00
 0.28780972E+00
 0.28808295E+00
 0.28931333E+00
 0.29016018E+00
 0.29072779E+00
 0.29235731E+00
 0.29239726E+00
 0.29294706E+00
 0.29357882E+00
 0.29483577E+00
 0.29594091E+00
 0.29614040E+00
 0.29777890E+00
 0.29804474E+00
 0.29837237E+00
 0.29941895E+00
 0.29993627E+00
 0.30065763E+00
 0.30165650E+00
 0.30225828E+00
 0.30287248E+00
 0.30388554E+00
 0.30407134E+00
 0.30548567E+00
 0.30580383E+00
 0.30598820E+00
 0.30704117E+00
 0.30812553E+00
 0.30851286E+00
 0.30869417E+00
 0.30985471E+00
 0.31053464E+00
 0.31126613E+00
 0.31212033E+00
 0.31217942E+00
 0.31241994E+00
 0.31296240E+00
 0.31387898E+00
 0.31457976E+00
 0.31553421E+00
 0.31640201E+00
 0.31679754E+00
 0.31706347E+00
 0.31783541E+00
 0.31903742E+00
 0.31969804E+00
 0.32106026E+00
 0.32198351E+00
 0.32257137E+00
 0.32279035E+00
 0.32419207E+00
 0.32441917E+00
 0.32479621E+00
 0.32567470E+00
 0.32605669E+00
 0.32677097E+00
 0.32743219E+00
 0.32821605E+00
 0.32882540E+00
 0.32949555E+00
 0.33015519E+00
 0.33099239E+00
 0.33211340E+00
 0.33219834E+00
 0.33291089E+00
 0.33348850E+00
 0.33439913E+00
 0.33486610E+00
 0.33568047E+00
 0.33665157E+00
 0.33682271E+00
 0.33783667E+00
 0.33861557E+00
 0.33939495E+00
 0.34025720E+00
 0.34085061E+00
 0.34207300E+00
 0.34387391E+00
 0.34447215E+00
 0.34489477E+00
 0.34537704E+00
 0.34653251E+00
 0.34733879E+00
 0.34794777E+00
 0.34907571E+00
 0.34972005E+00
 0.35046608E+00
 0.35158482E+00
 0.35167879E+00
 0.35261380E+00
 0.35353156E+00
 0.35394196E+00
 0.35397599E+00
 0.35524430E+00
 0.35565887E+00
 0.35704423E+00
 0.35806734E+00
 0.35904347E+00
 0.35953784E+00
 0.35992737E+00
 0.36102687E+00
 0.36201666E+00
 0.36239762E+00
 0.36336726E+00
 0.36467295E+00
 0.36493295E+00
 0.36595694E+00
 0.36628750E+00
 0.36660662E+00
 0.36769269E+00
 0.36834953E+00
 0.36977681E+00
 0.37078265E+00
 0.37146169E+00
 0.37219735E+00
 0.37267330E+00
 0.37280983E+00
 0.37328470E+00
 0.37449539E+00
 0.37496095E+00
 0.37584243E+00
 0.37725780E+00
 0.37765493E+00
 0.37861721E+00
 0.37902275E+00
 0.37955926E+00
 0.38024653E+00
 0.38151734E+00
 0.38271549E+00
 0.38347618E+00
 0.38433399E+00
 0.38456635E+00
 0.38703510E+00
 0.38757571E+00
 0.38867340E+00
 0.38913179E+00
 0.39003193E+00
 0.39107178E+00
 0.39180236E+00
 0.39221748E+00
 0.39242942E+00
 0.39268002E+00
 0.39381148E+00
 0.39508213E+00
 0.39622432E+00
 0.39648090E+00
 0.39814149E+00
 0.39929630E+00
 0.40100210E+00
 0.40118790E+00
 0.40246534E+00
 0.40420280E+00
 0.40525584E+00
 0.40559018E+00
 0.40645248E+00
 0.40741489E+00
 0.40846127E+00
 0.40979693E+00
 0.41030317E+00
 0.41115126E+00
 0.41199496E+00
 0.41336728E+00
 0.41372155E+00
 0.41557723E+00
 0.41644211E+00
 0.41708425E+00
 0.41770494E+00
 0.41932214E+00
 0.41982729E+00
 0.42120693E+00
 0.42250175E+00
 0.42362657E+00
 0.42421236E+00
 0.42515989E+00
 0.42744868E+00
 0.42777448E+00
 0.43034271E+00
 0.43037187E+00
 0.43148921E+00
 0.43287602E+00
 0.43356960E+00
 0.43463015E+00
 0.43570255E+00
 0.43687191E+00
 0.43719656E+00
 0.43978975E+00
 0.44056546E+00
 0.44142099E+00
 0.44377743E+00
 0.44444753E+00
 0.44595422E+00
 0.44716763E+00
 0.44866264E+00
 0.45003024E+00
 0.45061631E+00
 0.45113934E+00
 0.45192645E+00
 0.45322194E+00
 0.45460725E+00
 0.45636770E+00
 0.45693694E+00
 0.45769406E+00
 0.46019928E+00
 0.46115816E+00
 0.46160402E+00
 0.46494204E+00
 0.46621495E+00
 0.46652980E+00
 0.46807489E+00
 0.46868038E+00
 0.47080871E+00
 0.47213508E+00
 0.47322196E+00
 0.47419386E+00
 0.47472307E+00
 0.47575492E+00
 0.47744535E+00
 0.47962571E+00
 0.48029530E+00
 0.48141539E+00
 0.48423142E+00
 0.48522509E+00
 0.48675696E+00
 0.48917675E+00
 0.49000019E+00
 0.49131287E+00
 0.49251968E+00
 0.49450046E+00
 0.49580479E+00
 0.49735206E+00
 0.49768008E+00
 0.50069101E+00
 0.50162972E+00
 0.50250316E+00
 0.50612542E+00
 0.50665118E+00
 0.50833197E+00
 0.50893319E+00
 0.50964096E+00
 0.51250726E+00
 0.51438921E+00
 0.51827604E+00
 0.51894334E+00
 0.52050062E+00
 0.52102752E+00
 0.52361009E+00
 0.52500251E+00
 0.52555724E+00
 0.52739625E+00
 0.52931360E+00
 0.52978289E+00
 0.53081837E+00
 0.53267031E+00
 0.53377773E+00
 0.53506577E+00
 0.53660090E+00
 0.53766633E+00
 0.53985491E+00
 0.54183009E+00
 0.54254194E+00
 0.54360278E+00
 0.54665588E+00
 0.54841298E+00
 0.55154357E+00
 0.55288730E+00
 0.55571148E+00
 0.55821633E+00
 0.55883498E+00
 0.56094116E+00
 0.56282081E+00
 0.56606499E+00
 0.56669607E+00
 0.57099379E+00
 0.57155879E+00
 0.57254597E+00
 0.57415072E+00
 0.57563112E+00
 0.57844250E+00
 0.58033131E+00
 0.58465361E+00
 0.58778046E+00
 0.58961944E+00
 0.59495976E+00
 0.59749531E+00
 0.59878379E+00
 0.60201459E+00
 0.60353778E+00
 0.60664557E+00
 0.60684073E+00
 0.61025265E+00
 0.61137228E+00
 0.61360526E+00
 0.61723768E+00
 0.62414014E+00
 0.62687705E+00
 0.62882654E+00
 0.63098141E+00
 0.63259549E+00
 0.63425976E+00
 0.63525209E+00
 0.63676531E+00
 0.63699500E+00
 0.63796778E+00
 0.64029271E+00
 0.64215177E+00
 0.64288745E+00
 0.64401613E+00
 0.64675372E+00
 0.64834754E+00
 0.64958198E+00
 0.65186581E+00
 0.65315843E+00
 0.65422407E+00
 0.65643433E+00
 0.65773239E+00
 0.65972742E+00
 0.66125074E+00
 0.66519517E+00
 0.66644518E+00
 0.66814191E+00
 0.66993976E+00
 0.67071463E+00
 0.67155694E+00
 0.67270490E+00
 0.67432265E+00
 0.67566206E+00
 0.67694847E+00
 0.67757100E+00
 0.67967991E+00
 0.68146439E+00
 0.68197000E+00
 0.68249001E+00
 0.68388570E+00
 0.68630397E+00
 0.68773038E+00
 0.68839828E+00
 0.69004246E+00
 0.69160141E+00
 0.69271247E+00
 0.69306093E+00
 0.69453192E+00
 0.69588332E+00
 0.69658362E+00
 0.69854220E+00
 0.69943987E+00
 0.70098833E+00
 0.70210131E+00
 0.70232317E+00
 0.70393462E+00
 0.70574301E+00
 0.70628964E+00
 0.70704032E+00
 0.71008837E+00
 0.71220206E+00
 0.71280766E+00
 0.71333638E+00
 0.71379254E+00
 0.71557229E+00
 0.71829673E+00
 0.71982538E+00
 0.72044232E+00
 0.72095841E+00
 0.72117816E+00
 0.72338613E+00
 0.72476831E+00
 0.72575074E+00
 0.72752185E+00
 0.72812310E+00
 0.73002789E+00
 0.73059182E+00
 0.73164947E+00
 0.73181423E+00
 0.73339453E+00
 0.73368402E+00
 0.73527886E+00
 0.73537913E+00
 0.73818266E+00
 0.73840213E+00
 0.73916236E+00
 0.73965944E+00
 0.74088599E+00
 0.74124017E+00
 0.74380810E+00
 0.74505286E+00
 0.74523311E+00
 0.74776679E+00
 0.74865544E+00
 0.75004216E+00
 0.75279709E+00
 0.75447950E+00
 0.75469286E+00
 0.75687450E+00
 0.75721180E+00
 0.75847790E+00
 0.75959091E+00
 0.75995943E+00
 0.76133572E+00
 0.76159932E+00
 0.76428413E+00
 0.76573493E+00
 0.76634301E+00
 0.76792481E+00
 0.76845322E+00
 0.77038063E+00
 0.77111053E+00
 0.77167910E+00
 0.77290469E+00
 0.77309861E+00
 0.77583505E+00
 0.77727872E+00
 0.77853184E+00
 0.77947019E+00
 0.78165754E+00
 0.78241355E+00
 0.78426220E+00
 0.78685178E+00
 0.78701878E+00
 0.78781163E+00
 0.78908387E+00
 0.79016013E+00
 0.79231199E+00
 0.79430612E+00
 0.79803288E+00
 0.79857355E+00
 0.80083443E+00
 0.80156197E+00
 0.80273859E+00
 0.80380667E+00
 0.80446056E+00
 0.80609366E+00
 0.80814619E+00
 0.81000429E+00
 0.81139655E+00
 0.81242633E+00
 0.81292048E+00
 0.81423556E+00
 0.81501372E+00
 0.81742989E+00
 0.81956335E+00
 0.82184551E+00
 0.82445442E+00
 0.82568494E+00
 0.82628715E+00
 0.82785997E+00
 0.83047318E+00
 0.83184899E+00
 0.83298877E+00
 0.83377493E+00
 0.83458739E+00
 0.83631889E+00
 0.83859273E+00
 0.83885483E+00
 0.83946042E+00
 0.84017069E+00
 0.84145443E+00
 0.84214576E+00
 0.84306798E+00
 0.84401520E+00
 0.84558816E+00
 0.84709976E+00
 0.84785093E+00
 0.84895474E+00
 0.85208640E+00
 0.85343528E+00
 0.85401222E+00
 0.85643536E+00
 0.85756762E+00
 0.86017140E+00
 0.86115170E+00
 0.86193238E+00
 0.86437613E+00
 0.86587690E+00
 0.86629768E+00
 0.86795428E+00
 0.86955762E+00
 0.87139804E+00
 0.87254143E+00
 0.87320878E+00
 0.87609372E+00
 0.87733564E+00
 0.87938415E+00
 0.88053313E+00
 0.88120578E+00
 0.88395417E+00
 0.88521284E+00
 0.88586715E+00
 0.88928211E+00
 0.89119953E+00
 0.89571831E+00
 0.89644809E+00
 0.89663807E+00
 0.89945226E+00
 0.90070786E+00
 0.90249569E+00
 0.90440265E+00
 0.90585236E+00
 0.90646869E+00
 0.90791656E+00
 0.90882846E+00
 0.91093680E+00
 0.91509168E+00
 0.91593634E+00
 0.91708818E+00
 0.91855996E+00
 0.92191734E+00
 0.92345502E+00
 0.92498183E+00
 0.92776647E+00
 0.92818320E+00
 0.92963652E+00
 0.93140528E+00
 0.93308657E+00
 0.93467728E+00
 0.93545302E+00
 0.93663300E+00
 0.93842776E+00
 0.93985809E+00
 0.94040043E+00
 0.94335870E+00
 0.94343932E+00
 0.94526341E+00
 0.94644796E+00
 0.94970750E+00
 0.95102455E+00
 0.95217834E+00
 0.95402160E+00
 0.95597070E+00
 0.95625764E+00
 0.95878944E+00
 0.96039150E+00
 0.96151199E+00
 0.96322665E+00
 0.96475365E+00
 0.96618959E+00
 0.97079677E+00
 0.97120333E+00
 0.97330934E+00
 0.97761088E+00
 0.97801313E+00
 0.97926299E+00
 0.98100002E+00
 0.98463025E+00
 0.98590816E+00
 0.98704571E+00
 0.99003430E+00
 0.99097568E+00
 0.99280957E+00
 0.99351351E+00
 0.99437602E+00
 0.99555697E+00
 0.99625668E+00
 0.99800348E+00
 0.99895996E+00
 0.10001756E+01
 0.10013136E+01
 0.10029900E+01
 0.10033125E+01
 0.10050900E+01
 0.10083689E+01
 0.10087812E+01
 0.10103558E+01
 0.10114269E+01
 0.10126881E+01
 0.10133509E+01
 0.10144380E+01
 0.10158344E+01
 0.10165869E+01
 0.10181717E+01
 0.10193825E+01
 0.10206613E+01
 0.10212037E+01
 0.10223871E+01
 0.10236947E+01
 0.10241203E+01
 0.10266607E+01
 0.10288581E+01
 0.10330645E+01
 0.10353088E+01
 0.10357448E+01
 0.10389785E+01
 0.10398303E+01
 0.10409312E+01
 0.10428388E+01
 0.10430302E+01
 0.10448647E+01
 0.10455003E+01
 0.10483200E+01
 0.10492843E+01
 0.10514475E+01
 0.10520370E+01
 0.10550594E+01
 0.10576687E+01
 0.10579435E+01
 0.10594739E+01
 0.10624299E+01
 0.10648242E+01
 0.10675215E+01
 0.10688753E+01
 0.10703109E+01
 0.10729877E+01
 0.10738664E+01
 0.10746580E+01
 0.10762256E+01
 0.10772385E+01
 0.10781711E+01
 0.10795486E+01
 0.10804167E+01
 0.10832335E+01
 0.10837736E+01
 0.10857585E+01
 0.10858879E+01
 0.10870336E+01
 0.10879015E+01
 0.10894140E+01
 0.10910129E+01
 0.10923766E+01
 0.10958175E+01
 0.10966605E+01
 0.11005891E+01
 0.11013788E+01
 0.11032642E+01
 0.11045235E+01
 0.11057649E+01
 0.11093435E+01
 0.11117260E+01
 0.11123642E+01
 0.11136192E+01
 0.11140206E+01
 0.11161991E+01
 0.11172713E+01
 0.11189585E+01
 0.11202628E+01
 0.11229497E+01
 0.11241357E+01
 0.11262677E+01
 0.11267558E+01
 0.11287359E+01
 0.11292925E+01
 0.11299588E+01
 0.11309860E+01
 0.11321025E+01
 0.11336214E+01
 0.11351149E+01
 0.11373478E+01
 0.11387197E+01
 0.11396661E+01
 0.11429049E+01
 0.11431140E+01
 0.11440351E+01
 0.11446867E+01
 0.11472587E+01
 0.11492690E+01
 0.11505823E+01
 0.11510854E+01
 0.11522523E+01
 0.11535963E+01
 0.11537901E+01
 0.11560910E+01
 0.11571298E+01
 0.11613976E+01
 0.11643751E+01
 0.11664305E+01
 0.11673769E+01
 0.11688339E+01
 0.11707133E+01
 0.11718312E+01
 0.11738784E+01
 0.11741926E+01
 0.11754948E+01
 0.11767866E+01
 0.11792442E+01
 0.11803031E+01
 0.11818383E+01
 0.11837575E+01
 0.11844267E+01
 0.11870504E+01
 0.11877813E+01
 0.11883203E+01
 0.11911435E+01
 0.11924454E+01
 0.11955811E+01
 0.11995743E+01
 0.11996240E+01
 0.12024426E+01
 0.12034992E+01
 0.12066557E+01
 0.12071941E+01
 0.12089706E+01
 0.12103688E+01
 0.12115551E+01
 0.12134447E+01
 0.12161288E+01
 0.12180161E+01
 0.12196221E+01
 0.12208673E+01
 0.12215416E+01
 0.12238676E+01
 0.12257895E+01
 0.12262261E+01
 0.12266816E+01
 0.12316018E+01
 0.12328322E+01
 0.12337731E+01
 0.12345202E+01
 0.12352730E+01
 0.12366805E+01
 0.12391339E+01
 0.12411192E+01
 0.12434414E+01
 0.12439546E+01
 0.12445861E+01
 0.12455229E+01
 0.12468852E+01
 0.12486232E+01
 0.12503189E+01
 0.12512631E+01
 0.12521905E+01
 0.12540018E+01
 0.12545426E+01
 0.12576635E+01
 0.12588085E+01
 0.12596464E+01
 0.12607226E+01
 0.12614192E+01
 0.12627065E+01
 0.12630503E+01
 0.12641930E+01
 0.12656649E+01
 0.12673205E+01
 0.12686496E+01
 0.12701846E+01
 0.12717708E+01
 0.12728032E+01
 0.12750670E+01
 0.12756951E+01
 0.12772841E+01
 0.12788499E+01
 0.12793184E+01
 0.12802963E+01
 0.12808545E+01
 0.12819558E+01
 0.12827668E+01
 0.12844933E+01
 0.12857795E+01
 0.12867469E+01
 0.12889812E+01
 0.12893181E+01
 0.12902868E+01
 0.12915518E+01
 0.12928718E+01
 0.12939092E+01
 0.12949915E+01
 0.12972139E+01
 0.12975266E+01
 0.12984468E+01
 0.12999872E+01
 0.13014184E+01
 0.13024763E+01
 0.13032859E+01
 0.13062057E+01
 0.13074084E+01
 0.13077986E+01
 0.13088702E+01
 0.13131361E+01
 0.13150465E+01
 0.13161549E+01
 0.13184852E+01
 0.13188472E+01
 0.13203157E+01
 0.13223685E+01
 0.13232513E+01
 0.13252598E+01
 0.13266997E+01
 0.13283252E+01
 0.13293467E+01
 0.13297663E+01
 0.13314466E+01
 0.13324825E+01
 0.13345178E+01
 0.13352052E+01
 0.13366343E+01
 0.13374354E+01
 0.13398104E+01
 0.13416636E+01
 0.13434699E+01
 0.13451353E+01
 0.13458065E+01
 0.13466871E+01
 0.13495723E+01
 0.13501497E+01
 0.13515836E+01
 0.13516339E+01
 0.13535726E+01
 0.13557471E+01
 0.13577152E+01
 0.13582309E+01
 0.13593403E+01
 0.13617352E+01
 0.13641175E+01
 0.13645216E+01
 0.13684358E+01
 0.13704888E+01
 0.13715624E+01
 0.13730149E+01
 0.13761394E+01
 0.13765265E+01
 0.13789749E+01
 0.13807829E+01
 0.13830933E+01
 0.13849565E+01
 0.13872843E+01
 0.13897117E+01
 0.13917874E+01
 0.13934125E+01
 0.13955100E+01
 0.13979701E+01
 0.14005543E+01
 0.14010174E+01
 0.14049227E+01
 0.14062451E+01
 0.14073687E+01
 0.14078918E+01
 0.14092422E+01
 0.14106579E+01
 0.14118007E+01
 0.14145989E+01
 0.14171227E+01
 0.14173038E+01
 0.14221625E+01
 0.14239613E+01
 0.14261758E+01
 0.14292580E+01
 0.14325122E+01
 0.14360032E+01
 0.14383653E+01
 0.14424089E+01
 0.14438760E+01
 0.14457250E+01
 0.14470667E+01
 0.14480823E+01
 0.14525916E+01
 0.14565885E+01
 0.14571104E+01
 0.14585779E+01
 0.14613677E+01
 0.14624676E+01
 0.14634805E+01
 0.14640512E+01
 0.14693240E+01
 0.14700945E+01
 0.14709067E+01
 0.14713272E+01
 0.14782577E+01
 0.14802405E+01
 0.14807579E+01
 0.14820127E+01
 0.14841208E+01
 0.14860017E+01
 0.14885531E+01
 0.14901546E+01
 0.14927086E+01
 0.14990413E+01
 0.15020491E+01
 0.15042702E+01
 0.15063670E+01
 0.15091965E+01
 0.15101259E+01
 0.15109761E+01
 0.15122457E+01
 0.15133667E+01
 0.15184700E+01
 0.15196469E+01
 0.15232025E+01
 0.15245038E+01
 0.15281079E+01
 0.15299087E+01
 0.15346771E+01
 0.15367211E+01
 0.15413240E+01
 0.15438303E+01
 0.15467969E+01
 0.15492683E+01
 0.15533816E+01
 0.15547840E+01
 0.15577657E+01
 0.15594044E+01
 0.15644461E+01
 0.15666479E+01
 0.15706769E+01
 0.15724703E+01
 0.15738307E+01
 0.15763016E+01
 0.15776870E+01
 0.15814470E+01
 0.15838093E+01
 0.15898409E+01
 0.15910804E+01
 0.15946636E+01
 0.15951043E+01
 0.15960457E+01
 0.15963776E+01
 0.16002935E+01
 0.16016520E+01
 0.16027253E+01
 0.16050317E+01
 0.16081972E+01
 0.16089506E+01
 0.16099132E+01
 0.16112928E+01
 0.16129753E+01
 0.16141004E+01
 0.16192821E+01
 0.16216773E+01
 0.16248646E+01
 0.16261227E+01
 0.16317791E+01
 0.16354374E+01
 0.16366099E+01
 0.16367404E+01
 0.16377005E+01
 0.16410554E+01
 0.16414370E+01
 0.16433500E+01
 0.16438343E+01
 0.16447606E+01
 0.16453296E+01
 0.16462490E+01
 0.16467683E+01
 0.16476408E+01
 0.16487433E+01
 0.16509609E+01
 0.16548549E+01
 0.16558198E+01
 0.16581113E+01
 0.16603521E+01
 0.16624295E+01
 0.16655492E+01
 0.16679182E+01
 0.16721392E+01
 0.16726704E+01
 0.16743301E+01
 0.16755259E+01
 0.16767836E+01
 0.16780612E+01
 0.16793706E+01
 0.16810726E+01
 0.16850032E+01
 0.16868479E+01
 0.16917735E+01
 0.16936965E+01
 0.16969344E+01
 0.16994166E+01
 0.17015843E+01
 0.17019602E+01
 0.17026521E+01
 0.17045980E+01
 0.17053051E+01
 0.17063570E+01
 0.17070688E+01
 0.17080864E+01
 0.17098198E+01
 0.17103195E+01
 0.17138669E+01
 0.17154534E+01
 0.17158011E+01
 0.17164189E+01
 0.17173401E+01
 0.17183213E+01
 0.17218793E+01
 0.17247158E+01
 0.17283216E+01
 0.17290667E+01
 0.17304147E+01
 0.17313795E+01
 0.17318427E+01
 0.17322733E+01
 0.17337523E+01
 0.17357841E+01
 0.17371839E+01
 0.17387585E+01
 0.17416957E+01
 0.17439619E+01
 0.17460829E+01
 0.17464550E+01
 0.17484957E+01
 0.17498297E+01
 0.17512208E+01
 0.17517842E+01
 0.17532427E+01
 0.17559975E+01
 0.17576154E+01
 0.17581658E+01
 0.17584245E+01
 0.17588812E+01
 0.17601969E+01
 0.17620666E+01
 0.17630404E+01
 0.17632030E+01
 0.17634938E+01
 0.17639975E+01
 0.17678505E+01
 0.17686992E+01
 0.17708316E+01
 0.17736221E+01
 0.17739562E+01
 0.17766486E+01
 0.17784419E+01
 0.17790772E+01
 0.17792718E+01
 0.17821516E+01
 0.17827455E+01
 0.17841994E+01
 0.17872073E+01
 0.17915270E+01
 0.17938175E+01
 0.17951686E+01
 0.17967916E+01
 0.17974622E+01
 0.17994198E+01
 0.18000780E+01
 0.18007749E+01
 0.18012601E+01
 0.18018586E+01
 0.18039110E+01
 0.18053115E+01
 0.18063039E+01
 0.18077215E+01
 0.18080598E+01
 0.18083616E+01
 0.18085336E+01
 0.18098047E+01
 0.18104279E+01
 0.18127357E+01
 0.18140472E+01
 0.18157025E+01
 0.18169988E+01
 0.18171937E+01
 0.18180519E+01
 0.18196377E+01
 0.18208244E+01
 0.18233414E+01
 0.18238139E+01
 0.18263032E+01
 0.18278791E+01
 0.18285295E+01
 0.18314116E+01
 0.18333884E+01
 0.18352577E+01
 0.18387533E+01
 0.18400119E+01
 0.18426991E+01
 0.18444264E+01
 0.18466507E+01
 0.18480140E+01
 0.18483922E+01
 0.18493874E+01
 0.18498704E+01
 0.18505651E+01
 0.18515930E+01
 0.18551891E+01
 0.18570402E+01
 0.18578638E+01
 0.18589379E+01
 0.18600843E+01
 0.18615306E+01
 0.18620397E+01
 0.18623559E+01
 0.18628331E+01
 0.18677142E+01
 0.18697880E+01
 0.18745855E+01
 0.18769727E+01
 0.18816095E+01
 0.18859139E+01
 0.18870094E+01
 0.18878181E+01
 0.18890659E+01
 0.18903718E+01
 0.18934482E+01
 0.18972452E+01
 0.18980201E+01
 0.18982938E+01
 0.18986619E+01
 0.19005075E+01
 0.19023854E+01
 0.19038106E+01
 0.19049147E+01
 0.19058981E+01
 0.19063755E+01
 0.19072052E+01
 0.19073639E+01
 0.19095736E+01
 0.19105180E+01
 0.19121513E+01
 0.19135175E+01
 0.19161217E+01
 0.19187562E+01
 0.19205995E+01
 0.19252402E+01
 0.19258820E+01
 0.19265507E+01
 0.19291628E+01
 0.19299974E+01
 0.19311215E+01
 0.19344689E+01
 0.19368704E+01
 0.19379583E+01
 0.19430034E+01
 0.19462295E+01
 0.19494814E+01
 0.19498845E+01
 0.19561153E+01
 0.19563711E+01
 0.19578908E+01
 0.19601997E+01
 0.19641081E+01
 0.19650461E+01
 0.19686366E+01
 0.19689220E+01
 0.19742172E+01
 0.19754837E+01
 0.19786275E+01
 0.19838608E+01
 0.19840860E+01
 0.19861805E+01
 0.19882899E+01
 0.19892953E+01
 0.19921667E+01
 0.19935382E+01
 0.19976174E+01
 0.19979031E+01
 0.20005668E+01
 0.20030203E+01
 0.20062366E+01
 0.20123114E+01
 0.20129549E+01
 0.20136198E+01
 0.20161645E+01
 0.20196018E+01
 0.20206965E+01
 0.20235810E+01
 0.20244731E+01
 0.20275386E+01
 0.20300864E+01
 0.20316886E+01
 0.20319200E+01
 0.20360382E+01
 0.20363292E+01
 0.20367484E+01
 0.20383538E+01
 0.20392619E+01
 0.20398904E+01
 0.20408208E+01
 0.20425501E+01
 0.20448103E+01
 0.20456098E+01
 0.20482624E+01
 0.20491375E+01
 0.20500079E+01
 0.20526635E+01
 0.20543899E+01
 0.20568745E+01
 0.20608363E+01
 0.20625705E+01
 0.20639227E+01
 0.20674395E+01
 0.20710323E+01
 0.20722055E+01
 0.20735105E+01
 0.20762986E+01
 0.20772603E+01
 0.20785724E+01
 0.20800175E+01
 0.20810588E+01
 0.20837465E+01
 0.20869678E+01
 0.20877799E+01
 0.20889070E+01
 0.20929570E+01
 0.20944500E+01
 0.20977557E+01
 0.20984005E+01
 0.20989899E+01
 0.21006049E+01
 0.21014854E+01
 0.21021779E+01
 0.21024806E+01
 0.21068105E+01
 0.21083303E+01
 0.21108409E+01
 0.21121583E+01
 0.21136546E+01
 0.21139740E+01
 0.21151221E+01
 0.21194114E+01
 0.21199376E+01
 0.21254284E+01
 0.21260171E+01
 0.21282956E+01
 0.21330589E+01
 0.21359450E+01
 0.21372270E+01
 0.21388304E+01
 0.21390526E+01
 0.21409137E+01
 0.21435013E+01
 0.21455472E+01
 0.21476104E+01
 0.21490675E+01
 0.21512391E+01
 0.21518774E+01
 0.21525234E+01
 0.21546838E+01
 0.21590360E+01
 0.21599828E+01
 0.21622265E+01
 0.21625768E+01
 0.21669313E+01
 0.21692015E+01
 0.21705969E+01
 0.21715412E+01
 0.21732878E+01
 0.21753496E+01
 0.21761541E+01
 0.21786566E+01
 0.21799142E+01
 0.21833267E+01
 0.21870735E+01
 0.21904822E+01
 0.21932480E+01
 0.21942372E+01
 0.21960318E+01
 0.21994664E+01
 0.22059649E+01
 0.22075300E+01
 0.22103307E+01
 0.22132277E+01
 0.22168357E+01
 0.22184319E+01
 0.22216133E+01
 0.22227581E+01
 0.22247381E+01
 0.22269944E+01
 0.22282559E+01
 0.22312210E+01
 0.22386140E+01
 0.22392897E+01
 0.22398822E+01
 0.22408474E+01
 0.22447294E+01
 0.22459330E+01
 0.22471980E+01
 0.22490924E+01
 0.22502619E+01
 0.22523138E+01
 0.22529398E+01
 0.22533777E+01
 0.22540971E+01
 0.22545515E+01
 0.22594676E+01
 0.22611470E+01
 0.22628955E+01
 0.22683308E+01
 0.22702305E+01
 0.22729060E+01
 0.22768273E+01
 0.22824356E+01
 0.22841243E+01
 0.22875280E+01
 0.22880294E+01
 0.22924180E+01
 0.22976510E+01
 0.23010369E+01
 0.23058007E+01
 0.23128577E+01
 0.23143539E+01
 0.23149585E+01
 0.23179840E+01
 0.23199033E+01
 0.23232407E+01
 0.23236323E+01
 0.23250751E+01
 0.23268290E+01
 0.23278854E+01
 0.23294920E+01
 0.23331117E+01
 0.23339442E+01
 0.23344021E+01
 0.23356856E+01
 0.23371819E+01
 0.23393550E+01
 0.23406124E+01
 0.23419244E+01
 0.23424763E+01
 0.23452221E+01
 0.23470058E+01
 0.23526388E+01
 0.23545957E+01
 0.23555253E+01
 0.23560969E+01
 0.23603101E+01
 0.23610207E+01
 0.23616581E+01
 0.23657312E+01
 0.23774904E+01
 0.23807937E+01
 0.23869234E+01
 0.23882451E+01
 0.23898595E+01
 0.23902614E+01
 0.23919293E+01
 0.23925808E+01
 0.23943708E+01
 0.23979086E+01
 0.23983263E+01
 0.23984638E+01
 0.23991055E+01
 0.24015941E+01
 0.24031214E+01
 0.24074055E+01
 0.24090230E+01
 0.24100577E+01
 0.24123585E+01
 0.24145778E+01
 0.24175631E+01
 0.24196179E+01
 0.24211906E+01
 0.24213585E+01
 0.24222687E+01
 0.24241327E+01
 0.24294401E+01
 0.24309033E+01
 0.24334655E+01
 0.24402209E+01
 0.24416489E+01
 0.24432512E+01
 0.24482634E+01
 0.24485369E+01
 0.24532920E+01
 0.24551429E+01
 0.24561159E+01
 0.24633054E+01
 0.24659887E+01
 0.24674423E+01
 0.24698042E+01
 0.24714134E+01
 0.24772151E+01
 0.24805786E+01
 0.24853519E+01
 0.24862741E+01
 0.24904468E+01
 0.24907737E+01
 0.24917302E+01
 0.24943331E+01
 0.24964676E+01
 0.24970998E+01
 0.24982655E+01
 0.25002516E+01
 0.25007966E+01
 0.25043402E+01
 0.25086732E+01
 0.25112864E+01
 0.25136827E+01
 0.25146133E+01
 0.25255234E+01
 0.25284384E+01
 0.25321124E+01
 0.25337030E+01
 0.25374856E+01
 0.25385972E+01
 0.25438968E+01
 0.25458480E+01
 0.25519651E+01
 0.25532881E+01
 0.25590506E+01
 0.25635680E+01
 0.25642233E+01
 0.25657959E+01
 0.25679985E+01
 0.25691123E+01
 0.25697768E+01
 0.25718543E+01
 0.25731868E+01
 0.25756400E+01
 0.25765739E+01
 0.25772049E+01
 0.25856251E+01
 0.25890231E+01
 0.25938314E+01
 0.25955868E+01
 0.25979810E+01
 0.26010473E+01
 0.26013002E+01
 0.26033127E+01
 0.26050020E+01
 0.26080798E+01
 0.26163601E+01
 0.26193872E+01
 0.26218348E+01
 0.26225646E+01
 0.26325325E+01
 0.26385921E+01
 0.26400048E+01
 0.26414093E+01
 0.26462902E+01
 0.26476572E+01
 0.26519861E+01
 0.26561956E+01
 0.26598904E+01
 0.26633646E+01
 0.26667204E+01
 0.26679124E+01
 0.26693154E+01
 0.26707739E+01
 0.26727122E+01
 0.26768167E+01
 0.26775129E+01
 0.26789824E+01
 0.26861385E+01
 0.26871501E+01
 0.26904325E+01
 0.26930641E+01
 0.26965332E+01
 0.27002445E+01
 0.27010660E+01
 0.27019248E+01
 0.27035726E+01
 0.27046393E+01
 0.27057368E+01
 0.27090590E+01
 0.27095826E+01
 0.27122829E+01
 0.27142308E+01
 0.27171527E+01
 0.27186903E+01
 0.27225749E+01
 0.27269179E+01
 0.27295734E+01
 0.27302684E+01
 0.27312428E+01
 0.27327764E+01
 0.27362539E+01
 0.27377491E+01
 0.27450041E+01
 0.27465624E+01
 0.27507945E+01
 0.27588494E+01
 0.27658887E+01
 0.27694189E+01
 0.27695564E+01
 0.27707111E+01
 0.27739232E+01
 0.27750981E+01
 0.27776322E+01
 0.27842809E+01
 0.27847520E+01
 0.27871858E+01
 0.27885292E+01
 0.27961914E+01
 0.27978852E+01
 0.27998229E+01
 0.28003333E+01
 0.28080854E+01
 0.28114550E+01
 0.28150541E+01
 0.28154104E+01
 0.28163502E+01
 0.28176334E+01
 0.28212554E+01
 0.28228054E+01
 0.28240941E+01
 0.28245433E+01
 0.28288791E+01
 0.28318459E+01
 0.28367162E+01
 0.28384290E+01
 0.28405619E+01
 0.28436005E+01
 0.28504770E+01
 0.28527045E+01
 0.28541723E+01
 0.28584541E+01
 0.28591800E+01
 0.28617673E+01
 0.28637088E+01
 0.28660175E+01
 0.28722259E+01
 0.28805281E+01
 0.28830381E+01
 0.28936769E+01
 0.28941919E+01
 0.28970059E+01
 0.29010643E+01
 0.29025382E+01
 0.29026301E+01
 0.29047014E+01
 0.29057976E+01
 0.29092681E+01
 0.29138150E+01
 0.29195907E+01
 0.29254313E+01
 0.29301673E+01
 0.29312869E+01
 0.29337132E+01
 0.29353739E+01
 0.29424780E+01
 0.29467167E+01
 0.29511658E+01
 0.29542264E+01
 0.29552937E+01
 0.29614827E+01
 0.29626564E+01
 0.29696360E+01
 0.29700706E+01
 0.29740023E+01
 0.29914186E+01
 0.29924638E+01
 0.29937082E+01
 0.29959431E+01
 0.29978815E+01
 0.30044187E+01
 0.30075958E+01
 0.30121981E+01
 0.30135272E+01
 0.30205064E+01
 0.30251659E+01
 0.30268242E+01
 0.30270857E+01
 0.30337302E+01
 0.30374705E+01
 0.30475335E+01
 0.30526804E+01
 0.30605144E+01
 0.30628179E+01
 0.30674690E+01
 0.30681528E+01
 0.30764817E+01
 0.30805951E+01
 0.30823504E+01
 0.30863275E+01
 0.30880615E+01
 0.30910242E+01
 0.31014880E+01
 0.31136655E+01
 0.31162191E+01
 0.31187008E+01
 0.31235923E+01
 0.31267585E+01
 0.31374794E+01
 0.31413307E+01
 0.31481532E+01
 0.31555248E+01
 0.31589241E+01
 0.31614688E+01
 0.31728537E+01
 0.31731598E+01
 0.31782219E+01
 0.31813503E+01
 0.31850171E+01
 0.31904363E+01
 0.32005874E+01
 0.32029055E+01
 0.32099462E+01
 0.32106319E+01
 0.32164564E+01
 0.32175450E+01
 0.32260912E+01
 0.32294387E+01
 0.32374635E+01
 0.32402394E+01
 0.32449375E+01
 0.32469844E+01
 0.32630936E+01
 0.32638522E+01
 0.32703842E+01
 0.32728232E+01
 0.32739113E+01
 0.32749339E+01
 0.32768259E+01
 0.32772430E+01
 0.32944132E+01
 0.33013306E+01
 0.33082801E+01
 0.33089388E+01
 0.33136084E+01
 0.33179334E+01
 0.33249306E+01
 0.33255126E+01
 0.33330895E+01
 0.33339102E+01
 0.33391438E+01
 0.33449789E+01
 0.33512354E+01
 0.33669030E+01
 0.33705838E+01
 0.33833942E+01
 0.33856271E+01
 0.33868885E+01
 0.33942708E+01
 0.33975358E+01
 0.34151848E+01
 0.34163027E+01
 0.34234574E+01
 0.34250393E+01
 0.34252785E+01
 0.34267135E+01
 0.34626351E+01
 0.34686610E+01
 0.34705993E+01
 0.34720479E+01
 0.34766013E+01
 0.34806485E+01
 0.34811197E+01
 0.34916591E+01
 0.34987656E+01
 0.35024940E+01
 0.35065365E+01
 0.35149240E+01
 0.35210609E+01
 0.35226011E+01
 0.35232161E+01
 0.35252569E+01
 0.35299613E+01
 0.35410933E+01
 0.35463457E+01
 0.35504296E+01
 0.35587882E+01
 0.35589756E+01
 0.35750586E+01
 0.35784357E+01
 0.35929770E+01
 0.35948572E+01
 0.36106164E+01
 0.36258061E+01
 0.39084686E+01
 0.39109518E+01
 0.39297816E+01
 0.39331034E+01
 0.39342505E+01
 0.39368545E+01
 0.39679247E+01
 0.39704579E+01
 0.39773164E+01
 0.39776984E+01
 0.40085359E+01
 0.40099650E+01
 0.40139326E+01
 0.40157884E+01
 0.40181066E+01
 0.40229246E+01
 0.40359439E+01
 0.40368468E+01
 0.40638893E+01
 0.40648209E+01
 0.40678835E+01
 0.40703773E+01
 0.42124150E+01
 0.42126104E+01
 0.42414963E+01
 0.42416419E+01
 0.42523814E+01
 0.42524491E+01
 0.42605730E+01
 0.42609968E+01
 0.42936732E+01
 0.42939066E+01
 0.42976627E+01
 0.42979302E+01
 0.43005147E+01
 0.43008988E+01
 0.43340323E+01
 0.43362827E+01
 0.43484184E+01
 0.43486032E+01
 0.43510354E+01
 0.43515120E+01
 0.43554606E+01
 0.43558145E+01
 0.43657282E+01
 0.43743268E+01
 0.43821740E+01
 0.43850777E+01
 0.43934364E+01
 0.43945895E+01
 0.44008467E+01
 0.44028794E+01
 0.44110781E+01
 0.44127662E+01
 0.44147591E+01
 0.44236741E+01
 0.44385682E+01
 0.44408545E+01
 0.44456064E+01
 0.44474687E+01
 0.44599284E+01
 0.44615232E+01
 0.44693944E+01
 0.44715160E+01
 0.44725230E+01
 0.44795155E+01
 0.44857914E+01
 0.44868326E+01
 0.44879943E+01
 0.44912596E+01
 0.44949928E+01
 0.44967190E+01
 0.45063332E+01
 0.45073251E+01
 0.45116250E+01
 0.45213841E+01
 0.45262324E+01
 0.45323131E+01
 0.45332189E+01
 0.45338538E+01
 0.45402613E+01
 0.45472137E+01
 0.45485325E+01
 0.45573460E+01
 0.45703989E+01
 0.45718805E+01
 0.45862940E+01
 0.45892526E+01
 0.45971081E+01
 0.45991896E+01
 0.46027555E+01
 0.46049985E+01
 0.46114981E+01
 0.46190593E+01
 0.46238149E+01
 0.46306704E+01
 0.46360431E+01
 0.46390158E+01
 0.46418464E+01
 0.46427268E+01
 0.46500410E+01
 0.46550360E+01
 0.46574704E+01
 0.46637774E+01
 0.46732124E+01
 0.46743523E+01
 0.46824108E+01
 0.46886664E+01
 0.46925479E+01
 0.47003907E+01
 0.47030675E+01
 0.47086469E+01
 0.47383067E+01
 0.47513178E+01
 0.47635923E+01
 0.47691213E+01
 0.47795147E+01
 0.47809564E+01
 0.47879756E+01
 0.47883139E+01
 0.48048715E+01
 0.48097400E+01
 0.48210139E+01
 0.48325110E+01
 0.48694363E+01
 0.48715274E+01
 0.49145868E+01
 0.49276450E+01
 0.49371211E+01
 0.49371682E+01
 0.49627995E+01
 0.49629258E+01
 0.49959456E+01
 0.49984282E+01
 0.50505684E+01
 0.50518459E+01
 0.51450364E+01
 0.51493223E+01
 0.56619092E+01
 0.56621110E+01
 0.60570991E+01
 0.60653227E+01
 0.69600723E+01
 0.69622524E+01
 0.73440726E+01
 0.73590757E+01
