     226    495       -0.00014
     227    495       -0.00010
     241    495       -0.00018
     241    496       -0.00018
     242    495       -0.00020
     242    496        0.00013
     245    495        0.00030
     245    496        0.00012
     245    498        0.00011
     246    495        0.00017
     246    496       -0.00023
     247    496       -0.00022
     247    498       -0.00011
     248    495        0.00041
     248    497        0.00011
     253    495       -0.00011
     253    496        0.00013
     254    495        0.00016
     261    495       -0.00017
     262    496        0.00015
     263    495       -0.00043
     263    496        0.00013
     263    497       -0.00013
     264    495       -0.00024
     264    496       -0.00032
     264    498       -0.00017
     267    495        0.00032
     267    497        0.00010
     268    496        0.00030
     268    498        0.00015
     268    499       -0.00014
     268    513       -0.00011
     269    495       -0.00018
     270    496        0.00013
     271    510       -0.00010
     272    509       -0.00010
     276    496       -0.00011
     277    495        0.00011
     279    509        0.00011
     280    510        0.00010
     281    509       -0.00015
     282    496        0.00013
     282    510       -0.00016
     295    626       -0.00011
     296    495        0.00016
     296    521        0.00012
     297    495        0.00014
     298    495        0.00015
     300    562        0.00012
     310    534       -0.00011
     313    562        0.00011
     313    716        0.00010
     314    551        0.00011
     314    718       -0.00010
     320    507        0.00012
     320    514        0.00013
     329    495        0.00011
     329    503        0.00017
     329    536       -0.00019
     329    544        0.00010
     329    561       -0.00012
     330    495        0.00012
     330    504        0.00014
     330    536        0.00014
     330    537       -0.00011
     330    559       -0.00013
     335    495       -0.00015
     335    497       -0.00016
     335    500       -0.00014
     335    504        0.00015
     338    626        0.00011
     340    495       -0.00013
     340    496        0.00012
     340    497       -0.00012
     340    501       -0.00012
     340    503        0.00014
     345    495        0.00015
     346    496        0.00015
     347    495       -0.00030
     348    499       -0.00013
     349    499       -0.00012
     350    495       -0.00025
     350    499        0.00021
     352    499       -0.00010
     353    496        0.00011
     353    498        0.00013
     353    499       -0.00033
     354    499       -0.00024
     355    499       -0.00015
     361    495       -0.00012
     363    495       -0.00023
     363    497       -0.00014
     363    500       -0.00022
     363    502        0.00029
     363    532        0.00011
     363    667       -0.00013
     364    495       -0.00011
     364    496       -0.00030
     364    498       -0.00012
     364    508        0.00017
     364    527        0.00011
     364    559        0.00010
     365    496        0.00011
     365    502       -0.00010
     366    495        0.00010
     366    496        0.00021
     366    498        0.00011
     369    644        0.00011
     369    656       -0.00011
     370    495        0.00014
     371    499       -0.00016
     371    626       -0.00014
     371    690        0.00010
     373    495       -0.00019
     373    496        0.00020
     373    498        0.00015
     373    499       -0.00039
     373    501       -0.00013
     373    502        0.00012
     373    508        0.00015
     373    527        0.00011
     373    528       -0.00019
     373    531       -0.00012
     373    536        0.00018
     374    495       -0.00014
     374    496       -0.00011
     375    495        0.00015
     375    499       -0.00024
     376    673       -0.00012
     377    496       -0.00012
     377    498       -0.00013
     377    499        0.00020
     377    524        0.00011
     377    528        0.00012
     378    495       -0.00028
     378    498       -0.00017
     378    499        0.00033
     378    500       -0.00015
     378    502        0.00025
     379    495        0.00014
     380    495        0.00020
     380    496       -0.00012
     380    502       -0.00020
     382    495        0.00010
     384    495       -0.00018
     384    497       -0.00010
     384    514        0.00010
     385    499       -0.00010
     385    500        0.00011
     386    496       -0.00013
     386    499        0.00015
     386    501        0.00011
     386    531        0.00017
     393    519       -0.00016
     393    521       -0.00018
     393    522       -0.00011
     393    542        0.00011
     393    546        0.00011
     393    553        0.00011
     393    563        0.00010
     393    574        0.00011
     393    575       -0.00016
     393    582       -0.00013
     393    587       -0.00010
     393    591       -0.00015
     393    593        0.00015
     393    604        0.00012
     393    608        0.00014
     393    611       -0.00015
     393    617        0.00010
     393    618        0.00013
     393    626       -0.00014
     393    635       -0.00013
     393    638       -0.00010
     394    521        0.00019
     394    522       -0.00027
     394    542       -0.00011
     394    545       -0.00013
     394    546       -0.00012
     394    547        0.00011
     394    553        0.00010
     394    575        0.00011
     394    592        0.00017
     394    594       -0.00011
     394    595        0.00010
     394    604       -0.00012
     394    608       -0.00010
     394    626       -0.00013
     395    518        0.00011
     395    519        0.00026
     395    521        0.00029
     395    542       -0.00014
     395    563       -0.00011
     395    575        0.00015
     395    582        0.00010
     395    587        0.00012
     395    591        0.00013
     395    593       -0.00010
     395    604       -0.00016
     395    608       -0.00019
     395    611        0.00016
     395    617       -0.00014
     395    618       -0.00017
     395    622       -0.00012
     395    635        0.00019
     395    638        0.00013
     395    643        0.00013
     395    654        0.00012
     395    658       -0.00014
     395    673       -0.00015
     396    518       -0.00019
     396    520        0.00017
     396    521        0.00011
     396    522       -0.00034
     396    526        0.00010
     396    531       -0.00012
     396    545       -0.00013
     396    547        0.00013
     396    556        0.00013
     396    557       -0.00011
     396    589       -0.00013
     396    591       -0.00011
     396    592        0.00016
     396    593        0.00015
     396    594       -0.00013
     396    596        0.00014
     396    609        0.00011
     396    620       -0.00016
     396    626       -0.00027
     396    631        0.00019
     396    639        0.00011
     396    662        0.00013
     396    674        0.00011
     397    498        0.00010
     397    499       -0.00022
     397    524       -0.00017
     397    525        0.00012
     397    528        0.00012
     397    536       -0.00018
     397    539        0.00012
     398    502        0.00022
     398    520       -0.00011
     398    529        0.00012
     399    502        0.00020
     399    505        0.00011
     399    520        0.00012
     399    521       -0.00023
     399    529        0.00010
     400    520       -0.00013
     400    521       -0.00011
     400    522        0.00015
     401    519       -0.00011
     401    542        0.00012
     401    554       -0.00014
     401    575       -0.00013
     402    518       -0.00012
     402    538        0.00011
     403    522       -0.00013
     404    519       -0.00014
     404    521       -0.00010
     406    495       -0.00049
     406    496        0.00015
     406    507       -0.00018
     406    517       -0.00011
     406    563        0.00011
     406    659       -0.00011
     408    496        0.00010
     408    510        0.00014
     408    522        0.00012
     408    539       -0.00020
     408    545        0.00013
     408    551       -0.00012
     408    594        0.00011
     408    637       -0.00011
     409    495       -0.00011
     409    507       -0.00016
     409    516       -0.00012
     409    529        0.00011
     409    542       -0.00010
     409    632        0.00013
     413    502       -0.00012
     413    505        0.00011
     413    507        0.00018
     413    509       -0.00018
     413    532       -0.00015
     413    535       -0.00012
     413    629        0.00011
     414    498       -0.00017
     414    501       -0.00014
     414    508        0.00011
     414    510        0.00012
     414    515        0.00012
     414    524       -0.00012
     414    526       -0.00011
     414    528        0.00013
     414    531       -0.00020
     414    626        0.00010
     415    496       -0.00021
     415    503        0.00011
     415    508       -0.00015
     415    518       -0.00017
     415    519       -0.00018
     415    522       -0.00015
     415    542        0.00011
     415    543        0.00010
     415    545       -0.00014
     416    495        0.00013
     416    496        0.00049
     416    498        0.00027
     416    499       -0.00020
     416    506        0.00017
     416    508        0.00034
     416    524       -0.00012
     416    531       -0.00011
     417    495       -0.00016
     417    497       -0.00015
     417    500       -0.00011
     417    502        0.00014
     417    529        0.00016
     418    496        0.00028
     418    498        0.00019
     418    508        0.00021
     418    521       -0.00011
     418    522        0.00015
     418    542        0.00011
     419    495        0.00026
     419    497        0.00013
     419    498        0.00015
     419    507        0.00010
     419    508        0.00013
     420    495        0.00010
     420    496       -0.00029
     420    497        0.00012
     420    498       -0.00011
     420    502       -0.00011
     420    506       -0.00011
     420    508       -0.00013
     421    495       -0.00037
     421    496        0.00018
     421    497       -0.00022
     421    500       -0.00013
     421    502        0.00015
     421    507       -0.00012
     421    519        0.00016
     421    521        0.00015
     421    526        0.00010
     421    529        0.00015
     422    495        0.00021
     422    497        0.00015
     422    498        0.00011
     422    534        0.00011
     422    542       -0.00012
     422    550        0.00013
     423    496        0.00020
     423    506        0.00015
     423    526        0.00010
     424    521        0.00013
     425    495       -0.00016
     425    496        0.00021
     425    497       -0.00012
     425    499       -0.00011
     425    500       -0.00016
     425    502        0.00014
     425    519        0.00011
     425    529        0.00016
     426    495       -0.00038
     426    500       -0.00020
     426    501       -0.00010
     426    502        0.00012
     426    505       -0.00012
     426    506       -0.00012
     426    514       -0.00013
     426    519        0.00012
     426    525        0.00011
     426    529        0.00021
     427    522       -0.00012
     428    495       -0.00021
     428    496        0.00012
     428    497       -0.00011
     428    500       -0.00016
     428    502        0.00016
     428    519       -0.00014
     428    521       -0.00014
     428    529        0.00013
     429    495        0.00015
     429    512       -0.00014
     430    495       -0.00010
     431    495       -0.00037
     431    496        0.00019
     431    497       -0.00014
     431    518       -0.00016
     431    519       -0.00036
     431    520        0.00014
     431    521       -0.00044
     431    522       -0.00010
     431    535       -0.00022
     431    542        0.00015
     431    544        0.00011
     432    495        0.00039
     432    497        0.00011
     432    498        0.00012
     432    499       -0.00016
     432    518       -0.00014
     432    520        0.00018
     432    521        0.00013
     432    522       -0.00043
     432    524        0.00011
     432    525       -0.00015
     432    526        0.00019
     432    531       -0.00011
     432    539        0.00018
     432    545       -0.00018
     432    592        0.00012
     432    657        0.00014
     432    774       -0.00011
     433    521       -0.00010
     433    522        0.00017
     434    536        0.00010
     435    495        0.00069
     435    496       -0.00039
     435    497        0.00038
     435    500        0.00046
     435    502       -0.00042
     435    503        0.00010
     435    505        0.00021
     435    507        0.00020
     435    523        0.00011
     435    529       -0.00034
     435    534        0.00010
     435    542        0.00012
     435    548        0.00011
     435    554       -0.00012
     436    495       -0.00031
     436    497       -0.00014
     436    498       -0.00016
     436    499        0.00057
     436    500       -0.00019
     436    501        0.00022
     436    502        0.00018
     436    505       -0.00011
     436    507       -0.00013
     436    519        0.00019
     436    521        0.00013
     436    529        0.00015
     436    539       -0.00010
     436    543       -0.00010
     436    551        0.00011
     437    498       -0.00015
     437    499        0.00070
     437    501        0.00036
     437    519       -0.00012
     437    521       -0.00012
     437    524        0.00011
     437    539       -0.00012
     437    547        0.00011
     437    549        0.00016
     437    551        0.00014
     438    495       -0.00011
     438    496       -0.00020
     438    498       -0.00023
     438    499        0.00072
     438    501        0.00033
     438    522       -0.00017
     438    524        0.00017
     438    526        0.00013
     438    528        0.00014
     438    549        0.00014
     438    551        0.00014
     439    495       -0.00019
     439    496        0.00101
     439    498        0.00045
     439    499       -0.00040
     439    503       -0.00031
     439    506        0.00018
     439    507        0.00014
     439    508        0.00030
     439    513       -0.00020
     439    531       -0.00014
     439    539       -0.00023
     439    596        0.00016
     439    700       -0.00011
     439    704       -0.00012
     439    715        0.00011
     440    495        0.00125
     440    496        0.00033
     440    497        0.00018
     440    498        0.00032
     440    499       -0.00017
     440    504        0.00016
     440    507       -0.00012
     440    508        0.00013
     440    521        0.00011
     440    530       -0.00012
     440    532        0.00015
     440    535        0.00014
     441    495        0.00018
     441    496        0.00061
     441    498        0.00028
     441    499       -0.00016
     441    508        0.00010
     441    518       -0.00023
     441    519       -0.00021
     441    520        0.00026
     441    521       -0.00011
     441    522       -0.00033
     441    525       -0.00013
     441    526        0.00011
     441    527        0.00012
     441    531       -0.00018
     441    547        0.00011
     441    564        0.00012
     441    572       -0.00015
     441    739       -0.00011
     441    745        0.00011
     441    746       -0.00015
     441    757       -0.00010
     441    815        0.00011
     442    519        0.00019
     442    521        0.00035
     442    522       -0.00012
     442    542       -0.00018
     442    546       -0.00011
     442    561        0.00013
     442    571        0.00013
     443    495       -0.00023
     443    496       -0.00023
     443    498       -0.00012
     443    518        0.00012
     443    519       -0.00015
     443    521       -0.00019
     443    522        0.00018
     443    526       -0.00011
     443    542        0.00010
     444    496       -0.00022
     444    518        0.00023
     444    519        0.00022
     445    499       -0.00017
     445    518       -0.00010
     446    499        0.00021
     446    518        0.00014
     446    519        0.00013
     447    495        0.00014
     447    496        0.00048
     447    498        0.00013
     447    499        0.00056
     447    501        0.00020
     447    506        0.00023
     447    508        0.00016
     447    513       -0.00011
     447    524        0.00018
     447    526        0.00014
     447    531        0.00024
     447    536       -0.00012
     447    551        0.00013
     447    559        0.00012
     447    566       -0.00014
     447    704       -0.00011
     448    495        0.00070
     448    496       -0.00020
     448    497        0.00034
     448    500        0.00017
     448    502       -0.00026
     448    505        0.00033
     448    507        0.00019
     448    521        0.00011
     448    523        0.00011
     448    525       -0.00010
     448    528       -0.00010
     448    529       -0.00027
     448    530        0.00013
     448    533        0.00010
     448    534        0.00011
     448    535        0.00013
     448    548        0.00011
     448    561       -0.00013
     448    610        0.00010
     448    615       -0.00010
     448    622       -0.00015
     448    623        0.00021
     448    629       -0.00013
     448    632        0.00011
     448    643       -0.00010
     448    673       -0.00013
     449    495        0.00051
     449    496        0.00011
     449    500       -0.00021
     449    502        0.00061
     449    514        0.00012
     449    519        0.00017
     449    521        0.00011
     449    525        0.00014
     449    526        0.00011
     449    529        0.00024
     449    537        0.00012
     449    554        0.00014
     449    561       -0.00011
     449    590        0.00010
     449    708        0.00011
     450    495        0.00012
     450    522       -0.00010
     451    496        0.00015
     451    503        0.00016
     451    520        0.00015
     451    521       -0.00012
     452    495       -0.00065
     452    496       -0.00098
     452    498       -0.00034
     452    499       -0.00011
     452    501       -0.00021
     452    503       -0.00039
     452    507        0.00011
     452    509        0.00012
     452    510       -0.00040
     452    524        0.00010
     452    527       -0.00011
     452    528        0.00016
     452    588        0.00015
     452    596        0.00016
     452    602       -0.00012
     452    624       -0.00012
     453    496        0.00016
     453    500        0.00012
     453    503       -0.00021
     453    504       -0.00022
     453    509        0.00062
     453    510        0.00024
     453    514       -0.00013
     454    495       -0.00055
     454    496       -0.00057
     454    498       -0.00022
     454    499       -0.00016
     454    501       -0.00018
     454    503       -0.00018
     454    509       -0.00012
     454    510        0.00049
     454    527       -0.00011
     454    528        0.00011
     454    531       -0.00011
     454    551        0.00016
     454    596        0.00012
     454    602       -0.00015
     454    661       -0.00010
     455    495       -0.00151
     455    496        0.00086
     455    497       -0.00038
     455    499       -0.00022
     455    500        0.00016
     455    502       -0.00017
     455    503       -0.00029
     455    504       -0.00029
     455    507        0.00025
     455    508        0.00026
     455    509       -0.00018
     455    513       -0.00016
     455    514       -0.00012
     455    515        0.00012
     455    516        0.00011
     455    527        0.00012
     455    590       -0.00015
     455    593       -0.00017
     456    495        0.00101
     456    496        0.00029
     456    498        0.00027
     456    499       -0.00060
     456    503       -0.00017
     456    504        0.00037
     456    506        0.00017
     456    508        0.00053
     456    513       -0.00025
     456    515        0.00016
     456    526        0.00018
     456    527        0.00010
     456    531        0.00015
     456    566       -0.00016
     456    588        0.00015
     456    593        0.00011
     456    602       -0.00011
     457    495       -0.00096
     457    496        0.00013
     457    498        0.00015
     457    500       -0.00033
     457    502        0.00036
     457    503       -0.00047
     457    504       -0.00027
     457    507       -0.00010
     457    508       -0.00011
     457    509       -0.00011
     457    525        0.00011
     457    529        0.00040
     457    531       -0.00014
     457    532       -0.00010
     457    535       -0.00017
     457    561        0.00011
     458    496        0.00024
     458    499        0.00045
     458    500       -0.00010
     458    501        0.00018
     458    502        0.00018
     458    504       -0.00067
     458    506        0.00010
     458    514        0.00012
     458    515       -0.00013
     458    524        0.00013
     458    528        0.00010
     458    529        0.00020
     458    531        0.00013
     458    532       -0.00013
     458    535       -0.00011
     459    495        0.00040
     459    496        0.00017
     459    497        0.00019
     459    498        0.00043
     459    499       -0.00085
     459    500        0.00012
     459    501       -0.00024
     459    503       -0.00049
     459    508        0.00022
     459    514        0.00022
     459    515        0.00018
     459    524       -0.00016
     459    527        0.00017
     459    528       -0.00018
     459    531       -0.00017
     459    532       -0.00014
     460    495        0.00016
     460    496        0.00040
     460    498        0.00046
     460    499       -0.00123
     460    501       -0.00049
     460    502       -0.00013
     460    503       -0.00015
     460    504        0.00018
     460    506        0.00029
     460    508        0.00065
     460    513       -0.00033
     460    514       -0.00011
     460    515        0.00022
     460    525       -0.00011
     460    527        0.00010
     460    528       -0.00023
     460    549       -0.00011
     460    600        0.00010
     460    661        0.00012
     461    495        0.00204
     461    496        0.00496
     461    497       -0.00012
     461    498        0.00211
     461    499        0.00029
     461    500       -0.00013
     461    501        0.00119
     461    502        0.00015
     461    503       -0.00111
     461    504        0.00062
     461    506        0.00037
     461    508        0.00032
     461    513       -0.00109
     461    515        0.00046
     461    524       -0.00018
     461    531       -0.00025
     461    596       -0.00013
     461    602        0.00011
     461    603        0.00010
     461    620       -0.00010
     461    637       -0.00017
     461    640        0.00014
     461    645       -0.00011
     462    496        0.00035
     462    498        0.00011
     462    518       -0.00011
     462    519       -0.00014
     462    521       -0.00011
     462    522       -0.00011
     462    575       -0.00014
     462    674        0.00011
     463    495        0.00032
     463    496        0.00027
     463    498        0.00014
     463    521        0.00011
     463    522       -0.00013
     463    575        0.00010
     463    674        0.00010
     464    495        0.00042
     464    497       -0.00020
     464    498       -0.00017
     464    499       -0.00015
     464    500        0.00057
     464    502       -0.00065
     464    503       -0.00018
     464    504       -0.00012
     464    505        0.00020
     464    507        0.00012
     464    514        0.00026
     464    516       -0.00024
     464    523        0.00011
     464    525       -0.00012
     464    529       -0.00032
     464    532        0.00012
     464    535        0.00022
     464    569       -0.00012
     464    708        0.00012
     465    495       -0.00032
     465    496       -0.00089
     465    497       -0.00023
     465    498       -0.00111
     465    499        0.00027
     465    500        0.00014
     465    505        0.00011
     465    507       -0.00012
     465    508       -0.00048
     465    513        0.00015
     465    515       -0.00028
     465    516       -0.00014
     466    496        0.00021
     466    497       -0.00045
     466    498       -0.00021
     466    500       -0.00029
     466    502        0.00078
     466    503       -0.00014
     466    504       -0.00025
     466    506        0.00011
     466    507       -0.00028
     466    514       -0.00019
     466    525        0.00018
     466    526        0.00015
     466    529        0.00039
     466    532       -0.00022
     466    535       -0.00026
     466    537        0.00011
     466    632       -0.00013
     466    654        0.00011
     467    495       -0.00206
     467    496       -0.00407
     467    498       -0.00234
     467    499        0.00264
     467    501        0.00039
     467    503        0.00028
     467    504       -0.00040
     467    506       -0.00051
     467    507       -0.00020
     467    508       -0.00124
     467    513        0.00072
     467    515       -0.00055
     467    516       -0.00016
     467    520        0.00015
     467    525        0.00031
     467    526       -0.00036
     467    527       -0.00051
     467    528        0.00064
     467    540        0.00015
     467    559       -0.00026
     467    564       -0.00015
     467    565        0.00012
     467    566        0.00033
     467    572        0.00020
     467    607       -0.00011
     467    613        0.00012
     467    624        0.00022
     467    626        0.00016
     467    633        0.00012
     467    634       -0.00014
     467    639        0.00018
     467    645        0.00021
     467    647       -0.00015
     467    652        0.00010
     467    704        0.00013
     467    707        0.00014
     467    715       -0.00011
     468    495       -0.00063
     468    496       -0.00062
     468    498       -0.00046
     468    503       -0.00020
     468    506       -0.00014
     468    508       -0.00031
     468    513        0.00053
     468    515       -0.00034
     468    516       -0.00010
     468    522        0.00013
     468    525        0.00018
     468    526       -0.00026
     468    527       -0.00029
     468    528        0.00028
     468    559       -0.00016
     468    566        0.00012
     468    588        0.00010
     468    607        0.00010
     468    645        0.00017
     468    652        0.00017
     468    656       -0.00014
     468    686        0.00011
     468    700        0.00010
     468    718       -0.00014
     468    725        0.00013
     468    727        0.00016
     469    495       -0.00245
     469    496        0.00064
     469    497       -0.00045
     469    498       -0.00010
     469    499        0.00011
     469    500       -0.00027
     469    501       -0.00012
     469    503        0.00048
     469    504        0.00025
     469    505        0.00014
     469    506       -0.00010
     469    507        0.00055
     469    514        0.00045
     469    516       -0.00012
     469    519       -0.00013
     469    523        0.00011
     469    525       -0.00019
     469    526       -0.00016
     469    529       -0.00022
     469    532        0.00022
     469    535        0.00011
     469    548        0.00022
     469    561       -0.00024
     469    563       -0.00012
     469    574       -0.00010
     469    583       -0.00012
     469    587        0.00010
     469    610        0.00012
     469    615       -0.00011
     469    648       -0.00011
     469    659       -0.00013
     469    703        0.00011
     469    719       -0.00013
     469    720       -0.00011
     469    730        0.00018
     469    733       -0.00011
     470    495       -0.00476
     470    496        0.00111
     470    497       -0.00116
     470    498       -0.00027
     470    500       -0.00033
     470    501       -0.00014
     470    502       -0.00023
     470    503        0.00028
     470    505       -0.00021
     470    506       -0.00018
     470    507        0.00038
     470    513        0.00018
     470    514        0.00058
     470    516       -0.00016
     470    517        0.00020
     470    519       -0.00014
     470    523        0.00023
     470    525       -0.00037
     470    526       -0.00029
     470    527       -0.00010
     470    528       -0.00015
     470    529       -0.00071
     470    532        0.00035
     470    535        0.00035
     470    547        0.00011
     470    548        0.00020
     470    561       -0.00028
     470    565        0.00013
     470    597       -0.00015
     470    610        0.00018
     470    615       -0.00015
     470    622       -0.00012
     470    623        0.00016
     470    628       -0.00011
     470    629       -0.00011
     470    632        0.00014
     470    659       -0.00010
     471    495        0.00101
     471    496       -0.00017
     471    497        0.00020
     471    498        0.00011
     471    500        0.00021
     471    501       -0.00012
     471    502        0.00012
     471    504        0.00012
     471    514       -0.00016
     471    529        0.00014
     472    495       -0.00057
     472    496        0.00028
     472    498        0.00013
     472    500       -0.00041
     472    501       -0.00051
     472    502       -0.00027
     472    503       -0.00016
     472    505        0.00017
     472    506        0.00021
     472    529       -0.00016
     473    495       -0.00436
     473    496        0.00064
     473    497       -0.00083
     473    498       -0.00037
     473    499        0.00078
     473    500       -0.00038
     473    501        0.00023
     473    502        0.00032
     473    503       -0.00012
     473    504       -0.00012
     473    505        0.00015
     473    506       -0.00014
     473    507        0.00039
     473    508       -0.00032
     473    513        0.00013
     473    514        0.00031
     473    515       -0.00014
     473    524        0.00012
     473    527       -0.00016
     473    528        0.00012
     473    529       -0.00013
     473    535        0.00012
     473    537       -0.00014
     473    540        0.00010
     473    542        0.00023
     473    544        0.00010
     473    547        0.00023
     473    548        0.00052
     473    554       -0.00011
     473    558        0.00014
     473    559       -0.00015
     473    560       -0.00016
     473    561       -0.00038
     473    563       -0.00017
     473    569       -0.00012
     473    574       -0.00011
     473    588        0.00024
     473    589        0.00023
     473    590        0.00044
     473    593        0.00047
     473    594        0.00012
     473    596       -0.00019
     473    604       -0.00013
     473    610        0.00012
     473    615       -0.00020
     473    622       -0.00010
     473    629        0.00018
     473    630       -0.00014
     473    631       -0.00013
     473    632       -0.00014
     473    642        0.00011
     473    648       -0.00024
     473    654        0.00012
     473    664       -0.00010
     473    667       -0.00022
     473    708       -0.00017
     473    730        0.00012
     473    741        0.00013
     473    908        0.00012
     474    495        0.00015
     474    496       -0.00174
     474    498       -0.00156
     474    499        0.00387
     474    500       -0.00025
     474    501        0.00112
     474    503        0.00054
     474    504       -0.00019
     474    505       -0.00023
     474    506       -0.00090
     474    507       -0.00025
     474    508       -0.00168
     474    510       -0.00016
     474    513        0.00044
     474    515       -0.00059
     474    520        0.00016
     474    524        0.00045
     474    525        0.00035
     474    526       -0.00029
     474    527       -0.00079
     474    528        0.00088
     474    531        0.00025
     474    536        0.00015
     474    539        0.00013
     474    540        0.00018
     474    541       -0.00015
     474    543       -0.00012
     474    545       -0.00022
     474    547       -0.00023
     474    549       -0.00024
     474    551       -0.00017
     474    556        0.00013
     474    559       -0.00038
     474    561        0.00017
     474    566        0.00027
     474    567        0.00021
     474    570       -0.00012
     474    572        0.00016
     474    573        0.00011
     474    576        0.00010
     474    578        0.00013
     474    586        0.00011
     474    588        0.00025
     474    589       -0.00016
     474    590       -0.00012
     474    591        0.00010
     474    592       -0.00012
     474    593       -0.00011
     474    595        0.00012
     474    596        0.00027
     474    600        0.00013
     474    602       -0.00023
     474    626        0.00014
     474    634       -0.00011
     474    639        0.00016
     474    640        0.00017
     474    645        0.00022
     474    672        0.00010
     474    686        0.00012
     474    698        0.00013
     474    704        0.00013
     474    707        0.00012
     474    923        0.00012
     475    495       -0.00260
     475    496        0.00038
     475    497       -0.00130
     475    498       -0.00039
     475    499        0.00034
     475    500       -0.00179
     475    501       -0.00011
     475    502        0.00249
     475    504       -0.00019
     475    505        0.00026
     475    506        0.00015
     475    507       -0.00033
     475    508       -0.00012
     475    514        0.00018
     475    516       -0.00031
     475    529        0.00013
     475    530        0.00018
     475    537        0.00013
     475    554        0.00014
     475    561       -0.00015
     475    569        0.00015
     475    571       -0.00015
     475    588       -0.00013
     475    590       -0.00015
     475    593       -0.00030
     475    622        0.00012
     475    659        0.00018
     475    667        0.00015
     476    495        0.00075
     476    496       -0.00039
     476    497        0.00019
     476    499       -0.00011
     476    500        0.00012
     476    502       -0.00011
     476    508        0.00011
     476    518        0.00025
     476    519        0.00029
     476    520       -0.00021
     476    521        0.00027
     476    522        0.00025
     476    525        0.00015
     476    531        0.00010
     476    535        0.00013
     476    539       -0.00015
     476    542       -0.00015
     476    545        0.00011
     476    546       -0.00011
     476    584        0.00013
     476    589        0.00012
     476    696       -0.00010
     477    495        0.00103
     477    496       -0.00012
     477    497        0.00019
     477    499        0.00024
     477    501        0.00016
     477    506       -0.00010
     477    508       -0.00017
     477    514       -0.00011
     477    519        0.00013
     477    520        0.00013
     477    521        0.00033
     477    522       -0.00030
     477    526        0.00016
     477    535        0.00011
     477    539        0.00013
     477    542       -0.00017
     477    545       -0.00012
     477    546       -0.00010
     477    562        0.00012
     477    583       -0.00011
     478    495       -0.00148
     478    496       -0.00181
     478    498       -0.00097
     478    499        0.00162
     478    501        0.00046
     478    503        0.00023
     478    504       -0.00010
     478    506       -0.00061
     478    508       -0.00078
     478    513        0.00027
     478    515       -0.00035
     478    524        0.00019
     478    527       -0.00010
     478    528        0.00020
     478    531        0.00025
     478    566        0.00010
     478    596       -0.00010
     479    495       -0.00046
     479    496        0.00181
     479    497       -0.00041
     479    498        0.00061
     479    499       -0.00089
     479    500       -0.00013
     479    501       -0.00031
     479    502       -0.00016
     479    503       -0.00019
     479    504        0.00013
     479    505        0.00016
     479    506        0.00043
     479    508        0.00038
     479    513       -0.00016
     479    515        0.00025
     479    516        0.00022
     479    517       -0.00012
     479    520       -0.00012
     479    528       -0.00012
     479    531       -0.00014
     479    534        0.00012
     480    495       -0.00110
     480    496       -0.00148
     480    498       -0.00069
     480    499        0.00030
     480    500        0.00016
     480    502       -0.00026
     480    506       -0.00023
     480    513        0.00018
     480    518       -0.00016
     480    531        0.00010
     480    538       -0.00010
     480    596       -0.00014
     481    496        0.00069
     481    497        0.00013
     481    498        0.00029
     481    499       -0.00019
     481    500        0.00056
     481    501       -0.00014
     481    502       -0.00142
     481    504        0.00018
     481    515        0.00011
     481    516        0.00033
     481    532        0.00012
     481    537       -0.00010
     481    548        0.00011
     481    590        0.00013
     481    659       -0.00011
     482    495        0.00027
     482    496        0.00164
     482    497       -0.00014
     482    498        0.00102
     482    499       -0.00382
     482    500        0.00034
     482    501       -0.00125
     482    502       -0.00025
     482    503       -0.00038
     482    504        0.00022
     482    505        0.00019
     482    506        0.00137
     482    507        0.00027
     482    508        0.00284
     482    510        0.00027
     482    513       -0.00037
     482    515        0.00067
     482    520       -0.00010
     482    524       -0.00082
     482    527        0.00048
     482    528       -0.00039
     482    530       -0.00018
     482    531       -0.00058
     482    532        0.00010
     482    533       -0.00011
     482    535        0.00013
     482    539        0.00014
     482    540       -0.00021
     482    564        0.00012
     482    566       -0.00012
     482    584       -0.00011
     482    596        0.00011
     482    639       -0.00015
     482    698       -0.00016
     482    704       -0.00011
     482    707       -0.00017
     483    495        0.00267
     483    496        0.00668
     483    497       -0.00018
     483    498        0.00347
     483    499       -0.00268
     483    501        0.00028
     483    502        0.00022
     483    503       -0.00033
     483    504        0.00050
     483    505        0.00016
     483    506        0.00087
     483    508        0.00077
     483    513       -0.00093
     483    514       -0.00014
     483    524       -0.00025
     483    528       -0.00024
     483    531       -0.00035
     483    533       -0.00012
     483    536        0.00024
     483    539        0.00031
     483    540       -0.00014
     483    547       -0.00015
     483    549       -0.00019
     483    551       -0.00020
     483    588        0.00032
     483    591        0.00012
     483    592       -0.00012
     483    595        0.00019
     483    596        0.00038
     483    598       -0.00013
     483    600        0.00019
     483    602       -0.00037
     483    603        0.00012
     483    605       -0.00013
     483    725       -0.00012
     484    495       -0.00094
     484    496        0.00015
     484    497       -0.00145
     484    498       -0.00053
     484    499        0.00046
     484    500       -0.00158
     484    502        0.00227
     484    503       -0.00055
     484    504       -0.00026
     484    505        0.00029
     484    514       -0.00057
     484    516        0.00047
     484    519        0.00011
     484    523       -0.00019
     484    525        0.00049
     484    526        0.00037
     484    528        0.00017
     484    529        0.00032
     484    530        0.00026
     484    532       -0.00055
     484    533        0.00019
     484    535       -0.00022
     484    542        0.00022
     484    544        0.00010
     484    548        0.00015
     484    565       -0.00011
     484    571       -0.00011
     484    587       -0.00012
     484    590        0.00015
     484    593        0.00020
     484    595       -0.00010
     484    628        0.00017
     484    629        0.00017
     484    630       -0.00016
     484    631       -0.00013
     484    632       -0.00017
     484    643        0.00014
     484    648       -0.00016
     484    654        0.00011
     484    659        0.00026
     484    664       -0.00010
     484    708       -0.00012
     484    730       -0.00010
     484    747        0.00013
     485    495       -0.00160
     485    496        0.00032
     485    497       -0.00079
     485    498       -0.00029
     485    499        0.00015
     485    500       -0.00035
     485    502        0.00010
     485    503        0.00049
     485    504        0.00022
     485    505       -0.00026
     485    507       -0.00054
     485    508       -0.00016
     485    509        0.00012
     485    514       -0.00053
     485    515       -0.00013
     485    516        0.00015
     485    528        0.00014
     485    530       -0.00014
     485    531        0.00011
     485    532        0.00023
     485    535        0.00024
     485    540        0.00012
     485    542        0.00021
     485    546        0.00012
     485    547        0.00031
     485    548        0.00065
     485    550       -0.00024
     485    561       -0.00026
     485    588       -0.00011
     485    593       -0.00014
     485    622       -0.00012
     485    623        0.00022
     485    654       -0.00010
     485    667       -0.00011
     485    703        0.00012
     485    730        0.00013
     486    495        0.00623
     486    496        0.01295
     486    497       -0.00022
     486    498        0.00630
     486    499       -0.00982
     486    500        0.00066
     486    501       -0.00190
     486    502       -0.00036
     486    503       -0.00141
     486    504        0.00075
     486    505        0.00033
     486    506        0.00180
     486    507        0.00022
     486    508        0.00225
     486    510        0.00034
     486    513       -0.00202
     486    515        0.00106
     486    520       -0.00020
     486    524       -0.00110
     486    527        0.00054
     486    528       -0.00062
     486    530       -0.00032
     486    531       -0.00133
     486    532        0.00019
     486    533       -0.00023
     486    535        0.00017
     486    536        0.00036
     486    537       -0.00017
     486    538       -0.00032
     486    539       -0.00031
     486    547        0.00015
     486    549        0.00025
     486    551        0.00020
     486    553        0.00015
     486    556       -0.00011
     486    559        0.00027
     486    564        0.00044
     486    565       -0.00024
     486    566       -0.00049
     486    572        0.00015
     486    573       -0.00011
     486    588        0.00020
     486    596        0.00017
     486    602       -0.00014
     486    603        0.00013
     486    640       -0.00011
     486    663       -0.00010
     486    686       -0.00010
     486    836        0.00012
     486    947        0.00011
     486    975       -0.00011
     487    495       -0.04547
     487    496        0.00992
     487    497       -0.01045
     487    498       -0.00327
     487    499        0.00139
     487    500       -0.00118
     487    501       -0.00015
     487    502       -0.00269
     487    503        0.00093
     487    504        0.00076
     487    505        0.00043
     487    507        0.00057
     487    508       -0.00013
     487    513        0.00019
     487    514        0.00114
     487    516       -0.00076
     487    528        0.00015
     487    529        0.00042
     487    535       -0.00027
     487    537        0.00031
     487    538       -0.00010
     487    539       -0.00015
     487    542        0.00015
     487    544       -0.00017
     487    547        0.00015
     487    549        0.00012
     487    551        0.00015
     487    554       -0.00017
     487    561        0.00038
     487    562        0.00020
     487    565       -0.00017
     487    566        0.00026
     487    567       -0.00012
     487    569       -0.00019
     487    571        0.00020
     487    572        0.00012
     487    589        0.00011
     487    590        0.00023
     487    593        0.00032
     487    596       -0.00020
     487    597       -0.00011
     487    602        0.00011
     487    610        0.00013
     487    615       -0.00012
     487    619        0.00015
     487    622       -0.00012
     487    628       -0.00017
     487    632        0.00014
     487    643       -0.00012
     487    650       -0.00010
     487    654       -0.00019
     487    655        0.00012
     487    658       -0.00014
     487    659       -0.00027
     487    667       -0.00014
     487    673        0.00010
     487    727        0.00010
     487    733       -0.00013
     487    796        0.00010
     487    829        0.00014
     487    835        0.00011
     487    837        0.00018
     487    852        0.00010
     487    868        0.00012
     488    495        0.01123
     488    496       -0.00787
     488    497        0.00299
     488    498       -0.00239
     488    499        0.00468
     488    500        0.00010
     488    501        0.00126
     488    502        0.00085
     488    505       -0.00023
     488    506       -0.00034
     488    507       -0.00038
     488    508       -0.00059
     488    513       -0.00017
     488    514       -0.00012
     488    515       -0.00027
     488    520        0.00012
     488    524        0.00045
     488    525        0.00015
     488    526       -0.00014
     488    527       -0.00066
     488    528        0.00059
     488    529       -0.00011
     488    536        0.00027
     488    537       -0.00019
     488    538       -0.00015
     488    539       -0.00047
     488    540        0.00015
     488    543       -0.00036
     488    544        0.00010
     488    547        0.00014
     488    548       -0.00016
     488    549        0.00017
     488    551        0.00016
     488    557        0.00018
     488    559       -0.00043
     488    560       -0.00012
     488    561       -0.00022
     488    565        0.00020
     488    566        0.00028
     488    572        0.00018
     488    589       -0.00010
     488    591       -0.00010
     488    596       -0.00015
     488    598        0.00016
     488    600       -0.00015
     488    602        0.00028
     488    640        0.00012
     488    698        0.00013
     488    707        0.00018
     488    725        0.00011
     489    495        0.02991
     489    496       -0.00466
     489    497        0.00728
     489    498        0.00184
     489    499        0.00155
     489    500        0.00159
     489    501        0.00128
     489    502        0.00086
     489    503       -0.00115
     489    504       -0.00126
     489    505        0.00107
     489    507        0.00096
     489    508       -0.00057
     489    510       -0.00013
     489    513       -0.00030
     489    514       -0.00209
     489    515       -0.00026
     489    516        0.00129
     489    517       -0.00014
     489    519        0.00010
     489    521        0.00020
     489    523       -0.00015
     489    524        0.00021
     489    525        0.00036
     489    526        0.00035
     489    529        0.00026
     489    530        0.00061
     489    532       -0.00073
     489    533        0.00025
     489    534        0.00014
     489    535       -0.00057
     489    537        0.00011
     489    542        0.00022
     489    546       -0.00011
     489    548       -0.00014
     489    550        0.00024
     489    553       -0.00011
     489    554       -0.00014
     489    560       -0.00014
     489    561        0.00032
     489    563        0.00010
     489    564       -0.00010
     489    565       -0.00023
     489    566        0.00023
     489    569       -0.00024
     489    571        0.00014
     489    587       -0.00015
     489    595       -0.00024
     489    608       -0.00013
     489    610       -0.00020
     489    615        0.00015
     489    616       -0.00012
     489    622        0.00010
     489    628        0.00018
     489    629        0.00015
     489    630       -0.00016
     489    631       -0.00013
     489    632       -0.00016
     489    643        0.00012
     489    653       -0.00024
     489    658        0.00011
     489    659        0.00037
     489    667        0.00013
     489    730       -0.00016
     490    495       -0.00605
     490    496       -0.01843
     490    497        0.00198
     490    498       -0.00080
     490    499       -0.00881
     490    500        0.00105
     490    501       -0.00483
     490    502       -0.00060
     490    503       -0.00054
     490    504       -0.00019
     490    505        0.00030
     490    506        0.00093
     490    507        0.00069
     490    508        0.00358
     490    510        0.00043
     490    513       -0.00021
     490    514       -0.00031
     490    515        0.00111
     490    516        0.00033
     490    520       -0.00021
     490    524       -0.00117
     490    526       -0.00021
     490    527        0.00050
     490    528       -0.00064
     490    530       -0.00024
     490    531       -0.00143
     490    532        0.00021
     490    533       -0.00028
     490    536        0.00029
     490    538       -0.00014
     490    539       -0.00021
     490    540       -0.00013
     490    541        0.00014
     490    547        0.00024
     490    548       -0.00013
     490    549        0.00038
     490    551        0.00018
     490    553        0.00018
     490    557       -0.00015
     490    559        0.00043
     490    560        0.00011
     490    564        0.00023
     490    565       -0.00017
     490    566       -0.00039
     490    570        0.00010
     490    572       -0.00017
     490    573       -0.00011
     490    576       -0.00011
     490    578       -0.00013
     490    588        0.00022
     490    589        0.00017
     490    590       -0.00012
     490    593        0.00014
     490    594       -0.00020
     490    596        0.00033
     490    600        0.00019
     490    601       -0.00010
     490    602       -0.00021
     490    612        0.00012
     490    620       -0.00011
     490    624        0.00020
     490    627        0.00010
     490    634       -0.00016
     490    637        0.00017
     490    640       -0.00015
     490    645        0.00021
     490    652        0.00017
     490    657        0.00010
     490    663       -0.00012
     490    686       -0.00011
     490    698       -0.00012
     490    721        0.00010
     490    725        0.00011
     490    727        0.00012
     491    495       -0.06652
     491    496        0.01415
     491    497       -0.01600
     491    498       -0.00345
     491    499        0.00092
     491    500       -0.00546
     491    501       -0.00071
     491    502        0.00012
     491    503        0.00162
     491    504        0.00239
     491    505       -0.00216
     491    506       -0.00028
     491    507       -0.00129
     491    508       -0.00013
     491    513        0.00036
     491    514        0.00261
     491    516       -0.00128
     491    517        0.00012
     491    521       -0.00020
     491    526       -0.00011
     491    528        0.00014
     491    529        0.00014
     491    530       -0.00042
     491    531        0.00018
     491    532        0.00039
     491    533       -0.00011
     491    535        0.00042
     491    536       -0.00012
     491    537       -0.00017
     491    542       -0.00014
     491    544        0.00013
     491    546        0.00011
     491    548        0.00013
     491    550       -0.00017
     491    554        0.00010
     491    559       -0.00011
     491    561       -0.00039
     491    562       -0.00010
     491    565        0.00032
     491    585        0.00010
     491    587        0.00017
     491    591        0.00011
     491    595        0.00014
     491    596       -0.00010
     491    597       -0.00012
     491    608        0.00010
     491    610        0.00022
     491    615       -0.00016
     491    619        0.00013
     491    622       -0.00015
     491    625       -0.00014
     491    630        0.00014
     491    631        0.00010
     491    632        0.00013
     491    638        0.00015
     491    642        0.00011
     491    643       -0.00016
     491    653        0.00020
     491    654       -0.00015
     491    658       -0.00014
     491    659       -0.00028
     491    661       -0.00011
     491    667       -0.00017
     491    673        0.00011
     491    711        0.00012
     491    730        0.00011
     491    732       -0.00012
     491    733       -0.00012
     491    869       -0.00011
     492    495        0.02361
     492    496        0.04530
     492    497       -0.00023
     492    498        0.01040
     492    501        0.00291
     492    502        0.00037
     492    503       -0.00040
     492    504       -0.00048
     492    505        0.00012
     492    506       -0.00044
     492    508       -0.00159
     492    510       -0.00020
     492    514       -0.00020
     492    515       -0.00025
     492    518        0.00010
     492    524        0.00022
     492    526        0.00022
     492    527        0.00019
     492    530        0.00015
     492    531        0.00074
     492    532       -0.00025
     492    533        0.00015
     492    536       -0.00056
     492    538        0.00019
     492    539        0.00039
     492    541       -0.00012
     492    542       -0.00012
     492    543        0.00025
     492    547       -0.00026
     492    548        0.00012
     492    549       -0.00028
     492    551       -0.00018
     492    553       -0.00013
     492    559        0.00014
     492    564       -0.00015
     492    588       -0.00013
     492    589       -0.00010
     492    594        0.00012
     492    596       -0.00017
     492    598       -0.00011
     492    600       -0.00012
     492    620        0.00011
     492    624       -0.00018
     492    633       -0.00012
     492    634        0.00011
     492    637       -0.00014
     492    645       -0.00016
     492    652       -0.00020
     492    678        0.00014
     492    692       -0.00010
     492    704       -0.00010
     492    707       -0.00014
     492    715        0.00012
     492    725       -0.00016
     492    727       -0.00012
     492    734       -0.00010
     492    801        0.00011
     492    851       -0.00010
     493    495       -0.16408
     493    496       -0.27880
     493    497       -0.00577
     493    498       -0.07460
     493    499        0.02862
     493    500       -0.00153
     493    501       -0.00765
     493    502       -0.00089
     493    503        0.00548
     493    504       -0.00277
     493    505       -0.00055
     493    506       -0.00258
     493    507       -0.00046
     493    508       -0.00198
     493    510       -0.00021
     493    512       -0.00012
     493    513        0.00450
     493    514        0.00053
     493    515       -0.00174
     493    516       -0.00051
     493    518       -0.00028
     493    520        0.00022
     493    524        0.00115
     493    525       -0.00012
     493    526        0.00026
     493    527       -0.00033
     493    528        0.00078
     493    530        0.00027
     493    531        0.00123
     493    532       -0.00015
     493    533        0.00043
     493    534       -0.00020
     493    536       -0.00024
     493    537        0.00019
     493    538        0.00012
     493    539       -0.00037
     493    542        0.00020
     493    543       -0.00026
     493    545        0.00029
     493    547        0.00046
     493    549        0.00041
     493    551        0.00044
     493    564       -0.00027
     493    566        0.00011
     493    567       -0.00015
     493    570        0.00012
     493    584       -0.00016
     493    589        0.00017
     493    593        0.00010
     493    594       -0.00015
     493    607       -0.00019
     493    610        0.00013
     493    614        0.00011
     493    618       -0.00012
     493    620       -0.00011
     493    624        0.00015
     493    627       -0.00025
     493    639        0.00022
     493    640        0.00014
     493    644        0.00016
     493    649       -0.00013
     493    663        0.00016
     493    706       -0.00015
     493    729        0.00010
     493    734        0.00014
     493    739       -0.00012
     493    746       -0.00015
     493    748       -0.00010
     493    774       -0.00011
     493    779       -0.00010
     493    791        0.00014
     493    792       -0.00011
     493    801       -0.00013
     493    826       -0.00014
     493    830        0.00015
     493    831       -0.00014
     493    836       -0.00023
     493    843        0.00010
     493    848        0.00012
     493    851        0.00016
     493    857        0.00011
     493    858       -0.00012
     493    862        0.00019
     493    877        0.00013
     493    878       -0.00011
     493    889       -0.00018
     493    894        0.00012
     493    915        0.00010
     493    923        0.00020
     493    950        0.00016
     493    953       -0.00012
     493    959        0.00011
     493    972       -0.00014
     493    975        0.00018
     493    980        0.00011
     493    981        0.00013
     493    986        0.00013
     493    988        0.00014
     493   1042       -0.00013
     493   1066       -0.00010
     494    495        0.59148
     494    496       -0.14048
     494    497        0.07690
     494    498        0.00922
     494    499       -0.00245
     494    500        0.02318
     494    501        0.00222
     494    502       -0.00558
     494    503       -0.00361
     494    504       -0.00412
     494    505        0.00359
     494    506        0.00045
     494    507        0.00121
     494    508       -0.00010
     494    509        0.00015
     494    512        0.00013
     494    513       -0.00058
     494    514       -0.00490
     494    515       -0.00020
     494    516        0.00233
     494    517        0.00018
     494    518        0.00013
     494    519       -0.00051
     494    520       -0.00020
     494    523        0.00062
     494    525       -0.00069
     494    526       -0.00060
     494    527       -0.00028
     494    528       -0.00049
     494    529       -0.00267
     494    530        0.00012
     494    532        0.00040
     494    535        0.00078
     494    536       -0.00015
     494    537       -0.00087
     494    540       -0.00017
     494    541       -0.00013
     494    542       -0.00017
     494    543       -0.00011
     494    544        0.00023
     494    546       -0.00019
     494    547       -0.00023
     494    548       -0.00054
     494    550        0.00041
     494    560       -0.00012
     494    561       -0.00017
     494    562       -0.00013
     494    568        0.00012
     494    571       -0.00012
     494    574        0.00011
     494    582       -0.00014
     494    588       -0.00016
     494    589       -0.00018
     494    590       -0.00028
     494    591       -0.00011
     494    593       -0.00029
     494    596        0.00011
     494    597        0.00022
     494    601       -0.00014
     494    604       -0.00017
     494    608       -0.00015
     494    610       -0.00017
     494    615        0.00028
     494    619       -0.00022
     494    631       -0.00011
     494    638       -0.00019
     494    639       -0.00013
     494    653       -0.00011
     494    654        0.00020
     494    655       -0.00016
     494    658        0.00012
     494    660        0.00011
     494    662        0.00011
     494    667        0.00019
     494    673       -0.00017
     494    675       -0.00014
     494    683       -0.00011
     494    759        0.00012
     494    771        0.00012
     494    796       -0.00022
     494    804        0.00010
     494    818        0.00011
     494    821        0.00010
     494    828        0.00011
     494    829       -0.00017
     494    830       -0.00015
     494    832        0.00013
     494    835       -0.00022
     494    837       -0.00029
     494    846        0.00013
     494    849        0.00015
     494    852       -0.00017
     494    856       -0.00011
     494    861        0.00011
     494    868       -0.00012
     494    890       -0.00012
     494    897       -0.00011
     494    899        0.00012
     494    914        0.00014
     494    943       -0.00011
     494    945        0.00016
     494    952        0.00012
     494    954       -0.00025
     494    955        0.00013
     494    959       -0.00013
     494    961        0.00015
     494    964        0.00011
     494    973       -0.00015
     494    974       -0.00014
     494    975       -0.00014
     494    977        0.00017
     494    978       -0.00015
     494    989        0.00012
     494    991        0.00010
     494    992       -0.00015
     494    997        0.00022
     494   1001       -0.00018
     494   1018       -0.00013
     494   1023        0.00013
     494   1041       -0.00013
     494   1046        0.00010
     494   1074       -0.00011
