     213    495        0.00016
     225    495        0.00010
     232    495        0.00015
     232    499       -0.00012
     237    495        0.00015
     239    495        0.00031
     239    498        0.00011
     239    499       -0.00014
     241    495       -0.00013
     244    495        0.00030
     244    496        0.00013
     244    498        0.00010
     245    495        0.00018
     251    495        0.00032
     251    496        0.00014
     251    498        0.00012
     254    495        0.00040
     254    496        0.00015
     254    497        0.00011
     254    498        0.00015
     254    499       -0.00021
     254    500        0.00011
     254    502       -0.00011
     255    495        0.00032
     255    496        0.00014
     255    498        0.00012
     257    495        0.00013
     259    495        0.00014
     259    509       -0.00017
     259    510       -0.00020
     261    495       -0.00064
     261    496       -0.00024
     261    497       -0.00015
     261    498       -0.00022
     261    499        0.00019
     262    495        0.00012
     263    495       -0.00018
     264    495       -0.00026
     265    495        0.00015
     267    495        0.00018
     268    495        0.00011
     269    495       -0.00020
     271    510        0.00011
     272    509        0.00010
     272    510        0.00013
     276    495        0.00011
     277    495        0.00026
     282    562       -0.00010
     295    522        0.00011
     297    509        0.00016
     297    510        0.00018
     298    495        0.00012
     298    522        0.00013
     299    509        0.00016
     299    510        0.00018
     300    510       -0.00011
     307    495        0.00012
     310    509       -0.00010
     310    510       -0.00012
     312    716        0.00012
     313    509       -0.00023
     313    510       -0.00027
     314    509        0.00011
     314    510        0.00012
     315    522        0.00013
     320    495        0.00012
     320    507        0.00012
     320    508        0.00013
     320    514        0.00012
     321    495       -0.00012
     323    495        0.00013
     324    495        0.00010
     324    687        0.00010
     327    495        0.00011
     327    546        0.00010
     328    495       -0.00020
     328    499        0.00011
     330    495        0.00018
     330    496       -0.00021
     330    499       -0.00018
     330    504        0.00015
     330    505       -0.00014
     330    513       -0.00014
     330    514        0.00012
     330    535        0.00010
     330    536        0.00012
     330    537       -0.00015
     330    559       -0.00013
     333    495        0.00015
     335    495        0.00021
     335    496       -0.00011
     335    499       -0.00020
     335    501       -0.00012
     335    504        0.00014
     335    508        0.00012
     340    495       -0.00015
     343    495        0.00010
     343    499       -0.00015
     343    502       -0.00011
     343    524        0.00011
     343    528        0.00010
     343    529        0.00013
     343    639        0.00011
     346    522        0.00014
     347    504       -0.00011
     348    495       -0.00014
     350    495        0.00019
     350    496        0.00013
     350    504       -0.00016
     355    495       -0.00016
     357    521       -0.00012
     357    522        0.00012
     358    495       -0.00013
     358    562        0.00012
     360    495        0.00019
     360    498        0.00011
     363    495        0.00011
     363    499       -0.00021
     363    502       -0.00015
     363    513        0.00011
     363    514        0.00012
     363    539        0.00011
     364    495       -0.00028
     364    496       -0.00019
     364    502       -0.00010
     364    522        0.00011
     364    593        0.00013
     364    596       -0.00011
     365    509        0.00019
     365    510        0.00022
     365    519        0.00012
     365    521        0.00014
     365    877       -0.00011
     366    495        0.00028
     366    496        0.00013
     366    520       -0.00010
     366    521       -0.00018
     366    522        0.00023
     369    522        0.00013
     370    495        0.00013
     370    521       -0.00017
     370    522        0.00017
     372    495        0.00038
     372    496        0.00010
     372    497        0.00010
     372    498        0.00012
     372    499       -0.00017
     372    521       -0.00020
     372    522        0.00020
     372    575        0.00013
     372    592        0.00011
     372    597       -0.00011
     373    495        0.00030
     373    496        0.00014
     373    498        0.00011
     373    499       -0.00012
     375    495        0.00100
     375    496        0.00019
     375    497        0.00024
     375    498        0.00036
     375    499       -0.00063
     375    500        0.00027
     375    501       -0.00014
     375    502       -0.00032
     375    506        0.00010
     375    508        0.00014
     375    524       -0.00012
     375    528       -0.00013
     375    529       -0.00014
     375    530       -0.00011
     375    531       -0.00014
     375    532        0.00012
     375    535        0.00016
     375    536        0.00010
     375    537       -0.00013
     376    495        0.00045
     376    497        0.00010
     376    498        0.00017
     376    499       -0.00030
     376    500        0.00014
     376    502       -0.00017
     377    495       -0.00025
     378    495       -0.00082
     378    497       -0.00028
     378    498       -0.00018
     378    499        0.00050
     378    500       -0.00023
     378    501        0.00020
     378    502        0.00018
     378    508       -0.00015
     378    514        0.00013
     378    515       -0.00014
     378    525        0.00010
     378    527       -0.00014
     378    528        0.00011
     378    550       -0.00011
     379    495        0.00025
     379    497        0.00011
     379    499       -0.00012
     379    504       -0.00011
     379    521       -0.00011
     379    522        0.00016
     379    535       -0.00011
     379    545        0.00012
     380    495        0.00020
     380    497        0.00010
     380    499       -0.00025
     380    500        0.00014
     380    502       -0.00011
     381    495        0.00015
     381    499       -0.00012
     381    522        0.00010
     382    495        0.00015
     382    499       -0.00016
     383    495       -0.00014
     383    496       -0.00012
     383    498       -0.00014
     383    499        0.00018
     383    502        0.00019
     384    495       -0.00034
     384    496       -0.00028
     384    497       -0.00015
     384    498       -0.00021
     384    499        0.00028
     384    500       -0.00022
     384    502        0.00021
     384    508        0.00013
     384    514        0.00011
     385    495        0.00030
     385    496        0.00019
     385    497        0.00012
     385    498        0.00014
     385    499       -0.00039
     385    500        0.00026
     385    501       -0.00016
     385    502       -0.00037
     386    499        0.00024
     386    500       -0.00019
     386    502        0.00026
     387    495       -0.00027
     387    496       -0.00028
     387    497       -0.00013
     387    498       -0.00021
     387    499        0.00040
     387    500       -0.00029
     387    501        0.00010
     387    502        0.00041
     387    508        0.00014
     387    667       -0.00012
     387    696       -0.00011
     388    495       -0.00012
     388    496       -0.00010
     391    495       -0.00011
     392    509        0.00012
     392    510        0.00014
     392    560        0.00015
     392    562        0.00014
     393    510        0.00011
     393    521       -0.00010
     394    495       -0.00016
     394    518       -0.00016
     394    519        0.00019
     394    520        0.00016
     394    521        0.00039
     394    522       -0.00042
     394    526        0.00017
     394    531       -0.00016
     394    535        0.00012
     394    545       -0.00013
     394    550        0.00012
     395    519        0.00015
     395    521        0.00021
     396    518       -0.00017
     396    519        0.00016
     396    520        0.00017
     396    521        0.00026
     396    522       -0.00040
     396    526        0.00013
     396    531       -0.00013
     396    545       -0.00011
     397    495       -0.00047
     397    496       -0.00011
     397    498       -0.00015
     397    499        0.00023
     397    502        0.00013
     397    504       -0.00023
     397    508       -0.00013
     397    529        0.00014
     397    531        0.00010
     397    535       -0.00011
     397    537        0.00013
     397    561        0.00015
     398    495        0.00059
     398    496        0.00023
     398    497        0.00012
     398    498        0.00021
     398    503       -0.00010
     398    504        0.00019
     398    513       -0.00010
     398    527       -0.00010
     398    532        0.00013
     399    495        0.00047
     399    496        0.00019
     399    498        0.00017
     399    501        0.00011
     399    504        0.00011
     399    513       -0.00010
     399    521       -0.00020
     399    527       -0.00011
     399    530       -0.00010
     400    520       -0.00017
     400    521       -0.00024
     400    522        0.00021
     400    535       -0.00011
     402    495       -0.00014
     402    554        0.00011
     403    495        0.00020
     403    522       -0.00012
     405    495        0.00015
     406    495       -0.00071
     406    496       -0.00023
     406    497       -0.00011
     406    498       -0.00023
     406    499        0.00010
     406    509       -0.00013
     406    510       -0.00017
     406    513        0.00011
     406    527        0.00010
     408    495        0.00013
     408    509        0.00016
     408    510        0.00018
     408    517       -0.00013
     408    582        0.00011
     409    495       -0.00048
     409    496       -0.00011
     409    497       -0.00012
     409    498       -0.00013
     409    499        0.00011
     409    510        0.00013
     409    582        0.00011
     410    495        0.00019
     412    495        0.00015
     413    495        0.00032
     413    499       -0.00013
     413    509       -0.00012
     413    510       -0.00010
     414    495       -0.00038
     414    498       -0.00012
     414    499        0.00020
     414    500       -0.00019
     414    528        0.00010
     415    518       -0.00012
     415    519       -0.00018
     415    521       -0.00011
     415    522       -0.00014
     416    495        0.00051
     416    496        0.00029
     416    497        0.00014
     416    498        0.00025
     416    499       -0.00041
     416    500        0.00021
     416    502       -0.00025
     417    513       -0.00010
     417    567        0.00010
     418    495        0.00016
     418    496        0.00015
     418    498        0.00012
     418    499       -0.00019
     418    500        0.00017
     418    502       -0.00013
     418    504        0.00014
     418    519       -0.00012
     418    542        0.00012
     419    495        0.00041
     419    496        0.00013
     419    499       -0.00028
     419    500        0.00014
     420    495       -0.00025
     420    496       -0.00013
     420    498       -0.00018
     420    499        0.00013
     420    502        0.00011
     420    504       -0.00011
     421    497       -0.00011
     421    499        0.00017
     421    502        0.00010
     422    495        0.00029
     422    499       -0.00016
     422    500        0.00016
     422    504       -0.00011
     422    600       -0.00011
     422    732        0.00012
     423    495        0.00020
     423    497        0.00017
     423    500       -0.00012
     423    502       -0.00015
     424    495        0.00021
     424    499       -0.00011
     424    519        0.00012
     425    495        0.00026
     425    500       -0.00012
     426    495       -0.00034
     426    497       -0.00021
     426    498       -0.00026
     426    499        0.00027
     426    500       -0.00011
     426    501        0.00024
     426    502        0.00036
     427    495        0.00063
     427    496        0.00017
     427    497        0.00019
     427    498        0.00024
     427    499       -0.00041
     427    500        0.00021
     427    501       -0.00013
     427    502       -0.00023
     427    508        0.00013
     427    519       -0.00014
     427    561       -0.00011
     427    566        0.00013
     427    592        0.00014
     427    604       -0.00010
     427    611        0.00011
     427    628        0.00010
     428    495       -0.00011
     428    519       -0.00014
     428    521       -0.00013
     428    522       -0.00012
     429    510       -0.00012
     429    519        0.00013
     430    495        0.00026
     430    497        0.00010
     430    499       -0.00025
     430    500        0.00013
     430    502       -0.00016
     430    511       -0.00010
     430    517       -0.00012
     430    518        0.00015
     430    519       -0.00016
     430    522        0.00011
     430    592        0.00010
     430    608       -0.00010
     431    495       -0.00048
     431    496       -0.00018
     431    497       -0.00011
     431    498       -0.00015
     431    509       -0.00037
     431    510       -0.00043
     431    517       -0.00011
     431    518       -0.00012
     431    519       -0.00017
     431    521       -0.00024
     431    523       -0.00010
     431    535       -0.00014
     431    537       -0.00012
     431    539        0.00013
     431    542        0.00017
     431    544        0.00012
     431    560       -0.00018
     431    562       -0.00034
     431    565       -0.00010
     431    630        0.00011
     431    635        0.00012
     432    495        0.00055
     432    496        0.00011
     432    497        0.00013
     432    498        0.00016
     432    499       -0.00013
     432    509       -0.00013
     432    510       -0.00019
     432    517       -0.00012
     432    520        0.00013
     432    522       -0.00020
     432    524        0.00011
     432    526        0.00011
     432    530        0.00010
     432    545       -0.00012
     432    559       -0.00012
     432    566        0.00012
     433    495       -0.00044
     433    496       -0.00023
     433    497       -0.00012
     433    498       -0.00017
     433    499        0.00021
     433    500       -0.00012
     433    502        0.00011
     435    495       -0.00036
     435    496       -0.00052
     435    497       -0.00010
     435    498       -0.00031
     435    499        0.00063
     435    500       -0.00040
     435    502        0.00055
     435    504       -0.00029
     435    507       -0.00015
     435    561        0.00011
     436    495        0.00037
     436    496        0.00049
     436    498        0.00028
     436    499       -0.00018
     436    500        0.00012
     436    502       -0.00023
     436    504        0.00026
     436    505        0.00014
     436    507        0.00012
     436    521        0.00011
     436    561       -0.00011
     437    495       -0.00017
     437    496        0.00018
     437    499        0.00045
     437    500       -0.00029
     437    501        0.00020
     437    502        0.00027
     437    504        0.00016
     437    505        0.00018
     437    514       -0.00011
     437    566       -0.00018
     438    495        0.00064
     438    496        0.00036
     438    497        0.00012
     438    498        0.00026
     438    503       -0.00010
     438    505        0.00011
     438    513       -0.00017
     438    514       -0.00011
     438    521       -0.00010
     438    561       -0.00011
     438    596        0.00011
     439    499        0.00032
     439    500       -0.00025
     439    501        0.00011
     439    502        0.00032
     439    503       -0.00013
     440    495       -0.00073
     440    497       -0.00024
     440    498       -0.00014
     440    499        0.00025
     440    500       -0.00015
     440    501        0.00016
     440    504        0.00026
     440    505        0.00012
     440    507        0.00021
     440    508        0.00016
     440    513        0.00028
     440    514        0.00025
     440    515       -0.00011
     440    524        0.00016
     440    529        0.00014
     440    535        0.00013
     440    543       -0.00014
     440    551        0.00015
     440    554        0.00010
     440    623        0.00014
     440    630       -0.00014
     440    637       -0.00011
     440    648       -0.00011
     440    650        0.00011
     440    652        0.00011
     440    653       -0.00020
     440    666        0.00013
     440    706       -0.00013
     440    725       -0.00011
     440    735        0.00015
     440    811       -0.00013
     440    814       -0.00011
     440    851       -0.00010
     441    495        0.00074
     441    496        0.00029
     441    497        0.00013
     441    498        0.00024
     441    499       -0.00017
     441    509        0.00036
     441    510        0.00038
     441    518       -0.00012
     441    519       -0.00014
     441    520        0.00011
     441    522       -0.00020
     441    531       -0.00012
     441    532        0.00011
     441    543        0.00012
     441    546        0.00013
     441    551       -0.00013
     441    552        0.00010
     441    554       -0.00010
     441    560        0.00018
     441    562        0.00030
     441    589        0.00011
     441    617       -0.00010
     441    639        0.00014
     441    699       -0.00013
     441    705        0.00017
     442    495        0.00065
     442    496        0.00025
     442    497        0.00015
     442    498        0.00021
     442    499       -0.00017
     442    500        0.00011
     442    509       -0.00019
     442    510       -0.00023
     442    513       -0.00012
     442    517       -0.00014
     442    518        0.00013
     442    521        0.00023
     442    545       -0.00010
     442    550        0.00016
     442    559       -0.00010
     442    560       -0.00014
     442    562       -0.00012
     442    566        0.00012
     442    637        0.00010
     443    495       -0.00053
     443    496       -0.00025
     443    498       -0.00019
     443    513        0.00013
     443    517       -0.00018
     443    518        0.00021
     443    519       -0.00027
     443    559        0.00014
     444    495       -0.00020
     444    520       -0.00011
     444    521        0.00011
     445    507       -0.00010
     445    518       -0.00013
     445    519        0.00014
     446    495        0.00021
     446    496        0.00011
     447    495        0.00103
     447    496        0.00056
     447    497        0.00019
     447    498        0.00045
     447    500        0.00018
     447    501        0.00024
     447    507        0.00011
     447    513       -0.00016
     447    514       -0.00012
     447    516        0.00015
     447    528       -0.00011
     447    529       -0.00015
     448    495       -0.00015
     448    496       -0.00045
     448    498       -0.00027
     448    499        0.00060
     448    500       -0.00036
     448    501        0.00030
     448    502        0.00077
     448    504       -0.00012
     448    506       -0.00010
     448    548        0.00012
     448    708       -0.00013
     449    495        0.00062
     449    496        0.00040
     449    498        0.00016
     449    500       -0.00014
     449    503       -0.00011
     449    504        0.00024
     449    505        0.00018
     449    506        0.00012
     449    507        0.00026
     449    516        0.00012
     449    528       -0.00011
     449    531       -0.00013
     449    535        0.00013
     449    539       -0.00010
     449    547        0.00011
     449    548        0.00017
     449    549        0.00015
     449    551        0.00012
     449    559        0.00011
     449    639        0.00013
     450    495       -0.00010
     450    498       -0.00010
     450    499        0.00022
     450    502        0.00020
     450    504       -0.00020
     450    507       -0.00012
     450    513       -0.00015
     450    517       -0.00014
     450    518        0.00012
     450    519       -0.00014
     450    521        0.00012
     450    530        0.00012
     451    519       -0.00012
     452    495       -0.00048
     452    496       -0.00017
     452    499       -0.00029
     452    500        0.00014
     452    501       -0.00010
     452    502       -0.00025
     452    504        0.00021
     452    507        0.00020
     452    509        0.00036
     452    510        0.00042
     452    513        0.00042
     452    514        0.00024
     452    515       -0.00023
     452    516       -0.00015
     452    524        0.00014
     452    529        0.00019
     452    530       -0.00013
     452    536        0.00010
     452    559        0.00012
     452    565       -0.00014
     452    566       -0.00017
     452    590       -0.00014
     452    596        0.00013
     452    660       -0.00011
     452    695       -0.00010
     452    708        0.00012
     452    712       -0.00010
     452    715        0.00011
     453    495        0.00103
     453    496        0.00045
     453    497        0.00019
     453    498        0.00030
     453    501        0.00012
     453    503       -0.00015
     453    507       -0.00014
     453    509       -0.00079
     453    510       -0.00096
     453    513       -0.00030
     453    514       -0.00029
     453    516        0.00016
     453    527        0.00011
     453    528       -0.00018
     453    529       -0.00012
     453    530        0.00015
     453    540       -0.00014
     453    548       -0.00012
     453    551       -0.00014
     453    554       -0.00013
     453    584        0.00011
     453    603        0.00013
     453    648        0.00013
     453    695        0.00012
     453    716        0.00011
     453    742        0.00012
     453    793       -0.00011
     453    818       -0.00011
     454    498        0.00020
     454    499       -0.00047
     454    500        0.00021
     454    501       -0.00013
     454    502       -0.00036
     454    504        0.00029
     454    505        0.00012
     454    507        0.00017
     454    509       -0.00040
     454    510       -0.00042
     454    513        0.00031
     454    514        0.00015
     454    515       -0.00021
     454    524        0.00011
     454    529        0.00016
     454    536        0.00011
     454    561       -0.00011
     454    564        0.00014
     454    566       -0.00015
     454    567        0.00012
     454    590       -0.00010
     454    596        0.00013
     454    624       -0.00010
     454    708        0.00010
     454    715        0.00011
     454    732        0.00010
     455    495        0.00029
     455    496        0.00017
     455    498       -0.00012
     455    499        0.00068
     455    500       -0.00025
     455    501        0.00025
     455    502        0.00053
     455    503       -0.00011
     455    504       -0.00025
     455    505       -0.00023
     455    506       -0.00015
     455    507       -0.00038
     455    508       -0.00031
     455    509        0.00026
     455    510        0.00026
     455    513       -0.00033
     455    514       -0.00031
     455    515        0.00022
     455    525       -0.00018
     455    528       -0.00022
     455    529       -0.00021
     455    530        0.00019
     455    535       -0.00010
     455    537        0.00010
     455    539        0.00020
     455    549       -0.00010
     455    561        0.00011
     455    569        0.00015
     455    708       -0.00015
     455    712        0.00016
     455    715       -0.00018
     455    732       -0.00011
     455    758       -0.00011
     456    495        0.00072
     456    498        0.00032
     456    499       -0.00063
     456    500        0.00013
     456    502       -0.00038
     456    504        0.00023
     456    506        0.00018
     456    507        0.00030
     456    508        0.00035
     456    513        0.00025
     456    514        0.00036
     456    515       -0.00016
     456    530       -0.00012
     456    532        0.00017
     456    535        0.00014
     456    536        0.00014
     456    537       -0.00014
     456    539       -0.00017
     456    548        0.00011
     456    559        0.00010
     456    561       -0.00012
     456    715        0.00011
     456    758        0.00011
     457    495        0.00145
     457    496        0.00082
     457    497        0.00020
     457    498        0.00052
     457    499       -0.00024
     457    502       -0.00014
     457    503       -0.00012
     457    504        0.00018
     457    508       -0.00018
     457    509        0.00018
     457    510        0.00016
     457    513       -0.00031
     457    514       -0.00033
     457    516        0.00017
     457    524       -0.00013
     457    527        0.00019
     457    528       -0.00016
     457    529       -0.00014
     457    530        0.00011
     457    531       -0.00010
     457    532       -0.00012
     458    495       -0.00058
     458    496        0.00049
     458    499        0.00017
     458    500        0.00012
     458    502       -0.00017
     458    504       -0.00069
     458    505        0.00016
     458    507        0.00022
     458    513        0.00019
     458    514       -0.00016
     458    515       -0.00014
     458    516        0.00013
     458    527        0.00010
     458    528       -0.00014
     458    529        0.00014
     458    530       -0.00026
     458    532        0.00018
     458    535        0.00017
     458    536        0.00016
     458    537       -0.00014
     458    539       -0.00016
     458    543       -0.00012
     458    549        0.00017
     458    557        0.00012
     458    561       -0.00015
     458    571       -0.00012
     458    576       -0.00014
     458    588       -0.00010
     459    495       -0.00132
     459    496       -0.00057
     459    497       -0.00035
     459    498       -0.00061
     459    499        0.00052
     459    500       -0.00032
     459    501       -0.00010
     459    502        0.00035
     459    503        0.00019
     459    504       -0.00025
     459    505       -0.00013
     459    506       -0.00011
     459    508        0.00014
     459    513        0.00029
     459    514        0.00027
     459    516       -0.00011
     459    539       -0.00012
     460    495       -0.00170
     460    496       -0.00102
     460    497       -0.00024
     460    498       -0.00065
     460    499        0.00052
     460    500       -0.00028
     460    502        0.00038
     460    504       -0.00023
     460    506        0.00011
     460    507       -0.00011
     460    508        0.00023
     460    514        0.00019
     460    516       -0.00029
     460    526       -0.00011
     460    527       -0.00012
     460    532        0.00014
     460    610        0.00013
     460    659       -0.00010
     461    495        0.00020
     461    499       -0.00013
     461    504       -0.00015
     461    505       -0.00017
     461    506        0.00020
     461    508        0.00048
     461    514        0.00061
     461    515        0.00013
     461    516       -0.00034
     461    526       -0.00020
     461    527       -0.00020
     461    528        0.00015
     461    529       -0.00018
     461    531       -0.00013
     461    559       -0.00024
     461    561       -0.00011
     461    565        0.00014
     461    566        0.00022
     461    588       -0.00011
     461    590        0.00019
     461    593        0.00013
     461    596       -0.00021
     461    602        0.00014
     461    620       -0.00012
     461    628        0.00011
     461    632       -0.00010
     461    636        0.00011
     461    645       -0.00010
     461    653        0.00011
     461    654        0.00014
     461    660        0.00012
     461    668       -0.00011
     462    495        0.00012
     463    499        0.00038
     463    500       -0.00019
     463    501        0.00013
     463    502        0.00031
     463    504       -0.00018
     463    513       -0.00012
     463    533       -0.00012
     464    495        0.00190
     464    496        0.00033
     464    497        0.00011
     464    498        0.00089
     464    499       -0.00041
     464    500        0.00024
     464    501        0.00019
     464    503       -0.00011
     464    505        0.00020
     464    507        0.00013
     464    514       -0.00039
     464    516        0.00026
     464    526        0.00016
     464    527        0.00016
     464    528       -0.00034
     464    536        0.00014
     464    537       -0.00010
     464    540       -0.00010
     464    559        0.00013
     464    569       -0.00017
     464    571        0.00010
     464    572       -0.00011
     464    591       -0.00011
     464    595       -0.00012
     464    596       -0.00011
     464    602        0.00014
     464    610       -0.00010
     464    625        0.00011
     464    628        0.00014
     464    708        0.00010
     464    715        0.00012
     465    495       -0.00091
     465    496       -0.00027
     465    497        0.00046
     465    498       -0.00040
     465    502        0.00019
     465    504        0.00029
     465    508       -0.00010
     465    530        0.00013
     465    535       -0.00014
     465    537        0.00012
     465    628       -0.00010
     466    495       -0.00136
     466    496       -0.00032
     466    497       -0.00043
     466    499        0.00038
     466    501        0.00016
     466    503        0.00027
     466    504       -0.00039
     466    505       -0.00015
     466    508        0.00013
     466    514        0.00037
     466    516       -0.00026
     466    526       -0.00023
     466    527       -0.00026
     466    528        0.00026
     466    532        0.00018
     466    533       -0.00012
     466    559       -0.00012
     466    561       -0.00018
     466    565        0.00014
     466    569        0.00013
     466    588        0.00019
     466    590       -0.00012
     466    591        0.00010
     466    596        0.00019
     466    600        0.00013
     466    602       -0.00012
     466    610        0.00010
     466    619        0.00012
     466    622       -0.00011
     466    624        0.00011
     466    631       -0.00012
     466    708       -0.00013
     466    715       -0.00011
     467    495       -0.00307
     467    496       -0.00124
     467    497       -0.00026
     467    498       -0.00104
     467    499        0.00101
     467    500       -0.00031
     467    502        0.00039
     467    504       -0.00055
     467    505       -0.00026
     467    508       -0.00020
     467    513        0.00021
     467    514        0.00026
     467    515       -0.00015
     467    516       -0.00012
     467    520        0.00011
     467    525        0.00015
     467    526       -0.00020
     467    527       -0.00029
     467    528        0.00050
     467    529        0.00014
     467    532        0.00013
     467    533       -0.00011
     467    536       -0.00015
     467    537        0.00020
     467    540        0.00015
     467    544       -0.00010
     467    559       -0.00023
     467    563        0.00012
     467    565        0.00012
     467    566        0.00013
     467    572        0.00019
     467    588        0.00021
     467    590        0.00014
     467    591        0.00010
     467    593        0.00022
     467    624        0.00013
     467    654        0.00010
     467    667       -0.00012
     467    715       -0.00010
     468    495       -0.00107
     468    496       -0.00015
     468    497       -0.00044
     468    498       -0.00061
     468    499        0.00192
     468    500       -0.00121
     468    501        0.00077
     468    502        0.00165
     468    503       -0.00032
     468    504        0.00025
     468    508       -0.00019
     468    514       -0.00015
     468    516        0.00014
     468    527       -0.00011
     468    528        0.00016
     468    531        0.00010
     468    548        0.00012
     468    573       -0.00011
     468    582        0.00011
     468    583       -0.00011
     468    588        0.00016
     468    607        0.00018
     468    608        0.00013
     468    616        0.00010
     468    619       -0.00012
     468    643       -0.00011
     468    645        0.00013
     468    652        0.00015
     468    700        0.00010
     468    719       -0.00011
     468    727        0.00012
     469    495       -0.00149
     469    496       -0.00063
     469    497       -0.00053
     469    498       -0.00115
     469    499        0.00213
     469    500       -0.00112
     469    501        0.00061
     469    502        0.00141
     469    503        0.00013
     469    508       -0.00023
     469    513        0.00021
     469    514        0.00018
     469    515       -0.00020
     469    516       -0.00019
     469    526       -0.00016
     469    537        0.00013
     469    547        0.00011
     469    548        0.00011
     469    561       -0.00012
     469    573       -0.00012
     469    583       -0.00012
     469    588        0.00015
     469    607        0.00016
     469    608        0.00014
     469    615       -0.00010
     469    616        0.00012
     469    619       -0.00015
     469    624        0.00010
     469    633       -0.00011
     469    719       -0.00010
     469    727        0.00010
     470    496       -0.00014
     470    497        0.00016
     470    498       -0.00039
     470    499       -0.00029
     470    500        0.00024
     470    501       -0.00033
     470    502       -0.00021
     470    503        0.00029
     470    504       -0.00046
     470    505       -0.00026
     470    507       -0.00013
     470    508       -0.00041
     470    513        0.00035
     470    515       -0.00024
     470    530        0.00011
     470    535       -0.00012
     470    537        0.00013
     470    590        0.00015
     470    593        0.00020
     470    630       -0.00010
     470    637       -0.00012
     470    641        0.00011
     470    643        0.00014
     470    645       -0.00012
     470    647        0.00011
     470    652       -0.00015
     470    654        0.00012
     470    659        0.00015
     471    495       -0.00024
     471    499        0.00012
     471    500        0.00011
     471    501       -0.00010
     471    502        0.00019
     471    504        0.00029
     471    506        0.00011
     471    507        0.00012
     472    499        0.00024
     472    500       -0.00032
     472    501       -0.00026
     472    515       -0.00013
     473    495        0.00174
     473    496        0.00066
     473    497       -0.00053
     473    498       -0.00022
     473    499        0.00333
     473    500       -0.00171
     473    501        0.00160
     473    502        0.00236
     473    503       -0.00013
     473    504        0.00027
     473    505       -0.00031
     473    506       -0.00060
     473    507       -0.00070
     473    508       -0.00142
     473    509        0.00015
     473    513       -0.00016
     473    514       -0.00047
     473    515       -0.00036
     473    516        0.00023
     473    518       -0.00010
     473    519        0.00011
     473    520        0.00011
     473    521        0.00012
     473    523       -0.00013
     473    524        0.00048
     473    525        0.00033
     473    526        0.00024
     473    527       -0.00029
     473    528        0.00039
     473    529        0.00037
     473    531        0.00031
     473    532       -0.00023
     473    536        0.00022
     473    537       -0.00023
     473    542        0.00019
     473    543       -0.00010
     473    545       -0.00012
     473    546        0.00014
     473    548        0.00032
     473    549       -0.00013
     473    551       -0.00010
     473    554       -0.00019
     473    560       -0.00012
     473    565       -0.00011
     473    567        0.00017
     473    569       -0.00023
     473    571        0.00021
     473    578        0.00010
     473    588        0.00035
     473    589        0.00015
     473    590        0.00040
     473    592       -0.00013
     473    593        0.00035
     473    594        0.00012
     473    604       -0.00011
     473    612       -0.00011
     473    614        0.00010
     473    620        0.00011
     473    629        0.00015
     473    630       -0.00015
     473    631       -0.00015
     473    632       -0.00014
     473    644        0.00010
     473    649       -0.00012
     473    650        0.00012
     473    653       -0.00011
     473    659        0.00015
     473    666        0.00016
     473    667       -0.00018
     473    675        0.00014
     473    690        0.00011
     473    698        0.00012
     473    707        0.00010
     473    708       -0.00026
     473    712        0.00010
     473    715       -0.00015
     474    495        0.00202
     474    496        0.00090
     474    497       -0.00020
     474    498        0.00034
     474    499        0.00115
     474    500       -0.00042
     474    501        0.00065
     474    502        0.00064
     474    503       -0.00024
     474    506       -0.00030
     474    507       -0.00036
     474    508       -0.00067
     474    514       -0.00017
     474    515       -0.00023
     474    524        0.00027
     474    525        0.00023
     474    527       -0.00034
     474    528        0.00035
     474    529        0.00019
     474    536        0.00019
     474    537       -0.00014
     474    540        0.00012
     474    542        0.00011
     474    545       -0.00012
     474    546        0.00011
     474    548        0.00023
     474    549       -0.00015
     474    551       -0.00012
     474    567        0.00014
     474    584        0.00010
     474    588        0.00026
     474    591        0.00010
     474    592       -0.00010
     474    596        0.00013
     474    602       -0.00019
     474    610       -0.00010
     474    628        0.00013
     474    640        0.00011
     475    495        0.00290
     475    496        0.00183
     475    497        0.00077
     475    498        0.00149
     475    499       -0.00144
     475    500        0.00093
     475    501       -0.00078
     475    502       -0.00137
     475    503        0.00016
     475    504       -0.00041
     475    505        0.00042
     475    507        0.00043
     475    508        0.00081
     475    514        0.00042
     475    515        0.00032
     475    516       -0.00025
     475    517        0.00012
     475    519       -0.00013
     475    523        0.00020
     475    524       -0.00041
     475    525       -0.00019
     475    526       -0.00049
     475    527       -0.00013
     475    529       -0.00061
     475    530       -0.00012
     475    531       -0.00046
     475    532        0.00029
     475    533       -0.00016
     475    535        0.00025
     475    537       -0.00012
     475    561       -0.00023
     475    563       -0.00012
     475    565        0.00011
     475    569        0.00021
     475    571       -0.00023
     475    574        0.00012
     475    590       -0.00019
     475    593       -0.00021
     475    595        0.00012
     475    596        0.00011
     475    600        0.00014
     475    602       -0.00013
     475    604        0.00010
     475    618       -0.00010
     475    620       -0.00014
     476    495       -0.00014
     476    499       -0.00015
     476    502       -0.00016
     476    505       -0.00011
     476    508       -0.00016
     476    529        0.00011
     476    530       -0.00011
     476    535       -0.00013
     476    541       -0.00010
     476    562        0.00014
     476    563        0.00018
     476    582       -0.00012
     476    603       -0.00011
     476    604        0.00012
     476    608        0.00017
     476    617        0.00018
     476    626       -0.00018
     476    632       -0.00011
     476    685        0.00015
     476    687       -0.00015
     476    695       -0.00018
     476    696       -0.00016
     476    702       -0.00010
     476    705        0.00012
     476    709        0.00013
     476    715        0.00012
     476    716        0.00023
     476    718        0.00018
     476    722       -0.00015
     476    723        0.00011
     476    724       -0.00013
     476    726       -0.00013
     476    728       -0.00017
     476    735       -0.00010
     476    736       -0.00011
     476    744        0.00013
     476    745       -0.00014
     476    752        0.00010
     476    758        0.00011
     476    776       -0.00011
     476    779       -0.00015
     476    801        0.00016
     476    802       -0.00014
     476    804       -0.00010
     476    809        0.00017
     476    814       -0.00011
     476    830        0.00015
     476    876       -0.00012
     476    877        0.00014
     476    881       -0.00010
     476    884       -0.00012
     476    892        0.00017
     476    901        0.00010
     476    916       -0.00010
     476    949        0.00013
     476   1026        0.00012
     476   1101        0.00014
     476   1120        0.00014
     476   1133        0.00014
     476   1155       -0.00012
     477    495        0.00177
     477    496        0.00087
     477    497        0.00025
     477    498        0.00051
     477    499       -0.00015
     477    500        0.00015
     477    501        0.00016
     477    503       -0.00016
     477    508       -0.00011
     477    514       -0.00014
     477    519        0.00013
     477    520        0.00012
     477    521        0.00027
     477    522       -0.00027
     477    524        0.00014
     477    526        0.00020
     478    495        0.00170
     478    496        0.00071
     478    498        0.00043
     478    499        0.00021
     478    500        0.00033
     478    501        0.00055
     478    502        0.00044
     478    503       -0.00013
     478    504        0.00011
     478    505        0.00016
     478    506       -0.00010
     478    508       -0.00022
     478    514       -0.00014
     478    515       -0.00015
     478    516        0.00016
     478    517       -0.00017
     478    518        0.00013
     478    519       -0.00012
     478    524        0.00011
     478    529        0.00015
     478    530        0.00013
     478    531        0.00013
     478    537        0.00011
     479    495       -0.00041
     479    496       -0.00015
     479    497       -0.00022
     479    498       -0.00021
     479    499        0.00120
     479    500       -0.00112
     479    501       -0.00016
     479    502        0.00038
     479    503       -0.00010
     479    504        0.00018
     479    505       -0.00018
     479    506       -0.00012
     479    507       -0.00018
     479    508       -0.00038
     479    514       -0.00016
     479    515       -0.00013
     479    517       -0.00011
     479    518        0.00011
     479    520        0.00011
     479    524        0.00014
     479    525        0.00012
     479    529        0.00016
     479    532       -0.00012
     480    495       -0.00023
     480    496       -0.00015
     480    497       -0.00018
     480    498       -0.00017
     480    499       -0.00025
     480    500        0.00039
     480    504       -0.00010
     480    505        0.00012
     480    507        0.00010
     480    508        0.00020
     481    495       -0.00087
     481    496       -0.00068
     481    499        0.00123
     481    500       -0.00097
     481    501       -0.00021
     481    502        0.00052
     481    503       -0.00012
     481    504        0.00020
     481    505       -0.00014
     481    507       -0.00031
     481    508       -0.00053
     481    514       -0.00024
     481    515       -0.00035
     481    516        0.00015
     481    523       -0.00013
     481    524        0.00020
     481    526        0.00029
     481    529        0.00038
     481    530        0.00012
     481    531        0.00028
     481    532       -0.00022
     481    533        0.00012
     481    535       -0.00020
     481    536       -0.00017
     481    561        0.00013
     481    569       -0.00011
     481    590        0.00010
     481    593        0.00013
     482    495       -0.01058
     482    496       -0.00459
     482    497       -0.00198
     482    498       -0.00336
     482    499        0.00114
     482    500       -0.00129
     482    501       -0.00071
     482    502        0.00065
     482    503        0.00043
     482    504       -0.00013
     482    505       -0.00053
     482    507       -0.00022
     482    508        0.00061
     482    513        0.00018
     482    514        0.00058
     482    515        0.00027
     482    516       -0.00029
     482    519       -0.00011
     482    523        0.00012
     482    524       -0.00043
     482    525       -0.00015
     482    526       -0.00044
     482    529       -0.00037
     482    530       -0.00033
     482    531       -0.00039
     482    532        0.00050
     482    533       -0.00027
     482    535        0.00030
     482    537       -0.00019
     482    542       -0.00018
     482    543       -0.00011
     482    548       -0.00011
     482    576        0.00011
     482    587        0.00012
     482    602        0.00011
     482    643       -0.00011
     482    675        0.00014
     482    704        0.00010
     482    708       -0.00012
     482    715       -0.00013
     482    730        0.00010
     482    732       -0.00010
     483    495       -0.00142
     483    496       -0.00036
     483    497       -0.00123
     483    498       -0.00097
     483    499        0.00317
     483    500       -0.00190
     483    501        0.00135
     483    502        0.00235
     483    503        0.00033
     483    504        0.00089
     483    505       -0.00072
     483    506       -0.00047
     483    507       -0.00072
     483    508       -0.00149
     483    509        0.00014
     483    513       -0.00018
     483    514       -0.00052
     483    515       -0.00055
     483    516        0.00048
     483    519        0.00016
     483    521        0.00015
     483    523       -0.00018
     483    524        0.00051
     483    525        0.00021
     483    526        0.00045
     483    529        0.00048
     483    530        0.00026
     483    531        0.00043
     483    532       -0.00038
     483    533        0.00014
     483    535       -0.00032
     483    536        0.00011
     483    537        0.00015
     483    539        0.00016
     483    547       -0.00019
     483    549       -0.00021
     483    551       -0.00010
     483    561        0.00017
     483    565       -0.00013
     483    567        0.00012
     483    576        0.00012
     483    578        0.00010
     483    588        0.00019
     483    592       -0.00018
     483    596        0.00017
     483    602       -0.00018
     483    603        0.00014
     483    605       -0.00012
     483    610       -0.00016
     483    611        0.00013
     483    614       -0.00014
     483    615        0.00014
     483    619       -0.00017
     483    622        0.00019
     483    623       -0.00014
     483    624       -0.00017
     483    629        0.00012
     483    630       -0.00018
     483    637       -0.00020
     483    638       -0.00012
     483    640        0.00011
     483    641        0.00012
     483    643        0.00023
     483    645       -0.00014
     483    647        0.00011
     483    653       -0.00017
     483    654        0.00012
     483    659        0.00014
     483    660       -0.00016
     483    666        0.00017
     483    723        0.00011
     483    725       -0.00011
     484    495        0.00594
     484    496        0.00357
     484    497       -0.00024
     484    498        0.00123
     484    499        0.00229
     484    500       -0.00105
     484    501        0.00116
     484    502        0.00138
     484    503       -0.00080
     484    504        0.00057
     484    506       -0.00039
     484    508       -0.00092
     484    513       -0.00042
     484    514       -0.00067
     484    515       -0.00013
     484    516        0.00064
     484    523       -0.00013
     484    524        0.00028
     484    525        0.00035
     484    526        0.00029
     484    528        0.00021
     484    529        0.00022
     484    530        0.00014
     484    531        0.00024
     484    532       -0.00031
     484    536       -0.00018
     484    539        0.00013
     484    565       -0.00011
     484    587       -0.00015
     484    590        0.00013
     484    592       -0.00015
     484    593        0.00012
     484    614       -0.00015
     484    618        0.00014
     484    619       -0.00011
     484    628        0.00010
     484    629        0.00018
     484    630       -0.00024
     484    632       -0.00016
     484    637       -0.00012
     484    641        0.00011
     484    643        0.00012
     484    644       -0.00017
     484    645       -0.00018
     484    653       -0.00013
     484    654        0.00013
     484    659        0.00021
     484    666        0.00012
     484    671        0.00015
     484    690        0.00011
     485    495        0.01719
     485    496        0.00800
     485    497        0.00331
     485    498        0.00503
     485    499       -0.00416
     485    500        0.00255
     485    501       -0.00033
     485    502       -0.00213
     485    503       -0.00023
     485    504       -0.00059
     485    505        0.00057
     485    507        0.00053
     485    514       -0.00054
     485    516        0.00039
     485    524        0.00025
     485    526        0.00043
     485    527        0.00018
     485    528       -0.00016
     485    529        0.00012
     485    530        0.00042
     485    531        0.00038
     485    532       -0.00058
     485    533        0.00036
     485    535       -0.00029
     485    536       -0.00012
     485    537        0.00011
     485    539        0.00013
     485    541        0.00011
     485    542        0.00019
     485    543        0.00013
     485    548        0.00010
     485    566       -0.00011
     485    571       -0.00010
     485    587       -0.00014
     485    604       -0.00010
     485    644       -0.00010
     485    651       -0.00010
     485    657       -0.00010
     485    660        0.00011
     485    661        0.00013
     485    666       -0.00012
     485    667        0.00015
     485    668       -0.00016
     485    673       -0.00012
     485    675       -0.00017
     485    686       -0.00012
     485    689        0.00013
     485    698       -0.00011
     485    700       -0.00017
     485    704       -0.00016
     485    707       -0.00013
     485    708        0.00020
     485    715        0.00022
     485    727       -0.00011
     485    730       -0.00017
     485    732        0.00015
     485    733        0.00011
     486    495        0.00088
     486    497        0.00035
     486    498       -0.00018
     486    499       -0.00240
     486    500        0.00050
     486    501       -0.00136
     486    502       -0.00198
     486    503        0.00030
     486    504       -0.00011
     486    505       -0.00057
     486    507        0.00017
     486    513       -0.00016
     486    515        0.00013
     486    516        0.00037
     486    524        0.00014
     486    526        0.00050
     486    527        0.00032
     486    528       -0.00020
     486    529        0.00028
     486    530        0.00030
     486    531        0.00033
     486    532       -0.00054
     486    533        0.00036
     486    535       -0.00027
     486    536       -0.00010
     486    540       -0.00011
     486    544        0.00011
     486    548       -0.00010
     486    550        0.00013
     486    566       -0.00020
     486    572        0.00014
     486    576        0.00019
     486    583        0.00012
     486    591       -0.00012
     486    596        0.00013
     486    667        0.00017
     486    675       -0.00011
     486    700       -0.00014
     486    704       -0.00012
     486    708        0.00013
     486    715        0.00014
     486    726       -0.00013
     486    727       -0.00012
     486    730       -0.00015
     487    495        0.01640
     487    496        0.00565
     487    497        0.00020
     487    498        0.00143
     487    499        0.00204
     487    500       -0.00111
     487    501       -0.00062
     487    502        0.00161
     487    504       -0.00060
     487    505        0.00019
     487    506       -0.00075
     487    507        0.00020
     487    508        0.00016
     487    509       -0.00010
     487    513        0.00071
     487    515        0.00019
     487    524       -0.00024
     487    525       -0.00014
     487    526       -0.00011
     487    528       -0.00018
     487    529       -0.00012
     487    530       -0.00019
     487    531       -0.00033
     487    532        0.00028
     487    533       -0.00018
     487    538       -0.00016
     487    539       -0.00016
     487    544       -0.00017
     487    547        0.00023
     487    548        0.00024
     487    549        0.00022
     487    551        0.00014
     487    554       -0.00015
     487    559        0.00019
     487    561        0.00028
     487    565       -0.00010
     487    566        0.00015
     487    569       -0.00011
     487    571        0.00013
     487    583       -0.00012
     487    587       -0.00021
     487    590        0.00031
     487    593        0.00024
     487    595       -0.00013
     487    596       -0.00033
     487    600       -0.00016
     487    602        0.00016
     487    606       -0.00010
     487    627        0.00012
     487    628       -0.00012
     487    659       -0.00013
     487    667       -0.00014
     488    495       -0.08501
     488    496       -0.03726
     488    497       -0.01290
     488    498       -0.01974
     488    499        0.01093
     488    500       -0.00683
     488    501       -0.00088
     488    502        0.00355
     488    503        0.00218
     488    504        0.00209
     488    505       -0.00284
     488    506       -0.00057
     488    507       -0.00191
     488    508       -0.00056
     488    509        0.00015
     488    510        0.00025
     488    513        0.00048
     488    514        0.00284
     488    515       -0.00047
     488    516       -0.00122
     488    517        0.00023
     488    518       -0.00017
     488    519       -0.00018
     488    520        0.00024
     488    524        0.00042
     488    525        0.00017
     488    526       -0.00030
     488    527       -0.00068
     488    528        0.00071
     488    530       -0.00025
     488    532        0.00031
     488    535        0.00026
     488    536        0.00034
     488    537       -0.00015
     488    539       -0.00040
     488    543       -0.00031
     488    547        0.00022
     488    549        0.00014
     488    550       -0.00010
     488    557        0.00018
     488    558        0.00010
     488    559       -0.00058
     488    560       -0.00010
     488    561       -0.00035
     488    564       -0.00011
     488    565        0.00040
     488    566        0.00032
     488    572        0.00021
     488    574       -0.00011
     488    587        0.00020
     488    590        0.00022
     488    591        0.00012
     488    592        0.00013
     488    593        0.00025
     488    595        0.00011
     488    596       -0.00025
     488    597       -0.00019
     488    598        0.00016
     488    600       -0.00011
     488    602        0.00026
     488    608        0.00018
     488    609        0.00026
     488    610        0.00042
     488    611       -0.00012
     488    613        0.00023
     488    614        0.00018
     488    615       -0.00028
     488    617       -0.00011
     488    622       -0.00029
     488    623        0.00011
     488    624        0.00037
     488    625       -0.00019
     488    626        0.00023
     488    628       -0.00017
     488    630        0.00012
     488    632        0.00014
     488    633        0.00015
     488    634       -0.00011
     488    637        0.00012
     488    638        0.00011
     488    639        0.00030
     488    641       -0.00012
     488    642        0.00027
     488    643       -0.00011
     488    644        0.00028
     488    645        0.00027
     488    647       -0.00023
     488    649       -0.00013
     488    651       -0.00014
     488    652        0.00014
     488    653        0.00026
     488    654       -0.00010
     488    657        0.00013
     488    658       -0.00016
     488    659       -0.00028
     488    662       -0.00012
     488    667       -0.00029
     488    673        0.00016
     488    675        0.00015
     488    678       -0.00016
     488    689       -0.00018
     488    694       -0.00010
     488    696       -0.00014
     488    698        0.00017
     488    700        0.00020
     488    701       -0.00010
     488    704        0.00014
     488    707        0.00025
     488    708       -0.00030
     488    709        0.00013
     488    711        0.00011
     488    712        0.00012
     488    713        0.00010
     488    715       -0.00033
     488    721       -0.00014
     488    725        0.00016
     488    726        0.00011
     488    727        0.00017
     488    728        0.00010
     488    730        0.00020
     488    732       -0.00023
     488    733       -0.00011
     488    759       -0.00012
     488    791        0.00018
     488    793       -0.00011
     488    794        0.00012
     488    795        0.00010
     488    801       -0.00013
     488    809       -0.00011
     488    811        0.00014
     488    821       -0.00013
     488    826       -0.00017
     488    828       -0.00013
     488    830        0.00015
     488    831       -0.00015
     488    836       -0.00013
     488    837        0.00015
     488    846       -0.00012
     488    851        0.00021
     488    852        0.00012
     488    857        0.00012
     488    861       -0.00010
     488    887       -0.00010
     488    954        0.00013
     488    959        0.00010
     488    964       -0.00013
     488    966       -0.00013
     488    975        0.00016
     488    988        0.00011
     488    997       -0.00012
     488   1042       -0.00011
     488   1303        0.00010
     489    495        0.05677
     489    496        0.02524
     489    497        0.00868
     489    498        0.01351
     489    499       -0.00321
     489    500        0.00260
     489    501        0.00441
     489    502        0.00018
     489    503       -0.00259
     489    504       -0.00090
     489    505        0.00166
     489    506        0.00046
     489    507        0.00109
     489    508       -0.00058
     489    509       -0.00012
     489    510       -0.00020
     489    513       -0.00085
     489    514       -0.00218
     489    515        0.00019
     489    516        0.00102
     489    517       -0.00018
     489    519        0.00020
     489    521        0.00014
     489    523       -0.00017
     489    524        0.00017
     489    526        0.00053
     489    527        0.00029
     489    529        0.00044
     489    530        0.00038
     489    531        0.00027
     489    532       -0.00043
     489    533        0.00021
     489    535       -0.00035
     489    536       -0.00014
     489    537        0.00020
     489    542        0.00016
     489    559        0.00010
     489    561        0.00028
     489    563        0.00013
     489    565       -0.00025
     489    566        0.00011
     489    569       -0.00022
     489    571        0.00014
     489    573       -0.00012
     489    585       -0.00011
     489    588       -0.00012
     489    591       -0.00024
     489    594        0.00019
     489    595       -0.00032
     489    596       -0.00014
     489    597        0.00010
     489    600       -0.00023
     489    602        0.00016
     489    608       -0.00014
     489    609       -0.00013
     489    610       -0.00032
     489    611        0.00012
     489    612       -0.00010
     489    613       -0.00014
     489    615        0.00017
     489    622        0.00018
     489    624       -0.00031
     489    625        0.00020
     489    626       -0.00017
     489    627       -0.00016
     489    628        0.00037
     489    629        0.00016
     489    630       -0.00019
     489    632       -0.00024
     489    633       -0.00014
     489    634        0.00018
     489    637       -0.00019
     489    639       -0.00023
     489    642       -0.00017
     489    643        0.00015
     489    644       -0.00015
     489    645       -0.00030
     489    647        0.00024
     489    652       -0.00018
     489    653       -0.00023
     489    654        0.00011
     489    657       -0.00013
     489    658        0.00015
     489    659        0.00040
     489    667        0.00015
     489    678        0.00013
     489    712       -0.00012
     489    715        0.00013
     489    725       -0.00010
     489    727       -0.00013
     489    730       -0.00019
     489    732        0.00020
     489    733        0.00010
     489    742       -0.00010
     489    746        0.00010
     489    753       -0.00012
     489    782        0.00012
     489    791       -0.00011
     489    811       -0.00010
     489    826        0.00011
     489    830       -0.00013
     489    831        0.00011
     489    836        0.00011
     489    837       -0.00016
     489    851       -0.00018
     489    975       -0.00012
     490    495        0.03137
     490    496        0.01256
     490    497        0.00735
     490    498        0.00792
     490    499       -0.01124
     490    500        0.00786
     490    501       -0.00213
     490    502       -0.00435
     490    503       -0.00113
     490    504       -0.00114
     490    505        0.00144
     490    506        0.00089
     490    507        0.00105
     490    508        0.00162
     490    510        0.00011
     490    513       -0.00075
     490    514       -0.00073
     490    515        0.00059
     490    516        0.00056
     490    518        0.00012
     490    519       -0.00011
     490    520       -0.00016
     490    523        0.00012
     490    524       -0.00060
     490    526       -0.00016
     490    527        0.00029
     490    528       -0.00053
     490    529       -0.00051
     490    531       -0.00036
     490    536       -0.00014
     490    537       -0.00015
     490    539        0.00025
     490    540       -0.00012
     490    543        0.00020
     490    547       -0.00018
     490    548       -0.00017
     490    549       -0.00011
     490    550        0.00013
     490    551       -0.00013
     490    559        0.00028
     490    561        0.00012
     490    565       -0.00015
     490    566       -0.00014
     490    569       -0.00010
     490    572       -0.00013
     490    587       -0.00012
     490    590       -0.00010
     490    594       -0.00011
     490    596        0.00012
     490    600        0.00012
     490    602       -0.00016
     490    621        0.00011
     490    627        0.00012
     490    628       -0.00026
     490    637        0.00011
     490    640       -0.00013
     490    644       -0.00010
     490    667        0.00012
     490    707       -0.00010
     490    708        0.00012
     490    715        0.00011
     491    495       -0.43419
     491    496       -0.16996
     491    497       -0.05649
     491    498       -0.06933
     491    499        0.04013
     491    500       -0.02484
     491    501       -0.00278
     491    502        0.01239
     491    503        0.00731
     491    504        0.00300
     491    505       -0.00566
     491    506       -0.00420
     491    507       -0.00475
     491    508       -0.00374
     491    509        0.00025
     491    510       -0.00016
     491    512       -0.00013
     491    513        0.00323
     491    514        0.00383
     491    515       -0.00090
     491    516       -0.00230
     491    517       -0.00016
     491    518       -0.00034
     491    519        0.00030
     491    520        0.00044
     491    523       -0.00044
     491    524        0.00160
     491    525        0.00049
     491    526        0.00087
     491    527       -0.00034
     491    528        0.00152
     491    529        0.00182
     491    530        0.00047
     491    531        0.00172
     491    532       -0.00083
     491    533        0.00055
     491    534       -0.00019
     491    535       -0.00064
     491    536       -0.00040
     491    537        0.00043
     491    538        0.00015
     491    539       -0.00021
     491    540        0.00015
     491    541       -0.00013
     491    543       -0.00026
     491    545        0.00014
     491    546        0.00023
     491    547        0.00011
     491    548       -0.00011
     491    550       -0.00013
     491    551        0.00022
     491    554        0.00013
     491    555       -0.00012
     491    557        0.00016
     491    559       -0.00050
     491    561       -0.00014
     491    562       -0.00017
     491    564       -0.00035
     491    565        0.00044
     491    566        0.00017
     491    568       -0.00020
     491    572        0.00022
     491    574       -0.00011
     491    576        0.00014
     491    585        0.00011
     491    587        0.00023
     491    588        0.00050
     491    589        0.00029
     491    590        0.00018
     491    591        0.00014
     491    593        0.00037
     491    595        0.00024
     491    597       -0.00020
     491    602        0.00011
     491    608        0.00014
     491    610        0.00016
     491    614        0.00014
     491    615       -0.00022
     491    617       -0.00010
     491    624        0.00020
     491    626        0.00011
     491    627       -0.00010
     491    631        0.00015
     491    637       -0.00015
     491    638        0.00015
     491    639        0.00032
     491    640        0.00027
     491    642        0.00011
     491    644        0.00022
     491    645        0.00011
     491    649       -0.00020
     491    654        0.00011
     491    657        0.00015
     491    662       -0.00014
     491    663        0.00016
     491    667       -0.00024
     491    669       -0.00013
     491    673        0.00019
     491    675        0.00011
     491    677       -0.00013
     491    678       -0.00012
     491    688       -0.00016
     491    691        0.00010
     491    698        0.00014
     491    706       -0.00020
     491    707        0.00018
     491    708       -0.00021
     491    713        0.00021
     491    715       -0.00028
     491    721       -0.00011
     491    728        0.00015
     491    732       -0.00012
     491    734        0.00012
     491    736       -0.00018
     491    748       -0.00010
     491    750       -0.00011
     491    751        0.00010
     491    782       -0.00013
     491    791        0.00019
     491    793       -0.00012
     491    794        0.00012
     491    795        0.00015
     491    802       -0.00011
     491    815       -0.00010
     491    816        0.00011
     491    821       -0.00013
     491    826       -0.00015
     491    830        0.00018
     491    831       -0.00016
     491    832       -0.00014
     491    835        0.00011
     491    836       -0.00020
     491    837        0.00025
     491    846       -0.00013
     491    851        0.00017
     491    852        0.00011
     491    857        0.00014
     491    858       -0.00013
     491    861       -0.00015
     491    862        0.00012
     491    877        0.00013
     491    878       -0.00013
     491    887       -0.00011
     491    889       -0.00014
     491    914       -0.00015
     491    923        0.00012
     491    945       -0.00013
     491    952       -0.00012
     491    954        0.00018
     491    959        0.00014
     491    964       -0.00012
     491    966       -0.00010
     491    972       -0.00010
     491    975        0.00022
     491    980        0.00011
     491    988        0.00011
     491    989       -0.00012
     491    992        0.00012
     491    997       -0.00019
     491   1001        0.00013
     491   1018        0.00012
     491   1023       -0.00012
     491   1025        0.00012
     491   1026       -0.00010
     491   1042       -0.00017
     491   1046       -0.00011
     491   1303        0.00012
     492    495        0.44711
     492    496        0.17826
     492    497        0.05195
     492    498        0.06683
     492    499       -0.03502
     492    500        0.01924
     492    501        0.00205
     492    502       -0.01009
     492    503       -0.00564
     492    504       -0.00240
     492    505        0.00404
     492    506        0.00291
     492    507        0.00426
     492    508        0.00318
     492    509       -0.00020
     492    513       -0.00187
     492    514       -0.00266
     492    515        0.00096
     492    516        0.00225
     492    517        0.00015
     492    518        0.00030
     492    519       -0.00026
     492    520       -0.00041
     492    523        0.00033
     492    524       -0.00182
     492    525       -0.00026
     492    526       -0.00093
     492    527        0.00043
     492    528       -0.00120
     492    529       -0.00181
     492    530       -0.00079
     492    531       -0.00174
     492    532        0.00101
     492    533       -0.00064
     492    534        0.00022
     492    535        0.00095
     492    537       -0.00066
     492    538       -0.00013
     492    539        0.00019
     492    543        0.00027
     492    545       -0.00011
     492    546       -0.00018
     492    548        0.00019
     492    554       -0.00013
     492    555        0.00013
     492    557       -0.00027
     492    559        0.00063
     492    561       -0.00016
     492    563       -0.00019
     492    564        0.00032
     492    565       -0.00025
     492    566       -0.00037
     492    568        0.00026
     492    571       -0.00013
     492    572       -0.00026
     492    574        0.00015
     492    576       -0.00019
     492    578       -0.00010
     492    587       -0.00017
     492    588       -0.00045
     492    589       -0.00034
     492    590       -0.00041
     492    591       -0.00010
     492    593       -0.00051
     492    596        0.00014
     492    597        0.00020
     492    602       -0.00024
     492    607       -0.00011
     492    608       -0.00018
     492    609       -0.00014
     492    610       -0.00012
     492    614       -0.00012
     492    615        0.00026
     492    622        0.00012
     492    624       -0.00015
     492    626       -0.00011
     492    631       -0.00018
     492    637        0.00014
     492    638       -0.00016
     492    639       -0.00025
     492    640       -0.00023
     492    642       -0.00018
     492    644       -0.00013
     492    649        0.00017
     492    651        0.00013
     492    654       -0.00019
     492    662        0.00011
     492    663       -0.00016
     492    667        0.00022
     492    669        0.00011
     492    673       -0.00015
     492    677        0.00013
     492    688        0.00012
     492    697        0.00012
     492    698       -0.00011
     492    701        0.00010
     492    706        0.00013
     492    707       -0.00021
     492    708        0.00019
     492    713       -0.00016
     492    715        0.00026
     492    721        0.00012
     492    728       -0.00015
     492    734       -0.00013
     492    736        0.00014
     492    740        0.00010
     492    782        0.00010
     492    790        0.00011
     492    791       -0.00018
     492    793        0.00012
     492    795       -0.00017
     492    801        0.00011
     492    826        0.00014
     492    830       -0.00018
     492    831        0.00015
     492    835       -0.00011
     492    836        0.00018
     492    837       -0.00023
     492    846        0.00012
     492    851       -0.00017
     492    857       -0.00011
     492    858        0.00015
     492    861        0.00012
     492    862       -0.00012
     492    877       -0.00012
     492    878        0.00014
     492    887        0.00013
     492    889        0.00017
     492    914        0.00016
     492    923       -0.00012
     492    945        0.00014
     492    952        0.00012
     492    954       -0.00019
     492    959       -0.00015
     492    964        0.00012
     492    966        0.00011
     492    975       -0.00021
     492    980       -0.00012
     492    988       -0.00012
     492    997        0.00020
     492   1001       -0.00012
     492   1018       -0.00013
     492   1023        0.00014
     492   1025       -0.00013
     492   1042        0.00017
     492   1056       -0.00011
     492   1082       -0.00010
     492   1303       -0.00011
     493    495        0.07869
     493    496        0.04250
     493    497        0.00756
     493    498       -0.00531
     493    499       -0.00896
     493    500        0.00154
     493    501       -0.00504
     493    502       -0.00979
     493    503        0.00031
     493    504       -0.00023
     493    505        0.00017
     493    506        0.00064
     493    507        0.00087
     493    508        0.00079
     493    510        0.00028
     493    514        0.00014
     493    515        0.00012
     493    517        0.00015
     493    519       -0.00022
     493    521       -0.00013
     493    522        0.00013
     493    523        0.00021
     493    524       -0.00055
     493    525       -0.00024
     493    526       -0.00063
     493    528       -0.00019
     493    529       -0.00061
     493    530       -0.00026
     493    531       -0.00050
     493    532        0.00051
     493    533       -0.00025
     493    535        0.00024
     493    536        0.00011
     493    542       -0.00011
     493    548       -0.00013
     493    557        0.00014
     493    559       -0.00014
     493    565        0.00011
     493    566        0.00021
     493    567       -0.00017
     493    569        0.00019
     493    571       -0.00023
     493    572       -0.00013
     493    574        0.00010
     493    576       -0.00018
     493    578       -0.00014
     493    582        0.00010
     493    583       -0.00022
     493    587       -0.00012
     493    588        0.00020
     493    589        0.00020
     493    591        0.00024
     493    593        0.00028
     493    596        0.00012
     493    600        0.00025
     493    602       -0.00026
     493    607       -0.00019
     493    610        0.00028
     493    614        0.00011
     493    615       -0.00018
     493    617        0.00029
     493    619        0.00029
     493    622       -0.00027
     493    623        0.00012
     493    624        0.00012
     493    625       -0.00019
     493    627       -0.00010
     493    630        0.00024
     493    631       -0.00010
     493    633        0.00011
     493    637        0.00016
     493    638        0.00016
     493    641       -0.00020
     493    642        0.00011
     493    643       -0.00017
     493    644        0.00015
     493    646       -0.00010
     493    647       -0.00013
     493    648       -0.00011
     493    652        0.00019
     493    653        0.00016
     493    654       -0.00016
     493    656       -0.00011
     493    657        0.00010
     493    659       -0.00015
     493    660        0.00014
     493    661       -0.00012
     493    666       -0.00012
     493    723       -0.00010
     493    727        0.00012
     493    730        0.00012
     494    495       -0.05042
     494    496       -0.02293
     494    497        0.04255
     494    498        0.03996
     494    499       -0.00777
     494    500        0.01067
     494    501       -0.00257
     494    502       -0.00664
     494    503       -0.00258
     494    504       -0.00054
     494    505        0.00110
     494    506        0.00059
     494    507       -0.00011
     494    508        0.00012
     494    512        0.00010
     494    513       -0.00174
     494    514       -0.00123
     494    515        0.00020
     494    516        0.00044
     494    517       -0.00012
     494    521        0.00012
     494    522       -0.00013
     494    524        0.00065
     494    525        0.00011
     494    526        0.00066
     494    529        0.00029
     494    530        0.00062
     494    531        0.00073
     494    532       -0.00087
     494    533        0.00043
     494    535       -0.00051
     494    537        0.00011
     494    538        0.00010
     494    539        0.00020
     494    543        0.00011
     494    547       -0.00026
     494    548       -0.00019
     494    549       -0.00034
     494    550        0.00020
     494    551       -0.00018
     494    553       -0.00018
     494    559       -0.00017
     494    560       -0.00019
     494    561        0.00023
     494    565       -0.00020
     494    567        0.00012
     494    569       -0.00017
     494    571        0.00021
     494    572        0.00015
     494    576        0.00021
     494    578        0.00014
     494    580       -0.00013
     494    581       -0.00014
     494    582       -0.00014
     494    583        0.00025
     494    587        0.00015
     494    588       -0.00011
     494    589       -0.00022
     494    590       -0.00016
     494    591       -0.00024
     494    593       -0.00020
     494    595       -0.00010
     494    597        0.00012
     494    600       -0.00021
     494    602        0.00022
     494    607        0.00017
     494    610       -0.00019
     494    615        0.00015
     494    617       -0.00020
     494    619       -0.00024
     494    622        0.00024
     494    623       -0.00012
     494    624       -0.00016
     494    625        0.00010
     494    628       -0.00017
     494    629        0.00012
     494    630       -0.00021
     494    633       -0.00015
     494    636        0.00012
     494    637       -0.00015
     494    638       -0.00015
     494    639       -0.00011
     494    641        0.00014
     494    643        0.00020
     494    644       -0.00021
     494    645       -0.00020
     494    647        0.00016
     494    649        0.00012
     494    652       -0.00024
     494    653       -0.00016
     494    654        0.00023
     494    656        0.00013
     494    657       -0.00013
     494    659        0.00017
     494    660       -0.00013
     494    661        0.00013
     494    667        0.00018
     494    685        0.00011
     494    700       -0.00015
     494    704       -0.00011
     494    708        0.00012
     494    715        0.00016
     494    726       -0.00014
     494    727       -0.00014
     494    730       -0.00014
     494    732        0.00015
     494    733        0.00011
     494    736        0.00011
     494    837       -0.00011
