     214    496        0.00014
     225    496        0.00011
     231    495        0.00012
     231    496       -0.00016
     231    499        0.00012
     238    495        0.00014
     238    496       -0.00016
     240    495        0.00016
     240    496       -0.00022
     240    499        0.00011
     242    496        0.00014
     243    495        0.00012
     243    496       -0.00021
     246    496       -0.00011
     252    496       -0.00011
     253    495       -0.00036
     253    496        0.00054
     253    497       -0.00019
     253    498        0.00020
     253    499       -0.00024
     253    500       -0.00013
     253    502        0.00012
     256    495       -0.00014
     256    496        0.00022
     258    496       -0.00011
     259    496       -0.00012
     260    509       -0.00023
     260    510        0.00019
     262    495       -0.00037
     262    496        0.00053
     262    497       -0.00018
     262    498        0.00019
     262    499       -0.00019
     263    496        0.00015
     264    496       -0.00012
     268    495       -0.00010
     270    495       -0.00015
     270    496        0.00020
     271    509       -0.00012
     278    495        0.00012
     278    496       -0.00016
     289    496       -0.00012
     291    540        0.00011
     297    495        0.00012
     297    496       -0.00013
     297    519       -0.00012
     298    509        0.00023
     298    510       -0.00019
     298    869       -0.00011
     298    984        0.00010
     299    509        0.00011
     300    509        0.00014
     300    510       -0.00013
     305    517       -0.00011
     308    496       -0.00011
     309    509        0.00012
     309    510       -0.00010
     310    496       -0.00010
     311    718        0.00012
     311    747        0.00010
     313    509       -0.00012
     313    510        0.00012
     314    509       -0.00026
     314    510        0.00022
     316    519       -0.00014
     316    521       -0.00014
     319    508        0.00010
     320    507        0.00010
     320    508       -0.00013
     320    514        0.00011
     324    496        0.00014
     326    496       -0.00019
     329    495        0.00019
     329    496        0.00011
     329    499        0.00020
     329    503        0.00014
     329    505       -0.00011
     329    513        0.00013
     329    514        0.00010
     329    536       -0.00016
     329    561       -0.00012
     334    496       -0.00011
     335    499        0.00010
     335    501        0.00011
     339    521       -0.00012
     339    522        0.00010
     340    495        0.00023
     340    496       -0.00022
     340    497        0.00015
     340    499        0.00018
     340    516       -0.00011
     344    499       -0.00013
     344    502        0.00011
     344    529       -0.00014
     345    519       -0.00013
     345    521       -0.00011
     346    509        0.00011
     346    551        0.00013
     347    495        0.00019
     347    496       -0.00034
     347    497        0.00013
     347    498       -0.00014
     347    499        0.00014
     347    500        0.00011
     347    503       -0.00014
     347    519       -0.00010
     347    548       -0.00012
     348    496       -0.00012
     350    495       -0.00012
     353    495        0.00011
     353    496       -0.00012
     353    502       -0.00010
     353    531        0.00011
     353    548       -0.00010
     356    495       -0.00011
     357    495       -0.00011
     357    496        0.00012
     359    495       -0.00010
     359    563       -0.00011
     361    495       -0.00011
     362    495       -0.00017
     362    496        0.00020
     362    498        0.00012
     363    495        0.00011
     363    499        0.00030
     363    501        0.00014
     363    502       -0.00018
     363    508       -0.00011
     363    513       -0.00011
     363    514        0.00013
     363    539       -0.00011
     363    548       -0.00012
     363    725        0.00012
     363    730       -0.00012
     364    495        0.00011
     364    496       -0.00034
     364    588       -0.00016
     364    590       -0.00012
     364    593       -0.00016
     365    495       -0.00011
     365    496        0.00014
     365    509        0.00011
     365    519        0.00022
     365    521        0.00023
     365    522        0.00012
     366    495       -0.00012
     366    496        0.00027
     366    509       -0.00021
     366    510        0.00018
     366    518        0.00010
     366    522        0.00013
     367    496       -0.00010
     369    518        0.00013
     369    519        0.00013
     369    521        0.00018
     369    522        0.00016
     369    575       -0.00012
     370    496       -0.00010
     370    519       -0.00014
     370    656       -0.00011
     371    495       -0.00029
     371    496        0.00032
     371    497       -0.00012
     371    498        0.00011
     371    499       -0.00021
     371    519        0.00013
     371    520       -0.00013
     371    521        0.00015
     371    522        0.00012
     371    575       -0.00013
     372    496       -0.00013
     373    495       -0.00092
     373    496        0.00096
     373    497       -0.00039
     373    498        0.00040
     373    499       -0.00073
     373    500       -0.00032
     373    501       -0.00022
     373    502        0.00035
     373    508        0.00016
     373    513       -0.00012
     373    514        0.00013
     373    524       -0.00012
     373    528       -0.00013
     373    529        0.00012
     373    531       -0.00021
     373    535       -0.00011
     373    536        0.00015
     374    643        0.00012
     376    495        0.00036
     376    496       -0.00039
     376    497        0.00015
     376    498       -0.00014
     376    499        0.00028
     376    500        0.00011
     376    501        0.00012
     376    502       -0.00016
     377    519        0.00016
     377    521        0.00013
     377    522        0.00012
     377    550        0.00017
     378    495       -0.00010
     378    496       -0.00011
     378    499       -0.00020
     378    500       -0.00012
     378    502        0.00016
     378    508        0.00011
     378    531       -0.00011
     378    593       -0.00010
     379    519        0.00011
     380    496        0.00012
     380    498        0.00010
     380    531       -0.00010
     382    495        0.00010
     382    496       -0.00011
     383    496        0.00012
     383    497       -0.00012
     383    498        0.00013
     383    500       -0.00011
     384    495       -0.00016
     384    496        0.00049
     384    497       -0.00015
     384    498        0.00021
     384    499       -0.00035
     384    500       -0.00022
     384    501       -0.00011
     384    502        0.00035
     384    508       -0.00016
     384    514        0.00011
     385    499       -0.00014
     385    502        0.00017
     386    495        0.00011
     386    496       -0.00027
     386    497        0.00018
     386    499        0.00036
     386    500        0.00028
     386    501        0.00021
     386    502       -0.00036
     386    514       -0.00013
     387    496        0.00013
     387    502       -0.00011
     388    496        0.00037
     388    497       -0.00017
     388    498        0.00017
     388    499       -0.00037
     388    500       -0.00027
     388    501       -0.00015
     388    502        0.00038
     388    508       -0.00014
     388    514        0.00010
     388    664       -0.00010
     388    707       -0.00011
     389    519       -0.00011
     390    534       -0.00010
     391    509        0.00016
     391    510       -0.00014
     391    558       -0.00012
     391    560        0.00010
     391    562       -0.00012
     391    563       -0.00013
     392    495       -0.00013
     392    496        0.00011
     392    519        0.00014
     392    521        0.00013
     393    495        0.00014
     393    496       -0.00013
     393    518       -0.00020
     393    519       -0.00037
     393    520        0.00015
     393    521       -0.00031
     393    522       -0.00023
     393    526        0.00010
     393    531       -0.00013
     393    534       -0.00014
     393    550       -0.00011
     394    522       -0.00011
     395    518        0.00018
     395    519        0.00035
     395    520       -0.00013
     395    521        0.00036
     395    522        0.00023
     395    531        0.00012
     395    546       -0.00011
     395    550        0.00012
     396    509       -0.00011
     396    518       -0.00013
     396    519       -0.00022
     396    520        0.00014
     396    521       -0.00010
     396    522       -0.00023
     397    495        0.00033
     397    496       -0.00033
     397    498       -0.00012
     397    499        0.00016
     397    503        0.00021
     397    508       -0.00012
     397    529       -0.00012
     397    531        0.00013
     397    535        0.00011
     397    561       -0.00013
     397    566       -0.00012
     398    495        0.00020
     398    496       -0.00033
     398    498       -0.00011
     398    501       -0.00011
     398    503        0.00012
     398    520       -0.00013
     398    521        0.00010
     398    531        0.00013
     398    549        0.00010
     399    495        0.00041
     399    496       -0.00056
     399    497        0.00015
     399    498       -0.00020
     399    501       -0.00011
     399    503        0.00018
     399    513        0.00013
     399    518       -0.00011
     399    519       -0.00014
     399    520        0.00016
     399    521       -0.00025
     399    525       -0.00011
     399    527        0.00011
     399    531        0.00011
     399    536       -0.00010
     399    605        0.00010
     400    520       -0.00011
     400    545        0.00016
     400    552       -0.00023
     400    554       -0.00012
     400    577       -0.00011
     400    579       -0.00011
     400    585       -0.00012
     400    611        0.00013
     400    664        0.00012
     401    551       -0.00011
     401    688        0.00011
     402    496       -0.00010
     403    519       -0.00013
     404    495       -0.00010
     404    496        0.00015
     404    518       -0.00011
     405    511        0.00011
     405    552       -0.00010
     406    495       -0.00036
     406    496        0.00052
     406    497       -0.00014
     406    498        0.00016
     406    509       -0.00012
     406    510        0.00013
     407    496        0.00012
     408    495       -0.00014
     408    496        0.00019
     408    509       -0.00023
     408    510        0.00019
     408    517        0.00015
     408    518        0.00013
     408    558        0.00011
     408    565       -0.00011
     408    582       -0.00013
     409    495       -0.00032
     409    496        0.00035
     409    497       -0.00014
     409    498        0.00012
     409    509        0.00010
     409    510       -0.00011
     409    527        0.00015
     409    540        0.00011
     409    541       -0.00010
     409    563       -0.00010
     409    565        0.00014
     409    582        0.00012
     409    691        0.00010
     413    495        0.00014
     413    501        0.00011
     413    509       -0.00013
     414    495        0.00025
     414    496       -0.00013
     414    499        0.00013
     414    500        0.00024
     414    507       -0.00011
     414    527       -0.00010
     415    495       -0.00016
     415    503        0.00014
     415    518       -0.00018
     415    519       -0.00015
     415    530       -0.00013
     415    536       -0.00012
     415    543        0.00012
     416    495       -0.00023
     416    496        0.00053
     416    497       -0.00015
     416    498        0.00024
     416    499       -0.00042
     416    500       -0.00019
     416    501       -0.00012
     416    502        0.00022
     416    508        0.00011
     416    808        0.00010
     417    499       -0.00014
     417    500       -0.00017
     417    513        0.00010
     417    567       -0.00014
     417    783        0.00011
     418    495       -0.00024
     418    496        0.00038
     418    498        0.00010
     418    499       -0.00027
     418    500       -0.00024
     418    519       -0.00015
     418    521       -0.00013
     418    522        0.00013
     419    496        0.00011
     419    498        0.00018
     419    501       -0.00017
     420    495        0.00026
     420    496       -0.00035
     420    497        0.00013
     420    499        0.00033
     420    500        0.00020
     420    502       -0.00014
     421    495       -0.00012
     421    496        0.00014
     421    498       -0.00014
     421    499       -0.00030
     421    500       -0.00039
     421    501        0.00021
     421    521        0.00011
     422    498        0.00011
     422    503       -0.00010
     422    521        0.00013
     422    522       -0.00012
     423    495       -0.00014
     423    496        0.00012
     423    497       -0.00029
     423    498        0.00015
     423    500        0.00027
     423    501       -0.00021
     423    502        0.00024
     424    495        0.00012
     424    499        0.00010
     424    501       -0.00011
     424    519        0.00011
     425    495       -0.00023
     425    496        0.00021
     425    497       -0.00034
     425    498        0.00029
     425    499       -0.00015
     425    500        0.00011
     425    501       -0.00038
     425    502        0.00045
     426    495        0.00013
     426    496       -0.00026
     426    499        0.00013
     426    500       -0.00010
     426    501       -0.00012
     427    495       -0.00015
     427    496        0.00028
     427    499       -0.00022
     427    500       -0.00010
     427    519        0.00014
     427    521        0.00014
     427    522       -0.00016
     427    531       -0.00010
     428    495       -0.00045
     428    496        0.00047
     428    497       -0.00024
     428    498        0.00023
     428    499       -0.00034
     428    500       -0.00018
     428    501       -0.00021
     428    502        0.00028
     428    508        0.00012
     428    565        0.00010
     428    591       -0.00011
     428    593        0.00011
     428    604        0.00010
     428    611       -0.00011
     428    626       -0.00011
     428    886       -0.00010
     428    987       -0.00010
     429    495        0.00024
     429    496       -0.00019
     429    497        0.00011
     429    499        0.00021
     429    501        0.00010
     429    502       -0.00013
     429    508       -0.00011
     429    593       -0.00010
     429    597       -0.00011
     430    509       -0.00015
     430    510        0.00013
     430    519        0.00013
     430    522       -0.00010
     431    495       -0.00054
     431    496        0.00074
     431    497       -0.00026
     431    498        0.00026
     431    499       -0.00022
     431    500       -0.00013
     431    504        0.00012
     431    509       -0.00023
     431    510        0.00019
     431    513       -0.00012
     431    519       -0.00020
     431    521       -0.00025
     431    535       -0.00010
     431    543        0.00012
     431    563        0.00013
     431    631        0.00010
     431    828       -0.00010
     431    871       -0.00010
     432    496        0.00013
     432    499       -0.00016
     432    509        0.00049
     432    510       -0.00043
     432    517        0.00015
     432    520        0.00013
     432    522       -0.00024
     432    523        0.00010
     432    524        0.00011
     432    525       -0.00012
     432    537        0.00011
     432    539        0.00011
     432    545       -0.00015
     432    551        0.00011
     432    554       -0.00011
     432    559       -0.00010
     432    561        0.00016
     432    563       -0.00022
     432    564        0.00013
     432    565        0.00015
     432    569       -0.00013
     432    571        0.00012
     432    589       -0.00012
     432    631       -0.00014
     432    637        0.00011
     432    696        0.00011
     432    808        0.00010
     432    839       -0.00010
     432    869       -0.00011
     433    502        0.00015
     433    509       -0.00019
     433    510        0.00016
     433    522        0.00012
     433    539       -0.00011
     433    543       -0.00015
     433    544        0.00016
     434    495        0.00013
     434    496       -0.00025
     435    495        0.00011
     435    496        0.00057
     435    497       -0.00011
     435    498        0.00020
     435    499       -0.00048
     435    500       -0.00041
     435    502        0.00045
     435    503       -0.00025
     435    506       -0.00016
     435    507       -0.00013
     435    539       -0.00012
     435    561        0.00012
     436    495        0.00019
     436    496       -0.00034
     436    497        0.00012
     436    498       -0.00014
     436    499        0.00060
     436    500        0.00042
     436    501        0.00012
     436    502       -0.00039
     436    505       -0.00012
     436    514        0.00012
     436    520        0.00013
     437    496        0.00052
     437    497       -0.00011
     437    498        0.00022
     437    499        0.00021
     437    500        0.00016
     437    501        0.00014
     437    503       -0.00018
     437    505       -0.00016
     437    513       -0.00013
     437    514        0.00013
     437    521       -0.00012
     437    548       -0.00011
     437    549        0.00010
     437    563        0.00012
     437    593        0.00013
     438    496        0.00045
     438    498        0.00014
     438    499        0.00017
     438    500        0.00013
     438    501        0.00013
     438    503       -0.00017
     438    505       -0.00014
     438    514        0.00012
     438    521        0.00011
     438    522       -0.00012
     438    548       -0.00011
     438    550        0.00011
     438    561        0.00012
     439    495        0.00044
     439    496       -0.00026
     439    497        0.00024
     439    499        0.00033
     439    500        0.00022
     439    501        0.00027
     439    502       -0.00025
     439    503       -0.00025
     439    505       -0.00011
     439    507       -0.00019
     439    508        0.00017
     439    513        0.00027
     439    514       -0.00026
     439    515       -0.00016
     439    524        0.00017
     439    529       -0.00019
     439    536        0.00013
     439    542        0.00011
     439    550        0.00015
     439    562        0.00011
     439    564        0.00012
     439    618        0.00012
     439    623       -0.00019
     439    631        0.00018
     439    637       -0.00013
     439    653        0.00023
     439    661       -0.00012
     439    691        0.00012
     439    706       -0.00016
     439    823       -0.00011
     439    849       -0.00012
     440    495       -0.00019
     440    496        0.00023
     440    500        0.00016
     440    502       -0.00021
     440    504        0.00024
     440    507        0.00011
     440    508       -0.00011
     440    513       -0.00017
     440    514        0.00017
     441    495       -0.00055
     441    496        0.00085
     441    497       -0.00021
     441    498        0.00027
     441    499       -0.00019
     441    509       -0.00028
     441    510        0.00018
     441    518       -0.00012
     441    520        0.00015
     441    521       -0.00011
     441    522       -0.00020
     441    531       -0.00011
     441    543        0.00010
     441    551       -0.00012
     441    563        0.00015
     441    705       -0.00012
     442    496       -0.00013
     442    503       -0.00012
     442    509       -0.00041
     442    510        0.00036
     442    518       -0.00013
     442    519        0.00015
     442    521        0.00012
     442    542       -0.00012
     442    546       -0.00014
     442    551       -0.00014
     442    552       -0.00011
     442    559        0.00013
     442    563        0.00024
     442    571       -0.00011
     442    589        0.00011
     442    631        0.00013
     442    637       -0.00012
     442    639        0.00013
     442    696       -0.00011
     442    699        0.00010
     442    705       -0.00013
     443    495        0.00017
     443    496       -0.00018
     443    502        0.00013
     443    509        0.00026
     443    510       -0.00021
     443    520       -0.00013
     443    521       -0.00023
     443    522        0.00016
     443    563       -0.00012
     443    600       -0.00011
     444    495        0.00018
     444    496       -0.00034
     444    498       -0.00011
     444    513        0.00010
     444    518        0.00020
     444    519        0.00023
     444    520        0.00025
     444    526       -0.00011
     445    501       -0.00010
     445    509       -0.00012
     445    521        0.00014
     445    522       -0.00012
     446    496        0.00018
     446    518        0.00012
     446    519        0.00012
     446    520        0.00012
     447    495       -0.00049
     447    496        0.00077
     447    497       -0.00029
     447    498        0.00030
     447    499        0.00014
     447    500       -0.00023
     447    501        0.00046
     447    502       -0.00045
     447    505        0.00015
     447    509        0.00010
     447    513       -0.00016
     447    514        0.00013
     447    515        0.00014
     447    516       -0.00014
     447    525       -0.00014
     447    529        0.00020
     447    569       -0.00011
     448    496        0.00087
     448    497       -0.00013
     448    498        0.00035
     448    499       -0.00059
     448    500       -0.00035
     448    501       -0.00042
     448    502        0.00079
     448    506        0.00016
     448    528       -0.00013
     448    548        0.00012
     448    707       -0.00012
     449    495        0.00023
     449    496       -0.00071
     449    498       -0.00013
     449    499       -0.00012
     449    500       -0.00020
     449    503        0.00026
     449    505        0.00021
     449    506       -0.00011
     449    507        0.00024
     449    528        0.00017
     449    531        0.00012
     449    539        0.00014
     449    548        0.00025
     449    549       -0.00016
     449    550       -0.00010
     449    551       -0.00013
     449    559       -0.00016
     450    518       -0.00012
     450    519        0.00014
     450    522       -0.00018
     451    499        0.00026
     451    500        0.00013
     451    502       -0.00025
     451    503        0.00016
     451    507        0.00014
     451    513       -0.00018
     451    514        0.00011
     451    515        0.00011
     451    520        0.00017
     451    521       -0.00012
     452    495        0.00043
     452    496       -0.00081
     452    499       -0.00047
     452    500       -0.00027
     452    501       -0.00019
     452    502        0.00040
     452    503       -0.00012
     452    505       -0.00010
     452    507       -0.00027
     452    508        0.00015
     452    509       -0.00056
     452    510        0.00050
     452    513        0.00046
     452    514       -0.00041
     452    515       -0.00033
     452    516        0.00019
     452    524        0.00015
     452    527       -0.00026
     452    528        0.00012
     452    529       -0.00025
     452    530        0.00023
     452    536        0.00011
     452    543       -0.00012
     452    548       -0.00011
     452    550        0.00010
     452    563        0.00010
     452    566       -0.00018
     452    567        0.00010
     452    571       -0.00011
     452    582        0.00011
     452    586        0.00012
     452    588        0.00014
     452    598       -0.00011
     452    602       -0.00012
     452    661       -0.00012
     452    687       -0.00010
     452    697        0.00013
     452    707       -0.00017
     452    709        0.00012
     452    713        0.00013
     452    717       -0.00017
     452    718       -0.00011
     452    725       -0.00010
     452    736       -0.00011
     452    741       -0.00011
     452    754       -0.00011
     452    761       -0.00013
     452    797       -0.00012
     452    819       -0.00012
     452    917        0.00011
     453    495        0.00033
     453    496       -0.00050
     453    497        0.00020
     453    498       -0.00019
     453    501       -0.00013
     453    502        0.00010
     453    504       -0.00022
     453    508        0.00011
     453    509       -0.00045
     453    510        0.00043
     453    513        0.00016
     453    514       -0.00022
     454    495       -0.00020
     454    496        0.00024
     454    497       -0.00019
     454    498        0.00032
     454    499       -0.00070
     454    500       -0.00034
     454    501       -0.00020
     454    502        0.00052
     454    503       -0.00031
     454    505       -0.00020
     454    507       -0.00023
     454    508        0.00018
     454    509        0.00068
     454    510       -0.00055
     454    513        0.00030
     454    514       -0.00018
     454    515       -0.00027
     454    522        0.00011
     454    526       -0.00014
     454    527       -0.00014
     454    529       -0.00016
     454    530        0.00010
     454    536        0.00016
     454    563        0.00014
     454    564        0.00013
     454    567        0.00015
     454    588        0.00015
     454    608        0.00012
     454    618        0.00017
     454    624       -0.00011
     454    632       -0.00013
     454    639       -0.00011
     454    644       -0.00016
     454    705        0.00014
     454    711        0.00010
     454    717       -0.00014
     454    734       -0.00012
     454    750        0.00010
     454    758        0.00015
     454    790       -0.00014
     454    800       -0.00014
     455    495       -0.00027
     455    496        0.00030
     455    498        0.00018
     455    499       -0.00050
     455    500       -0.00011
     455    501       -0.00014
     455    502        0.00038
     455    504       -0.00018
     455    505       -0.00011
     455    506        0.00014
     455    507       -0.00028
     455    508        0.00044
     455    509        0.00021
     455    510       -0.00014
     455    513        0.00016
     455    514       -0.00032
     455    530        0.00013
     455    535       -0.00012
     455    537        0.00011
     455    539       -0.00020
     455    548       -0.00019
     455    588       -0.00011
     455    590       -0.00012
     455    717       -0.00014
     455    734       -0.00011
     455    750        0.00015
     455    790       -0.00011
     456    495       -0.00034
     456    496        0.00034
     456    501        0.00013
     456    504        0.00019
     456    505        0.00012
     456    514       -0.00011
     456    525        0.00014
     456    536        0.00010
     456    566       -0.00010
     456    588        0.00013
     456    593        0.00014
     457    495        0.00029
     457    496       -0.00132
     457    497        0.00036
     457    498       -0.00055
     457    499        0.00015
     457    500        0.00019
     457    501       -0.00014
     457    502       -0.00021
     457    503       -0.00014
     457    504       -0.00027
     457    505        0.00017
     457    506       -0.00014
     457    508        0.00015
     457    509        0.00013
     457    513        0.00016
     457    514       -0.00039
     457    515        0.00012
     457    516        0.00012
     457    524        0.00013
     457    525        0.00010
     457    527       -0.00018
     457    528        0.00019
     457    531        0.00011
     457    536       -0.00012
     457    556        0.00010
     457    559       -0.00011
     457    569        0.00013
     457    576        0.00011
     458    496       -0.00049
     458    497       -0.00020
     458    499       -0.00011
     458    500       -0.00028
     458    502        0.00012
     458    504        0.00020
     458    505       -0.00020
     458    506        0.00014
     458    515       -0.00010
     458    524        0.00012
     458    525        0.00014
     458    527       -0.00015
     458    532       -0.00015
     458    561        0.00011
     459    495       -0.00083
     459    496        0.00019
     459    497       -0.00017
     459    498        0.00014
     459    499       -0.00027
     459    503       -0.00065
     459    506        0.00015
     459    507        0.00025
     459    513       -0.00036
     459    516        0.00014
     459    528        0.00013
     459    529        0.00014
     459    530       -0.00021
     459    531        0.00017
     459    532        0.00010
     459    536       -0.00012
     459    539        0.00015
     459    547       -0.00011
     459    549       -0.00016
     459    569        0.00012
     459    575        0.00011
     460    495        0.00162
     460    496       -0.00245
     460    497        0.00060
     460    498       -0.00082
     460    499        0.00076
     460    500        0.00040
     460    502       -0.00042
     460    503        0.00047
     460    508        0.00023
     460    513        0.00028
     460    514       -0.00031
     460    515       -0.00018
     460    516        0.00032
     460    525        0.00013
     460    527       -0.00011
     460    531       -0.00016
     460    532       -0.00012
     460    536        0.00011
     460    539       -0.00015
     460    546       -0.00011
     460    548       -0.00013
     460    550        0.00012
     460    562        0.00011
     460    610       -0.00011
     460    624        0.00011
     460    631       -0.00011
     460    653       -0.00011
     461    495       -0.00048
     461    496        0.00077
     461    497       -0.00015
     461    498        0.00021
     461    499       -0.00012
     461    503        0.00012
     461    504        0.00024
     461    505        0.00021
     461    506        0.00023
     461    507        0.00018
     461    508        0.00044
     461    509        0.00011
     461    513       -0.00016
     461    514       -0.00053
     461    516        0.00037
     461    523       -0.00011
     461    524       -0.00011
     461    525        0.00023
     461    528        0.00018
     461    529        0.00016
     461    531       -0.00013
     461    548       -0.00013
     461    559       -0.00014
     461    561        0.00011
     461    566        0.00027
     461    571        0.00012
     461    583        0.00013
     461    588       -0.00028
     461    589       -0.00015
     461    591       -0.00013
     461    592        0.00012
     461    593       -0.00017
     461    596       -0.00014
     461    602        0.00016
     461    632        0.00012
     461    635       -0.00011
     461    640        0.00016
     461    648        0.00012
     461    653       -0.00014
     461    654       -0.00015
     462    499        0.00038
     462    500        0.00018
     462    501        0.00017
     462    502       -0.00034
     462    503        0.00016
     462    513       -0.00011
     462    520        0.00020
     462    521       -0.00013
     462    523       -0.00013
     462    534        0.00018
     463    496        0.00012
     463    521        0.00014
     463    522       -0.00016
     464    495        0.00113
     464    496       -0.00089
     464    497        0.00044
     464    498       -0.00087
     464    499        0.00035
     464    500        0.00029
     464    501       -0.00031
     464    505        0.00011
     464    506        0.00017
     464    507        0.00016
     464    513       -0.00011
     464    514       -0.00033
     464    516        0.00028
     464    525        0.00012
     464    526       -0.00014
     464    527       -0.00013
     464    528        0.00040
     464    536       -0.00026
     464    540        0.00012
     464    559       -0.00012
     464    560       -0.00010
     464    572        0.00021
     464    576        0.00011
     464    588        0.00019
     464    592       -0.00011
     464    593        0.00012
     464    596        0.00016
     464    602       -0.00013
     464    626        0.00010
     464    707        0.00012
     464    717        0.00010
     465    495        0.00095
     465    496       -0.00132
     465    497       -0.00050
     465    498       -0.00042
     465    502       -0.00031
     465    503       -0.00020
     465    504       -0.00033
     465    505        0.00017
     465    524        0.00012
     465    525        0.00012
     465    528        0.00011
     465    530       -0.00012
     465    531        0.00012
     465    535        0.00017
     465    537       -0.00019
     465    573        0.00010
     465    625        0.00011
     466    495       -0.00066
     466    496        0.00041
     466    497       -0.00020
     466    498       -0.00036
     466    499       -0.00020
     466    501       -0.00022
     466    503       -0.00053
     466    504        0.00022
     466    505       -0.00012
     466    508       -0.00018
     466    514        0.00032
     466    516       -0.00021
     466    525       -0.00023
     466    527        0.00026
     466    528       -0.00024
     466    531        0.00015
     466    536       -0.00010
     466    562       -0.00013
     466    566       -0.00024
     466    572       -0.00010
     466    576        0.00011
     466    582       -0.00011
     466    587        0.00019
     466    588       -0.00022
     466    592        0.00012
     466    596       -0.00015
     466    602        0.00018
     466    624       -0.00013
     466    631        0.00014
     466    698       -0.00011
     466    704       -0.00011
     466    707       -0.00016
     467    495        0.00173
     467    496       -0.00281
     467    497        0.00020
     467    498       -0.00090
     467    499        0.00080
     467    500        0.00013
     467    502       -0.00019
     467    503        0.00067
     467    504        0.00029
     467    505        0.00032
     467    507       -0.00013
     467    513        0.00014
     467    514       -0.00028
     467    525        0.00019
     467    526       -0.00016
     467    527       -0.00036
     467    528        0.00047
     467    529       -0.00024
     467    530        0.00013
     467    532       -0.00013
     467    536       -0.00019
     467    540        0.00013
     467    541       -0.00012
     467    559       -0.00015
     467    560       -0.00013
     467    562        0.00011
     467    566        0.00019
     467    572        0.00022
     467    589       -0.00014
     467    590       -0.00017
     467    593       -0.00020
     467    596        0.00023
     467    616       -0.00012
     467    624        0.00011
     468    495        0.00100
     468    496       -0.00086
     468    497        0.00050
     468    498       -0.00044
     468    499        0.00178
     468    500        0.00111
     468    501        0.00094
     468    502       -0.00164
     468    503       -0.00037
     468    504        0.00030
     468    507       -0.00021
     468    514        0.00011
     468    516       -0.00021
     468    526       -0.00010
     468    527       -0.00015
     468    528        0.00013
     468    548       -0.00012
     468    574        0.00012
     468    584       -0.00011
     468    588        0.00010
     468    590       -0.00011
     468    606       -0.00015
     468    611        0.00011
     468    639       -0.00010
     468    643        0.00011
     468    645        0.00014
     468    652        0.00018
     468    656       -0.00012
     468    659        0.00010
     468    703       -0.00010
     468    872       -0.00010
     469    495       -0.00089
     469    496        0.00148
     469    497       -0.00082
     469    498        0.00125
     469    499       -0.00227
     469    500       -0.00117
     469    501       -0.00083
     469    502        0.00161
     469    503       -0.00017
     469    504        0.00021
     469    506       -0.00013
     469    508        0.00031
     469    513       -0.00021
     469    514        0.00024
     469    515        0.00034
     469    516       -0.00023
     469    525       -0.00019
     469    528       -0.00013
     469    548        0.00016
     469    561       -0.00013
     469    574       -0.00013
     469    584        0.00013
     469    590        0.00014
     469    596       -0.00010
     469    606        0.00013
     469    611       -0.00012
     469    618       -0.00011
     469    619       -0.00011
     469    624       -0.00012
     470    496        0.00049
     470    497       -0.00013
     470    498        0.00069
     470    499        0.00018
     470    500        0.00018
     470    501        0.00031
     470    502       -0.00014
     470    503       -0.00067
     470    504        0.00023
     470    505       -0.00027
     470    507       -0.00022
     470    508        0.00060
     470    513       -0.00045
     470    514        0.00020
     470    515        0.00036
     470    516       -0.00011
     470    531       -0.00010
     470    536        0.00010
     470    563        0.00012
     470    588        0.00014
     470    589        0.00012
     470    590        0.00014
     470    593        0.00022
     470    606       -0.00010
     470    631       -0.00012
     470    641       -0.00011
     470    643        0.00011
     470    652        0.00018
     470    659        0.00015
     470    767       -0.00010
     470    809       -0.00010
     471    499        0.00032
     471    500        0.00057
     471    501       -0.00042
     471    502        0.00017
     471    514        0.00012
     471    515       -0.00028
     471    516        0.00016
     471    528       -0.00012
     472    495        0.00021
     472    496       -0.00022
     472    501       -0.00011
     472    502       -0.00012
     472    503       -0.00030
     473    495        0.00042
     473    496       -0.00089
     473    497       -0.00038
     473    499       -0.00241
     473    500       -0.00124
     473    501       -0.00150
     473    502        0.00197
     473    503        0.00024
     473    504        0.00012
     473    505       -0.00029
     473    506        0.00045
     473    507       -0.00032
     473    508        0.00124
     473    509        0.00012
     473    514       -0.00033
     473    515        0.00024
     473    516        0.00034
     473    519        0.00010
     473    523       -0.00010
     473    524       -0.00037
     473    525        0.00026
     473    526        0.00011
     473    527        0.00026
     473    529        0.00023
     473    531       -0.00032
     473    532       -0.00013
     473    536       -0.00025
     473    543        0.00016
     473    547        0.00015
     473    548        0.00018
     473    549        0.00012
     473    554       -0.00010
     473    558        0.00011
     473    567       -0.00015
     473    569       -0.00026
     473    571        0.00014
     473    588        0.00012
     473    589        0.00029
     473    590        0.00037
     473    593        0.00042
     473    596       -0.00017
     473    599       -0.00014
     473    604       -0.00016
     473    606       -0.00010
     473    619       -0.00014
     473    624        0.00012
     473    627        0.00013
     473    629        0.00017
     473    630       -0.00018
     473    631       -0.00013
     473    632       -0.00011
     473    651       -0.00013
     473    661        0.00015
     473    664       -0.00013
     473    667       -0.00020
     473    675        0.00011
     473    698       -0.00015
     473    703        0.00013
     473    707       -0.00019
     473    708       -0.00011
     473    712       -0.00012
     473    713        0.00012
     474    495       -0.00148
     474    496        0.00225
     474    497        0.00037
     474    498        0.00014
     474    499        0.00233
     474    500        0.00078
     474    501        0.00144
     474    502       -0.00150
     474    503       -0.00018
     474    504        0.00036
     474    506       -0.00039
     474    507        0.00042
     474    508       -0.00137
     474    509       -0.00014
     474    513       -0.00015
     474    514        0.00046
     474    515       -0.00043
     474    516       -0.00014
     474    519       -0.00018
     474    523        0.00017
     474    524        0.00045
     474    525       -0.00013
     474    526       -0.00029
     474    527       -0.00054
     474    528        0.00030
     474    529       -0.00038
     474    531        0.00026
     474    532        0.00018
     474    536        0.00030
     474    537        0.00013
     474    540        0.00011
     474    542       -0.00012
     474    543       -0.00012
     474    544       -0.00020
     474    545       -0.00013
     474    547       -0.00024
     474    548       -0.00019
     474    549       -0.00021
     474    551       -0.00015
     474    559       -0.00016
     474    567        0.00019
     474    569        0.00011
     474    588        0.00015
     474    589       -0.00024
     474    590       -0.00026
     474    593       -0.00026
     474    595        0.00017
     474    596        0.00031
     474    600        0.00013
     474    602       -0.00018
     474    603        0.00011
     474    606        0.00015
     474    616        0.00013
     474    628       -0.00021
     474    632        0.00013
     474    642        0.00013
     474    654        0.00012
     474    659       -0.00012
     474    666       -0.00010
     474    707        0.00014
     474    708        0.00013
     475    495        0.00200
     475    496       -0.00439
     475    497        0.00132
     475    498       -0.00165
     475    499        0.00064
     475    500        0.00037
     475    501        0.00097
     475    502       -0.00108
     475    503       -0.00064
     475    504        0.00019
     475    505        0.00021
     475    506        0.00014
     475    507        0.00020
     475    508       -0.00060
     475    514        0.00034
     475    515       -0.00030
     475    516       -0.00028
     475    517        0.00010
     475    519       -0.00011
     475    523        0.00020
     475    524        0.00033
     475    525       -0.00047
     475    528       -0.00027
     475    529       -0.00052
     475    531        0.00047
     475    532        0.00010
     475    533        0.00016
     475    535        0.00019
     475    542       -0.00011
     475    561       -0.00014
     475    563       -0.00018
     475    566       -0.00013
     475    569        0.00025
     475    571       -0.00023
     475    573        0.00014
     475    588       -0.00025
     475    589       -0.00013
     475    590       -0.00011
     475    593       -0.00023
     475    602        0.00017
     475    617       -0.00019
     475    640       -0.00015
     475    663       -0.00013
     476    495        0.00076
     476    496       -0.00137
     476    497        0.00028
     476    498       -0.00034
     476    499        0.00015
     476    500        0.00016
     476    501       -0.00011
     476    504       -0.00017
     476    514       -0.00012
     476    519        0.00028
     476    520       -0.00013
     476    521        0.00027
     476    522        0.00018
     476    525        0.00016
     476    536        0.00012
     477    495       -0.00011
     477    499        0.00019
     477    501        0.00022
     477    502       -0.00027
     477    505       -0.00011
     477    508        0.00014
     477    509        0.00013
     477    520       -0.00010
     477    522        0.00012
     477    529        0.00012
     477    530       -0.00014
     477    535       -0.00012
     477    538       -0.00012
     477    540       -0.00011
     477    542        0.00012
     477    554       -0.00012
     477    561        0.00017
     477    562       -0.00021
     477    566       -0.00011
     477    568        0.00011
     477    582       -0.00014
     477    589        0.00015
     477    594        0.00012
     477    596       -0.00012
     477    600        0.00010
     477    604        0.00016
     477    608        0.00016
     477    609       -0.00012
     477    620        0.00015
     477    621        0.00011
     477    626        0.00018
     477    631       -0.00019
     477    632       -0.00017
     477    641       -0.00013
     477    643        0.00011
     477    654       -0.00013
     477    658        0.00011
     477    663        0.00012
     477    670        0.00011
     477    685        0.00014
     477    688       -0.00014
     477    692       -0.00011
     477    693       -0.00013
     477    696        0.00013
     477    697       -0.00017
     477    705        0.00012
     477    710       -0.00011
     477    712       -0.00013
     477    713       -0.00016
     477    715       -0.00012
     477    716        0.00013
     477    718       -0.00028
     477    722       -0.00016
     477    726       -0.00013
     477    728       -0.00013
     477    737       -0.00018
     477    747       -0.00015
     477    755       -0.00014
     477    777        0.00018
     477    801       -0.00014
     477    803       -0.00013
     477    805        0.00015
     477    808       -0.00010
     477    810        0.00011
     477    821       -0.00013
     477    829        0.00013
     477    836       -0.00012
     477    878        0.00013
     477    880        0.00020
     477    884       -0.00016
     477    885        0.00011
     477    906        0.00016
     477    924        0.00013
     477    950       -0.00013
     477    954        0.00016
     477   1035       -0.00010
     477   1071        0.00011
     477   1097        0.00016
     477   1111       -0.00012
     477   1115       -0.00012
     477   1125        0.00013
     477   1126        0.00012
     477   1130       -0.00017
     477   1134       -0.00011
     477   1137       -0.00010
     477   1153       -0.00011
     477   1173       -0.00012
     478    495       -0.00097
     478    496        0.00133
     478    497       -0.00016
     478    498        0.00014
     478    499       -0.00080
     478    500       -0.00154
     478    501        0.00072
     478    502       -0.00025
     478    505       -0.00020
     478    517        0.00014
     478    518       -0.00011
     478    519        0.00015
     478    521       -0.00010
     478    532       -0.00010
     478    537       -0.00019
     478    557       -0.00015
     478    585        0.00011
     478    616        0.00012
     478    693       -0.00011
     479    495        0.00055
     479    496       -0.00089
     479    497       -0.00020
     479    499       -0.00048
     479    500        0.00024
     479    501       -0.00034
     479    502        0.00056
     479    503        0.00019
     479    504       -0.00017
     479    505        0.00011
     479    506        0.00014
     479    508        0.00022
     479    514       -0.00013
     479    516        0.00018
     479    518       -0.00020
     479    520       -0.00016
     479    524       -0.00012
     479    529        0.00014
     479    531       -0.00016
     479    536        0.00011
     480    495       -0.00028
     480    496        0.00046
     480    497        0.00026
     480    498       -0.00030
     480    499       -0.00135
     480    500       -0.00155
     480    501        0.00022
     480    502        0.00023
     480    503        0.00036
     480    505       -0.00010
     480    507       -0.00017
     480    508        0.00059
     480    514       -0.00025
     480    515        0.00027
     480    517       -0.00015
     480    520       -0.00012
     480    521        0.00011
     480    524       -0.00019
     480    525        0.00019
     480    526        0.00011
     480    529        0.00026
     480    531       -0.00020
     480    542        0.00010
     480    625        0.00010
     480    638       -0.00010
     480    679        0.00010
     481    495       -0.00075
     481    496        0.00189
     481    499       -0.00079
     481    500       -0.00087
     481    501        0.00067
     481    503        0.00020
     481    504       -0.00023
     481    507       -0.00014
     481    508        0.00023
     481    514       -0.00014
     481    515        0.00035
     481    523       -0.00010
     481    525        0.00019
     481    528        0.00017
     481    529        0.00028
     481    531       -0.00024
     481    535       -0.00011
     481    536        0.00025
     481    569       -0.00012
     481    571        0.00012
     481    592       -0.00011
     481    593        0.00011
     481    649       -0.00011
     481    672        0.00010
     482    495        0.00594
     482    496       -0.00855
     482    497        0.00285
     482    498       -0.00267
     482    499        0.00104
     482    500        0.00167
     482    501       -0.00053
     482    502       -0.00065
     482    503        0.00015
     482    504       -0.00029
     482    505        0.00071
     482    506       -0.00010
     482    507        0.00014
     482    508        0.00057
     482    514       -0.00055
     482    515        0.00028
     482    516        0.00012
     482    523       -0.00011
     482    524       -0.00042
     482    525        0.00034
     482    529        0.00034
     482    530        0.00022
     482    531       -0.00066
     482    532       -0.00030
     482    534        0.00013
     482    535       -0.00032
     482    536        0.00026
     482    537        0.00023
     482    540        0.00013
     482    542        0.00024
     482    548        0.00013
     482    559       -0.00013
     482    587       -0.00011
     482    616        0.00011
     482    628       -0.00012
     482    643        0.00011
     482    651        0.00010
     482    654        0.00012
     482    659       -0.00010
     482    671       -0.00014
     482    673       -0.00012
     482    675       -0.00017
     482    707        0.00012
     482    725        0.00011
     482    730       -0.00014
     482    733        0.00013
     482    747       -0.00010
     482    749        0.00012
     483    495        0.00286
     483    496       -0.00379
     483    497        0.00188
     483    498       -0.00131
     483    499        0.00275
     483    500        0.00173
     483    501        0.00138
     483    502       -0.00223
     483    503       -0.00094
     483    504       -0.00109
     483    505        0.00067
     483    506       -0.00044
     483    507        0.00045
     483    508       -0.00146
     483    509       -0.00012
     483    514        0.00037
     483    515       -0.00039
     483    516       -0.00056
     483    519       -0.00019
     483    521       -0.00011
     483    523        0.00019
     483    524        0.00041
     483    525       -0.00039
     483    526       -0.00013
     483    527       -0.00011
     483    528       -0.00010
     483    529       -0.00040
     483    531        0.00050
     483    532        0.00019
     483    535        0.00029
     483    537       -0.00019
     483    539        0.00019
     483    542       -0.00013
     483    547       -0.00012
     483    548        0.00017
     483    549       -0.00023
     483    551       -0.00011
     483    563       -0.00014
     483    566       -0.00016
     483    567        0.00013
     483    568        0.00010
     483    569        0.00020
     483    571       -0.00011
     483    576        0.00012
     483    577       -0.00011
     483    588        0.00023
     483    591        0.00015
     483    596        0.00015
     483    615       -0.00021
     483    617        0.00011
     483    618        0.00017
     483    619        0.00020
     483    620        0.00010
     483    622       -0.00021
     483    623        0.00019
     483    624       -0.00016
     483    631        0.00017
     483    637       -0.00010
     483    638        0.00022
     483    642        0.00019
     483    643       -0.00024
     483    646       -0.00014
     483    652       -0.00015
     483    653        0.00011
     483    661       -0.00018
     483    666       -0.00012
     483    686        0.00011
     483    725       -0.00015
     484    495        0.00223
     484    496       -0.00644
     484    498       -0.00101
     484    499       -0.00257
     484    500       -0.00119
     484    501       -0.00105
     484    502        0.00138
     484    503        0.00098
     484    504       -0.00068
     484    505       -0.00011
     484    506        0.00072
     484    507        0.00017
     484    508        0.00106
     484    513        0.00034
     484    514       -0.00072
     484    516        0.00068
     484    519        0.00011
     484    523       -0.00016
     484    524       -0.00031
     484    525        0.00034
     484    526        0.00028
     484    527        0.00017
     484    528       -0.00023
     484    529        0.00034
     484    531       -0.00053
     484    532       -0.00024
     484    536        0.00038
     484    539       -0.00014
     484    542        0.00018
     484    559        0.00012
     484    561        0.00010
     484    565       -0.00015
     484    587       -0.00015
     484    591       -0.00010
     484    593        0.00021
     484    595       -0.00010
     484    607       -0.00014
     484    614        0.00010
     484    615        0.00012
     484    617        0.00012
     484    618       -0.00020
     484    628        0.00022
     484    629        0.00016
     484    631       -0.00029
     484    632       -0.00015
     484    637        0.00010
     484    641       -0.00018
     484    642       -0.00014
     484    643        0.00012
     484    644        0.00021
     484    648       -0.00016
     484    652        0.00016
     484    659        0.00021
     484    661        0.00011
     484    663        0.00010
     484    732        0.00011
     485    495        0.00946
     485    496       -0.01756
     485    497        0.00412
     485    498       -0.00460
     485    499        0.00376
     485    500        0.00230
     485    501        0.00068
     485    502       -0.00186
     485    503       -0.00073
     485    504       -0.00016
     485    505        0.00043
     485    506        0.00021
     485    507        0.00046
     485    514       -0.00055
     485    515       -0.00014
     485    516        0.00041
     485    524       -0.00023
     485    525        0.00038
     485    527       -0.00012
     485    529        0.00017
     485    530        0.00023
     485    531       -0.00067
     485    532       -0.00032
     485    534        0.00017
     485    535       -0.00024
     485    536        0.00027
     485    539       -0.00011
     485    540        0.00015
     485    542        0.00025
     485    559       -0.00010
     485    566        0.00016
     485    587       -0.00011
     485    613        0.00011
     485    661       -0.00014
     485    667        0.00015
     485    670       -0.00018
     485    673       -0.00011
     485    675       -0.00013
     485    698        0.00017
     485    700        0.00015
     485    703       -0.00014
     485    704        0.00018
     485    707        0.00025
     485    713       -0.00016
     485    717        0.00015
     485    725        0.00012
     485    730       -0.00020
     485    733        0.00012
     485    739        0.00012
     485    743       -0.00013
     486    495       -0.00090
     486    496        0.00154
     486    497       -0.00017
     486    498        0.00027
     486    499       -0.00268
     486    501       -0.00188
     486    502        0.00258
     486    503        0.00018
     486    504       -0.00032
     486    505        0.00071
     486    506       -0.00020
     486    507       -0.00050
     486    508        0.00032
     486    513       -0.00011
     486    514       -0.00016
     486    515        0.00030
     486    516       -0.00056
     486    525       -0.00053
     486    527        0.00023
     486    528       -0.00036
     486    529       -0.00021
     486    531        0.00040
     486    532        0.00034
     486    534       -0.00018
     486    535        0.00018
     486    537        0.00012
     486    541        0.00011
     486    544       -0.00015
     486    548        0.00011
     486    550       -0.00013
     486    564        0.00011
     486    566       -0.00024
     486    569        0.00017
     486    571       -0.00011
     486    583       -0.00014
     486    593        0.00014
     486    667       -0.00015
     486    670        0.00017
     486    699        0.00010
     486    703        0.00015
     486    704       -0.00011
     486    707       -0.00012
     486    713        0.00013
     486    722       -0.00012
     486    730        0.00018
     487    495        0.02901
     487    496       -0.04487
     487    497        0.00747
     487    498       -0.00857
     487    499        0.00332
     487    500        0.00145
     487    501        0.00197
     487    502       -0.00063
     487    503       -0.00162
     487    504       -0.00093
     487    505        0.00120
     487    506        0.00080
     487    507        0.00111
     487    508       -0.00087
     487    509       -0.00018
     487    513       -0.00077
     487    514       -0.00111
     487    515       -0.00064
     487    516        0.00049
     487    518       -0.00015
     487    520        0.00016
     487    521        0.00010
     487    524        0.00051
     487    526       -0.00015
     487    527       -0.00056
     487    528        0.00047
     487    529       -0.00019
     487    530        0.00016
     487    531        0.00032
     487    535       -0.00014
     487    536        0.00017
     487    537        0.00014
     487    540        0.00013
     487    542        0.00016
     487    544       -0.00019
     487    548        0.00020
     487    549       -0.00014
     487    553       -0.00017
     487    554       -0.00015
     487    557        0.00015
     487    559       -0.00028
     487    560       -0.00016
     487    561        0.00046
     487    562        0.00025
     487    563        0.00015
     487    564       -0.00011
     487    565       -0.00017
     487    566        0.00045
     487    571        0.00015
     487    572        0.00018
     487    583       -0.00010
     487    587       -0.00029
     487    590        0.00015
     487    593        0.00015
     487    594        0.00011
     487    603        0.00011
     487    607       -0.00010
     487    610       -0.00010
     487    613        0.00014
     487    621        0.00014
     487    623       -0.00013
     487    624        0.00011
     487    627       -0.00016
     487    631       -0.00010
     487    640        0.00016
     487    652        0.00011
     487    653       -0.00014
     487    658        0.00010
     487    707        0.00013
     487    717        0.00011
     487    826       -0.00014
     487    848        0.00010
     487    852       -0.00010
     487   1024       -0.00012
     488    495        0.03151
     488    496       -0.05232
     488    497        0.01224
     488    498       -0.01245
     488    499        0.01022
     488    500        0.00691
     488    501        0.00042
     488    502       -0.00437
     488    503       -0.00101
     488    504       -0.00206
     488    505        0.00248
     488    506       -0.00081
     488    507        0.00147
     488    508       -0.00075
     488    509       -0.00011
     488    510        0.00017
     488    513        0.00052
     488    514       -0.00238
     488    515       -0.00038
     488    516        0.00086
     488    517       -0.00011
     488    518       -0.00016
     488    521        0.00014
     488    524        0.00027
     488    525        0.00024
     488    527       -0.00053
     488    528        0.00047
     488    530        0.00024
     488    531       -0.00034
     488    532       -0.00011
     488    535       -0.00011
     488    536        0.00039
     488    537       -0.00011
     488    538       -0.00016
     488    539       -0.00044
     488    540        0.00012
     488    542        0.00014
     488    543       -0.00028
     488    546       -0.00013
     488    548       -0.00030
     488    549        0.00018
     488    550        0.00011
     488    551        0.00011
     488    557        0.00017
     488    559       -0.00031
     488    560       -0.00014
     488    561        0.00018
     488    562        0.00015
     488    566        0.00050
     488    572        0.00019
     488    583        0.00012
     488    586       -0.00012
     488    588       -0.00030
     488    589       -0.00031
     488    590       -0.00030
     488    591       -0.00032
     488    593       -0.00047
     488    595       -0.00018
     488    597        0.00013
     488    598        0.00024
     488    600       -0.00012
     488    602        0.00025
     488    605        0.00013
     488    606        0.00016
     488    607       -0.00013
     488    608       -0.00023
     488    610       -0.00035
     488    613        0.00012
     488    614       -0.00011
     488    615        0.00034
     488    616       -0.00025
     488    620       -0.00019
     488    621        0.00017
     488    622        0.00027
     488    624        0.00030
     488    625        0.00015
     488    626        0.00012
     488    628        0.00019
     488    631       -0.00010
     488    632       -0.00014
     488    633        0.00017
     488    638       -0.00015
     488    639        0.00015
     488    642       -0.00018
     488    645        0.00019
     488    646        0.00016
     488    652        0.00021
     488    653       -0.00012
     488    654        0.00015
     488    655       -0.00011
     488    658        0.00011
     488    659        0.00019
     488    664        0.00017
     488    667        0.00028
     488    673       -0.00011
     488    674        0.00010
     488    675       -0.00017
     488    678       -0.00012
     488    689       -0.00010
     488    695       -0.00011
     488    696       -0.00016
     488    698        0.00012
     488    699       -0.00014
     488    700        0.00011
     488    702       -0.00013
     488    703       -0.00014
     488    704        0.00010
     488    707        0.00031
     488    711       -0.00015
     488    713       -0.00016
     488    714       -0.00016
     488    717        0.00028
     488    723       -0.00011
     488    725        0.00017
     488    730       -0.00021
     488    731        0.00020
     488    733        0.00017
     488    734        0.00014
     488    736       -0.00012
     488    754        0.00010
     488    790        0.00011
     488    792       -0.00010
     488    794        0.00011
     488    796       -0.00010
     488    808       -0.00014
     488    826       -0.00013
     488    829       -0.00014
     488    848        0.00014
     488    852       -0.00013
     488    859       -0.00010
     488    965       -0.00010
     489    495        0.03839
     489    496       -0.06471
     489    497        0.01469
     489    498       -0.01524
     489    499        0.00726
     489    500        0.00700
     489    501       -0.00377
     489    502       -0.00152
     489    503       -0.00039
     489    504       -0.00349
     489    505        0.00242
     489    506       -0.00065
     489    507        0.00152
     489    508       -0.00018
     489    509       -0.00019
     489    510        0.00017
     489    513        0.00081
     489    514       -0.00264
     489    515       -0.00065
     489    516        0.00120
     489    517       -0.00013
     489    518       -0.00013
     489    519        0.00011
     489    521        0.00023
     489    523       -0.00011
     489    525        0.00050
     489    527       -0.00038
     489    528        0.00027
     489    529        0.00027
     489    530        0.00032
     489    531       -0.00044
     489    532       -0.00031
     489    535       -0.00035
     489    536        0.00036
     489    537        0.00011
     489    539       -0.00015
     489    540        0.00016
     489    542        0.00019
     489    544       -0.00011
     489    546       -0.00010
     489    548       -0.00011
     489    560       -0.00016
     489    561        0.00042
     489    562        0.00011
     489    563        0.00015
     489    565       -0.00028
     489    566        0.00031
     489    569       -0.00023
     489    571        0.00019
     489    572        0.00014
     489    585       -0.00011
     489    587       -0.00024
     489    592       -0.00025
     489    594       -0.00013
     489    595       -0.00012
     489    596        0.00026
     489    597        0.00014
     489    600        0.00015
     489    601       -0.00018
     489    602       -0.00025
     489    607       -0.00015
     489    608       -0.00012
     489    610       -0.00027
     489    612        0.00014
     489    613        0.00013
     489    614       -0.00021
     489    615        0.00022
     489    616       -0.00012
     489    620       -0.00013
     489    621        0.00014
     489    622        0.00011
     489    623       -0.00010
     489    624        0.00036
     489    625        0.00016
     489    626        0.00014
     489    627        0.00013
     489    628        0.00012
     489    629        0.00013
     489    630       -0.00013
     489    631       -0.00020
     489    632       -0.00020
     489    633        0.00023
     489    634       -0.00015
     489    637        0.00013
     489    638       -0.00021
     489    639        0.00022
     489    643        0.00015
     489    644        0.00010
     489    645        0.00016
     489    646        0.00016
     489    648       -0.00022
     489    649       -0.00012
     489    650        0.00010
     489    652        0.00035
     489    653       -0.00018
     489    654        0.00021
     489    658        0.00018
     489    659        0.00040
     489    661        0.00011
     489    662       -0.00012
     489    667        0.00015
     489    668       -0.00014
     489    680        0.00013
     489    692        0.00011
     489    695       -0.00010
     489    704        0.00014
     489    707        0.00018
     489    717        0.00016
     489    725        0.00015
     489    730       -0.00021
     489    733        0.00013
     489    734        0.00022
     489    746       -0.00016
     489    749        0.00011
     489    753        0.00011
     489    758       -0.00011
     489    784        0.00011
     489    790        0.00013
     489    794        0.00012
     489    796       -0.00010
     489    808       -0.00012
     489    815       -0.00010
     489    826       -0.00015
     489    829       -0.00015
     489    835       -0.00011
     489    836       -0.00011
     489    848        0.00014
     489    849        0.00014
     489    851        0.00011
     489    852       -0.00014
     489    965       -0.00011
     489   1024       -0.00012
     490    495       -0.00038
     490    496       -0.00088
     490    497       -0.00300
     490    498        0.00062
     490    499       -0.01041
     490    500       -0.00768
     490    501       -0.00420
     490    502        0.00475
     490    503        0.00088
     490    504        0.00075
     490    505       -0.00100
     490    506        0.00093
     490    507       -0.00052
     490    508        0.00203
     490    510        0.00022
     490    513       -0.00055
     490    515        0.00053
     490    516       -0.00013
     490    519        0.00024
     490    523       -0.00021
     490    524       -0.00065
     490    525        0.00024
     490    527        0.00030
     490    528       -0.00031
     490    529        0.00072
     490    531       -0.00064
     490    533       -0.00013
     490    535       -0.00028
     490    536        0.00015
     490    537        0.00031
     490    539        0.00016
     490    543        0.00014
     490    548        0.00021
     490    551       -0.00010
     490    559        0.00015
     490    566       -0.00016
     490    572       -0.00013
     490    588        0.00022
     490    589        0.00016
     490    592       -0.00011
     490    593        0.00014
     490    594       -0.00013
     490    596        0.00027
     490    599       -0.00010
     490    600        0.00022
     490    602       -0.00021
     490    614       -0.00014
     490    616       -0.00010
     490    620       -0.00014
     490    621        0.00012
     490    624        0.00011
     490    625        0.00013
     490    627        0.00019
     490    628        0.00023
     490    631       -0.00017
     490    632       -0.00019
     490    633        0.00011
     490    634       -0.00011
     490    635        0.00011
     490    637        0.00015
     490    642       -0.00014
     490    645        0.00014
     490    652        0.00013
     490    659        0.00022
     490    741        0.00011
     490    750       -0.00012
     491    495       -0.26478
     491    496        0.39145
     491    497       -0.06860
     491    498        0.06250
     491    499       -0.03881
     491    500       -0.02661
     491    501        0.00050
     491    502        0.01315
     491    503        0.00103
     491    504        0.00775
     491    505       -0.00563
     491    506        0.00404
     491    507       -0.00409
     491    508        0.00455
     491    509        0.00019
     491    510        0.00024
     491    511       -0.00012
     491    513       -0.00301
     491    514        0.00406
     491    515        0.00117
     491    516       -0.00199
     491    517       -0.00024
     491    519        0.00051
     491    520       -0.00013
     491    521       -0.00012
     491    523       -0.00056
     491    524       -0.00153
     491    525        0.00082
     491    526        0.00030
     491    527        0.00080
     491    528       -0.00098
     491    529        0.00219
     491    530       -0.00039
     491    531       -0.00212
     491    532       -0.00040
     491    533       -0.00046
     491    534        0.00018
     491    535       -0.00049
     491    536        0.00091
     491    537        0.00014
     491    538       -0.00025
     491    539        0.00010
     491    540       -0.00022
     491    543        0.00011
     491    545       -0.00014
     491    546        0.00022
     491    547       -0.00015
     491    551       -0.00028
     491    553        0.00020
     491    555       -0.00012
     491    556       -0.00014
     491    557       -0.00012
     491    559        0.00026
     491    560        0.00021
     491    561       -0.00022
     491    563        0.00016
     491    564        0.00042
     491    566       -0.00046
     491    567        0.00023
     491    568       -0.00016
     491    571        0.00010
     491    572       -0.00013
     491    573       -0.00011
     491    583        0.00017
     491    585        0.00013
     491    587        0.00033
     491    589        0.00012
     491    590        0.00040
     491    593        0.00031
     491    596       -0.00042
     491    597       -0.00023
     491    601        0.00019
     491    603       -0.00020
     491    608        0.00015
     491    609        0.00011
     491    610        0.00015
     491    615       -0.00021
     491    616        0.00010
     491    624       -0.00016
     491    627        0.00023
     491    628       -0.00011
     491    629        0.00010
     491    635        0.00017
     491    637        0.00019
     491    639       -0.00017
     491    640       -0.00023
     491    649        0.00017
     491    653        0.00012
     491    657       -0.00014
     491    660       -0.00011
     491    664       -0.00016
     491    668        0.00012
     491    675        0.00013
     491    690       -0.00012
     491    692        0.00011
     491    698       -0.00012
     491    706        0.00012
     491    707       -0.00023
     491    713        0.00015
     491    714        0.00012
     491    717       -0.00024
     491    718       -0.00021
     491    734       -0.00015
     491    736        0.00012
     491    740        0.00013
     491    746        0.00015
     491    753       -0.00016
     491    781       -0.00017
     491    784       -0.00012
     491    787        0.00015
     491    790       -0.00012
     491    794       -0.00013
     491    826        0.00022
     491    829        0.00018
     491    832       -0.00013
     491    833       -0.00014
     491    835        0.00019
     491    836        0.00018
     491    837        0.00011
     491    848       -0.00017
     491    849       -0.00014
     491    852        0.00013
     491    856        0.00016
     491    859        0.00015
     491    862       -0.00011
     491    880        0.00014
     491    883       -0.00010
     491    890        0.00014
     491    894       -0.00010
     491    923       -0.00012
     491    931        0.00011
     491    948       -0.00010
     491    954        0.00014
     491    955       -0.00014
     491    957        0.00012
     491    965        0.00011
     491    972        0.00011
     491    977       -0.00014
     491    978        0.00017
     491    981       -0.00012
     491    988       -0.00010
     491    991       -0.00014
     491    992        0.00011
     491    997       -0.00011
     491   1023       -0.00013
     491   1024        0.00018
     491   1041        0.00019
     491   1075       -0.00012
     491   1156        0.00012
     491   1304        0.00011
     492    495       -0.26660
     492    496        0.38769
     492    497       -0.06101
     492    498        0.05771
     492    499       -0.03214
     492    500       -0.01749
     492    501       -0.00143
     492    502        0.01002
     492    503        0.00111
     492    504        0.00539
     492    505       -0.00318
     492    506        0.00206
     492    507       -0.00359
     492    508        0.00366
     492    509        0.00017
     492    510        0.00012
     492    513       -0.00132
     492    514        0.00232
     492    515        0.00144
     492    516       -0.00207
     492    517       -0.00023
     492    519        0.00048
     492    520       -0.00018
     492    522        0.00010
     492    523       -0.00043
     492    524       -0.00176
     492    525        0.00064
     492    527        0.00086
     492    528       -0.00071
     492    529        0.00202
     492    531       -0.00211
     492    532       -0.00050
     492    533       -0.00041
     492    534        0.00017
     492    535       -0.00093
     492    536        0.00046
     492    537        0.00071
     492    538       -0.00019
     492    539        0.00013
     492    543        0.00029
     492    544       -0.00015
     492    546        0.00012
     492    547       -0.00011
     492    548       -0.00012
     492    549        0.00014
     492    551       -0.00010
     492    553        0.00023
     492    554        0.00012
     492    555       -0.00017
     492    556       -0.00012
     492    557       -0.00023
     492    559        0.00048
     492    560        0.00022
     492    561        0.00010
     492    563        0.00023
     492    564        0.00028
     492    565       -0.00010
     492    566       -0.00032
     492    568       -0.00017
     492    572       -0.00024
     492    573       -0.00020
     492    576       -0.00018
     492    577        0.00014
     492    582        0.00011
     492    585        0.00011
     492    587        0.00011
     492    588        0.00022
     492    589        0.00032
     492    590        0.00062
     492    591        0.00010
     492    593        0.00055
     492    594        0.00012
     492    596       -0.00030
     492    597       -0.00023
     492    598       -0.00015
     492    601        0.00021
     492    603       -0.00016
     492    608        0.00013
     492    610        0.00016
     492    614        0.00011
     492    615       -0.00030
     492    616        0.00011
     492    619        0.00013
     492    621       -0.00014
     492    622       -0.00013
     492    627        0.00011
     492    629        0.00011
     492    631       -0.00017
     492    635        0.00014
     492    637        0.00018
     492    639       -0.00012
     492    640       -0.00023
     492    649        0.00014
     492    650        0.00014
     492    664       -0.00015
     492    667       -0.00011
     492    668        0.00011
     492    675        0.00015
     492    683        0.00012
     492    698       -0.00014
     492    707       -0.00025
     492    713        0.00010
     492    714        0.00013
     492    717       -0.00023
     492    718       -0.00018
     492    728        0.00014
     492    734       -0.00014
     492    736        0.00012
     492    781       -0.00012
     492    787        0.00011
     492    790       -0.00012
     492    795        0.00015
     492    797       -0.00011
     492    806       -0.00011
     492    826        0.00014
     492    829        0.00018
     492    835        0.00017
     492    836        0.00015
     492    837        0.00014
     492    848       -0.00016
     492    849       -0.00013
     492    852        0.00016
     492    856        0.00012
     492    880        0.00015
     492    883       -0.00010
     492    890        0.00014
     492    923       -0.00010
     492    948       -0.00012
     492    954        0.00015
     492    955       -0.00012
     492    957        0.00016
     492    961       -0.00011
     492    977       -0.00013
     492    978        0.00018
     492    981       -0.00011
     492    984        0.00010
     492    988       -0.00011
     492    991       -0.00011
     492   1001        0.00011
     492   1023       -0.00016
     492   1024        0.00015
     492   1041        0.00014
     492   1074        0.00010
     492   1304        0.00010
     493    495       -0.03807
     493    496        0.07780
     493    497       -0.02746
     493    498       -0.00039
     493    499       -0.00822
     493    500       -0.00240
     493    501       -0.00873
     493    502        0.01456
     493    503        0.00067
     493    504        0.00080
     493    505       -0.00057
     493    506        0.00059
     493    507       -0.00086
     493    508        0.00129
     493    510        0.00027
     493    513       -0.00028
     493    514        0.00016
     493    515        0.00030
     493    516        0.00020
     493    517       -0.00017
     493    519        0.00030
     493    521        0.00014
     493    523       -0.00031
     493    524       -0.00049
     493    525        0.00080
     493    526        0.00020
     493    527        0.00019
     493    528        0.00018
     493    529        0.00078
     493    531       -0.00063
     493    532       -0.00039
     493    534        0.00012
     493    535       -0.00010
     493    537       -0.00031
     493    558        0.00011
     493    559       -0.00011
     493    561       -0.00014
     493    564       -0.00010
     493    565        0.00011
     493    566        0.00011
     493    567       -0.00011
     493    569       -0.00031
     493    571        0.00022
     493    573       -0.00011
     493    583        0.00015
     493    584       -0.00017
     493    588        0.00012
     493    590       -0.00021
     493    592       -0.00012
     493    593       -0.00022
     493    594       -0.00015
     493    595        0.00018
     493    596        0.00038
     493    600        0.00026
     493    602       -0.00031
     493    606        0.00022
     493    607       -0.00011
     493    608       -0.00016
     493    609       -0.00019
     493    610       -0.00018
     493    614       -0.00013
     493    615        0.00018
     493    616        0.00010
     493    618       -0.00018
     493    619       -0.00023
     493    620       -0.00013
     493    622        0.00016
     493    624        0.00011
     493    627       -0.00016
     493    631       -0.00025
     493    638       -0.00015
     493    642       -0.00020
     493    643        0.00017
     493    646        0.00017
     493    652        0.00027
     493    654        0.00014
     493    656       -0.00011
     493    659        0.00016
     493    660       -0.00012
     493    661        0.00015
     493    666        0.00010
     493    680        0.00011
     493    725        0.00015
     493    730       -0.00015
     494    495       -0.03201
     494    496        0.05456
     494    497        0.07061
     494    498       -0.05391
     494    499        0.00116
     494    500        0.00941
     494    501        0.00252
     494    502       -0.00860
     494    503        0.00095
     494    504       -0.00344
     494    505        0.00116
     494    506       -0.00073
     494    508        0.00023
     494    511        0.00012
     494    513        0.00183
     494    514       -0.00159
     494    516        0.00061
     494    517       -0.00013
     494    519        0.00017
     494    520       -0.00011
     494    521        0.00018
     494    522        0.00013
     494    523       -0.00014
     494    524       -0.00096
     494    525        0.00075
     494    526       -0.00011
     494    527        0.00016
     494    528        0.00020
     494    529        0.00036
     494    530        0.00020
     494    531       -0.00132
     494    532       -0.00052
     494    533       -0.00011
     494    534        0.00017
     494    535       -0.00045
     494    536       -0.00018
     494    537        0.00015
     494    539       -0.00018
     494    544        0.00015
     494    546       -0.00012
     494    548       -0.00039
     494    549        0.00037
     494    550        0.00027
     494    551        0.00016
     494    553        0.00013
     494    555       -0.00014
     494    557       -0.00017
     494    559        0.00040
     494    566        0.00013
     494    567       -0.00020
     494    569       -0.00028
     494    570        0.00013
     494    571        0.00012
     494    573       -0.00012
     494    576       -0.00022
     494    577        0.00015
     494    578       -0.00013
     494    579       -0.00013
     494    580        0.00011
     494    581        0.00014
     494    583        0.00014
     494    584       -0.00017
     494    590       -0.00025
     494    592       -0.00022
     494    593       -0.00017
     494    594       -0.00016
     494    595        0.00015
     494    596        0.00041
     494    597        0.00011
     494    600        0.00032
     494    601       -0.00013
     494    602       -0.00045
     494    606        0.00019
     494    607       -0.00017
     494    608       -0.00011
     494    610       -0.00011
     494    612        0.00011
     494    615        0.00018
     494    618       -0.00019
     494    619       -0.00022
     494    620       -0.00014
     494    621        0.00012
     494    622        0.00019
     494    624        0.00018
     494    627       -0.00010
     494    628       -0.00011
     494    631       -0.00025
     494    633        0.00016
     494    637        0.00013
     494    638       -0.00022
     494    642       -0.00015
     494    643        0.00018
     494    644        0.00021
     494    645        0.00020
     494    646        0.00015
     494    650        0.00016
     494    652        0.00038
     494    654        0.00020
     494    656       -0.00015
     494    659        0.00018
     494    661        0.00014
     494    665       -0.00010
     494    667        0.00015
     494    700        0.00010
     494    704        0.00012
     494    707        0.00012
     494    713       -0.00011
     494    715       -0.00010
     494    717        0.00011
     494    725        0.00014
     494    730       -0.00021
     494    731        0.00012
     494    733        0.00012
