-0.88978676E+02
-0.88978515E+02
-0.88937089E+02
-0.88936410E+02
-0.88936358E+02
-0.88935827E+02
-0.88930109E+02
-0.88929792E+02
-0.88929024E+02
-0.88928637E+02
-0.24762554E+02
-0.24762457E+02
-0.24758017E+02
-0.24757841E+02
-0.24750100E+02
-0.24749951E+02
-0.24749109E+02
-0.24749065E+02
-0.19167419E+02
-0.19167072E+02
-0.19160530E+02
-0.19160265E+02
-0.14423811E+02
-0.14422138E+02
-0.14416885E+02
-0.14415278E+02
-0.14383857E+02
-0.14383678E+02
-0.14382215E+02
-0.14381809E+02
-0.14378154E+02
-0.14377953E+02
-0.14372757E+02
-0.14372668E+02
-0.14364616E+02
-0.14364456E+02
-0.14351021E+02
-0.14350965E+02
-0.10318525E+02
-0.10318415E+02
-0.10311850E+02
-0.10311667E+02
-0.10311031E+02
-0.10310931E+02
-0.10308864E+02
-0.10308699E+02
-0.10296562E+02
-0.10296257E+02
-0.10294793E+02
-0.10294649E+02
-0.10294493E+02
-0.10294263E+02
-0.10285998E+02
-0.10285796E+02
-0.10274219E+02
-0.10274033E+02
-0.10273637E+02
-0.10273493E+02
-0.10272567E+02
-0.10272440E+02
-0.10272150E+02
-0.10272034E+02
-0.10269230E+02
-0.10269148E+02
-0.10266990E+02
-0.10266769E+02
-0.10264415E+02
-0.10264263E+02
-0.10257696E+02
-0.10255980E+02
-0.10253853E+02
-0.10253434E+02
-0.10251830E+02
-0.10251771E+02
-0.10251646E+02
-0.10251572E+02
-0.10251511E+02
-0.10251193E+02
-0.10251001E+02
-0.10250762E+02
-0.10250757E+02
-0.10250679E+02
-0.10250410E+02
-0.10250327E+02
-0.10248879E+02
-0.10248500E+02
-0.10247290E+02
-0.10247036E+02
-0.10246844E+02
-0.10244668E+02
-0.10243649E+02
-0.10243527E+02
-0.10241944E+02
-0.10241528E+02
-0.10241268E+02
-0.10240688E+02
-0.10240610E+02
-0.10240467E+02
-0.10240279E+02
-0.10240053E+02
-0.10239913E+02
-0.10239567E+02
-0.10237651E+02
-0.10237603E+02
-0.10236318E+02
-0.10235991E+02
-0.10233984E+02
-0.10233737E+02
-0.10232553E+02
-0.10232316E+02
-0.10230493E+02
-0.10230158E+02
-0.10229916E+02
-0.10229697E+02
-0.10228277E+02
-0.10228144E+02
-0.10221762E+02
-0.10221747E+02
-0.10221546E+02
-0.10221416E+02
-0.10221290E+02
-0.10220472E+02
-0.10219874E+02
-0.10219779E+02
-0.10216232E+02
-0.10215398E+02
-0.10214729E+02
-0.10214554E+02
-0.10213369E+02
-0.10213176E+02
-0.10200850E+02
-0.10200609E+02
-0.10200005E+02
-0.10199671E+02
-0.80257279E+01
-0.80255740E+01
-0.79898074E+01
-0.79890251E+01
-0.79890133E+01
-0.79883941E+01
-0.79830315E+01
-0.79827302E+01
-0.79814217E+01
-0.79810576E+01
-0.59926686E+01
-0.59925164E+01
-0.59870823E+01
-0.59869296E+01
-0.59844226E+01
-0.59842641E+01
-0.59557473E+01
-0.59550141E+01
-0.59549592E+01
-0.59543904E+01
-0.59517699E+01
-0.59510453E+01
-0.59509794E+01
-0.59504222E+01
-0.59491336E+01
-0.59488284E+01
-0.59477236E+01
-0.59477088E+01
-0.59473405E+01
-0.59469590E+01
-0.59468360E+01
-0.59462276E+01
-0.59455396E+01
-0.59452354E+01
-0.59439681E+01
-0.59436003E+01
-0.59403539E+01
-0.59400575E+01
-0.59386144E+01
-0.59382544E+01
-0.12877251E+01
-0.12875963E+01
-0.12831173E+01
-0.12828728E+01
-0.12503810E+01
-0.12501899E+01
-0.12411085E+01
-0.12411036E+01
-0.10792565E+01
-0.10789174E+01
-0.10589942E+01
-0.10587461E+01
-0.10280536E+01
-0.10277454E+01
-0.10185986E+01
-0.10179902E+01
-0.10122311E+01
-0.10115973E+01
-0.96561033E+00
-0.96548799E+00
-0.95609994E+00
-0.95595219E+00
-0.95405249E+00
-0.95390036E+00
-0.94128040E+00
-0.94116520E+00
-0.93677710E+00
-0.93657659E+00
-0.93520255E+00
-0.93491467E+00
-0.92683648E+00
-0.92667914E+00
-0.92341027E+00
-0.92321255E+00
-0.89481462E+00
-0.89415134E+00
-0.88894013E+00
-0.88879798E+00
-0.88622060E+00
-0.88591453E+00
-0.88212291E+00
-0.88153891E+00
-0.87475204E+00
-0.87453637E+00
-0.86606783E+00
-0.86597055E+00
-0.83700462E+00
-0.83692834E+00
-0.83308479E+00
-0.83304469E+00
-0.82183671E+00
-0.82177689E+00
-0.81352700E+00
-0.81334633E+00
-0.80991599E+00
-0.80959116E+00
-0.80645488E+00
-0.80644000E+00
-0.80127330E+00
-0.80117991E+00
-0.79783046E+00
-0.79767075E+00
-0.79520912E+00
-0.79484233E+00
-0.79084357E+00
-0.79026524E+00
-0.76579382E+00
-0.76567539E+00
-0.75189221E+00
-0.75105218E+00
-0.74781461E+00
-0.74673092E+00
-0.74116063E+00
-0.74116055E+00
-0.72468135E+00
-0.72449553E+00
-0.71958658E+00
-0.71909084E+00
-0.71404818E+00
-0.71351972E+00
-0.70679452E+00
-0.70591341E+00
-0.69929778E+00
-0.69928247E+00
-0.69706909E+00
-0.69692902E+00
-0.69361147E+00
-0.69351863E+00
-0.69098308E+00
-0.69096737E+00
-0.67515617E+00
-0.67512672E+00
-0.66144333E+00
-0.66138935E+00
-0.65239277E+00
-0.65191027E+00
-0.64269186E+00
-0.64264480E+00
-0.64146224E+00
-0.64143911E+00
-0.63735645E+00
-0.63733648E+00
-0.62994888E+00
-0.62959272E+00
-0.62145826E+00
-0.62131039E+00
-0.60834224E+00
-0.60828437E+00
-0.59905296E+00
-0.59902739E+00
-0.59782585E+00
-0.59780936E+00
-0.59124731E+00
-0.59110086E+00
-0.58803337E+00
-0.58792407E+00
-0.58387071E+00
-0.58358762E+00
-0.57390423E+00
-0.57385432E+00
-0.57276295E+00
-0.57246918E+00
-0.56837947E+00
-0.56821677E+00
-0.56030963E+00
-0.56004670E+00
-0.55688176E+00
-0.55675140E+00
-0.55531226E+00
-0.55517329E+00
-0.55048841E+00
-0.55046485E+00
-0.54371085E+00
-0.54359118E+00
-0.53354858E+00
-0.53333250E+00
-0.52689174E+00
-0.52654731E+00
-0.52301603E+00
-0.52298369E+00
-0.52279284E+00
-0.52271525E+00
-0.51999276E+00
-0.51979827E+00
-0.51559583E+00
-0.51528725E+00
-0.51409668E+00
-0.51211337E+00
-0.50900842E+00
-0.50874011E+00
-0.50491465E+00
-0.50399283E+00
-0.50227313E+00
-0.50213362E+00
-0.50046640E+00
-0.50030158E+00
-0.49927411E+00
-0.49913428E+00
-0.49794219E+00
-0.49790086E+00
-0.48630473E+00
-0.48571501E+00
-0.48185683E+00
-0.48179709E+00
-0.48167241E+00
-0.48165423E+00
-0.47834442E+00
-0.47830344E+00
-0.47282803E+00
-0.47281069E+00
-0.47018697E+00
-0.46999548E+00
-0.46673393E+00
-0.46656615E+00
-0.46592273E+00
-0.46538073E+00
-0.46520289E+00
-0.46503141E+00
-0.46394991E+00
-0.46393048E+00
-0.46111076E+00
-0.46072830E+00
-0.46003909E+00
-0.45973483E+00
-0.45763744E+00
-0.45646248E+00
-0.45382832E+00
-0.45356652E+00
-0.45299813E+00
-0.45259153E+00
-0.45228948E+00
-0.45184297E+00
-0.44587123E+00
-0.44561020E+00
-0.43658733E+00
-0.43651844E+00
-0.43578805E+00
-0.43568229E+00
-0.43357140E+00
-0.43344393E+00
-0.43293277E+00
-0.43226161E+00
-0.43196612E+00
-0.43168338E+00
-0.43096388E+00
-0.43058603E+00
-0.42862170E+00
-0.42760345E+00
-0.42748740E+00
-0.42636902E+00
-0.42628190E+00
-0.42616135E+00
-0.42440594E+00
-0.42387662E+00
-0.42349630E+00
-0.42336247E+00
-0.42172758E+00
-0.42090687E+00
-0.41997240E+00
-0.41956360E+00
-0.41798211E+00
-0.41733629E+00
-0.41394849E+00
-0.41386831E+00
-0.40682823E+00
-0.40674680E+00
-0.40641430E+00
-0.40625699E+00
-0.40499086E+00
-0.40465849E+00
-0.39988518E+00
-0.39922204E+00
-0.39882421E+00
-0.39830907E+00
-0.39800273E+00
-0.39755208E+00
-0.39647869E+00
-0.39644092E+00
-0.39246429E+00
-0.39183752E+00
-0.39041639E+00
-0.39002151E+00
-0.38868036E+00
-0.38857999E+00
-0.38692792E+00
-0.38678280E+00
-0.38637169E+00
-0.38627671E+00
-0.38413056E+00
-0.38405221E+00
-0.38359789E+00
-0.38352892E+00
-0.38282448E+00
-0.38281800E+00
-0.38204400E+00
-0.38193165E+00
-0.37629341E+00
-0.37616923E+00
-0.37510781E+00
-0.37507212E+00
-0.37386873E+00
-0.37373107E+00
-0.36926809E+00
-0.36925941E+00
-0.36667437E+00
-0.36618827E+00
-0.36509124E+00
-0.36498031E+00
-0.36319566E+00
-0.36304702E+00
-0.35810476E+00
-0.35799111E+00
-0.35705187E+00
-0.35676056E+00
-0.35590217E+00
-0.35548016E+00
-0.34869984E+00
-0.34862890E+00
-0.34596973E+00
-0.34574333E+00
-0.34278166E+00
-0.34233757E+00
-0.33773962E+00
-0.33662198E+00
-0.32963280E+00
-0.32863846E+00
-0.31260176E+00
-0.31247574E+00
-0.31183286E+00
-0.31183172E+00
-0.30869332E+00
-0.30843243E+00
-0.29071044E+00
-0.29066790E+00
-0.28766618E+00
-0.28759328E+00
-0.28379459E+00
-0.28365347E+00
-0.27764585E+00
-0.27756949E+00
-0.27394069E+00
-0.27386060E+00
-0.27277684E+00
-0.27245418E+00
-0.27207567E+00
-0.27191286E+00
-0.26920936E+00
-0.26895879E+00
-0.26377782E+00
-0.26367707E+00
-0.25854734E+00
-0.25828951E+00
-0.23664506E+00
-0.23664459E+00
-0.23552750E+00
-0.23529810E+00
-0.22563242E+00
-0.22528685E+00
-0.20703833E+00
-0.20703163E+00
-0.11894864E+00
-0.11887891E+00
-0.11118756E+00
-0.11110928E+00
-0.94527888E-01
-0.94413908E-01
-0.92921266E-01
-0.92691307E-01
-0.88450425E-01
-0.88310134E-01
-0.53637920E-01
-0.53522401E-01
-0.44830355E-01
-0.44542692E-01
-0.30517425E-01
-0.30292276E-01
-0.28129291E-01
-0.28007910E-01
-0.23807770E-01
-0.23649946E-01
-0.15252491E-01
-0.15150927E-01
-0.10559318E-01
-0.10464025E-01
-0.98443971E-02
-0.93168960E-02
-0.62149770E-02
-0.54358925E-02
-0.52951408E-02
-0.48706454E-02
-0.15370759E-02
-0.11921269E-02
 0.86447228E-04
 0.73885291E-03
 0.12172664E-02
 0.16943857E-02
 0.26051537E-02
 0.26697759E-02
 0.35343743E-02
 0.38840533E-02
 0.52188392E-02
 0.55063849E-02
 0.79341337E-02
 0.81537895E-02
 0.93736692E-02
 0.94587781E-02
 0.11261444E-01
 0.11335297E-01
 0.11486184E-01
 0.11845347E-01
 0.15774124E-01
 0.15879226E-01
 0.17160798E-01
 0.17611293E-01
 0.18241080E-01
 0.18402682E-01
 0.20213186E-01
 0.20303893E-01
 0.21061399E-01
 0.21372955E-01
 0.22746376E-01
 0.22966483E-01
 0.24055944E-01
 0.24530488E-01
 0.24960470E-01
 0.25024078E-01
 0.28716633E-01
 0.28876146E-01
 0.29093823E-01
 0.29783168E-01
 0.30057068E-01
 0.30954623E-01
 0.31041243E-01
 0.31801384E-01
 0.36047969E-01
 0.36254302E-01
 0.36498005E-01
 0.36953239E-01
 0.37140620E-01
 0.37195020E-01
 0.39261206E-01
 0.39335432E-01
 0.39924089E-01
 0.40586925E-01
 0.40908340E-01
 0.41089668E-01
 0.41372057E-01
 0.41790321E-01
 0.42193033E-01
 0.43635724E-01
 0.45807770E-01
 0.46095253E-01
 0.47598899E-01
 0.47773024E-01
 0.48752905E-01
 0.48991407E-01
 0.50929250E-01
 0.51918866E-01
 0.52216214E-01
 0.53327252E-01
 0.53434995E-01
 0.53587044E-01
 0.54083495E-01
 0.54356999E-01
 0.55677433E-01
 0.56270354E-01
 0.57248261E-01
 0.57813555E-01
 0.58964655E-01
 0.60783027E-01
 0.61124231E-01
 0.61462702E-01
 0.61827357E-01
 0.62844789E-01
 0.64072583E-01
 0.64200488E-01
 0.67095955E-01
 0.67158200E-01
 0.67474157E-01
 0.67629706E-01
 0.68347494E-01
 0.68523667E-01
 0.70082654E-01
 0.70390832E-01
 0.71531874E-01
 0.71640292E-01
 0.71921764E-01
 0.72104071E-01
 0.72479134E-01
 0.73764531E-01
 0.73784752E-01
 0.74265163E-01
 0.74661867E-01
 0.74677990E-01
 0.76509131E-01
 0.76580063E-01
 0.77431153E-01
 0.78058412E-01
 0.80538130E-01
 0.81186222E-01
 0.81651132E-01
 0.81847812E-01
 0.82056933E-01
 0.82246022E-01
 0.83078371E-01
 0.83459463E-01
 0.84514606E-01
 0.84834856E-01
 0.86355658E-01
 0.87010700E-01
 0.87092702E-01
 0.87582379E-01
 0.88920834E-01
 0.90985457E-01
 0.91019690E-01
 0.91326339E-01
 0.93336182E-01
 0.93610782E-01
 0.93843974E-01
 0.94245523E-01
 0.94405450E-01
 0.95114117E-01
 0.96203894E-01
 0.97271708E-01
 0.98152961E-01
 0.99189875E-01
 0.99275848E-01
 0.99617225E-01
 0.10057583E+00
 0.10079162E+00
 0.10187986E+00
 0.10270576E+00
 0.10346164E+00
 0.10388082E+00
 0.10510068E+00
 0.10536661E+00
 0.10635056E+00
 0.10676119E+00
 0.10799471E+00
 0.10876235E+00
 0.11030842E+00
 0.11094406E+00
 0.11148982E+00
 0.11159330E+00
 0.11387994E+00
 0.11392325E+00
 0.11513901E+00
 0.11533939E+00
 0.11699803E+00
 0.11740518E+00
 0.11808307E+00
 0.11850184E+00
 0.12009154E+00
 0.12069975E+00
 0.12095177E+00
 0.12155584E+00
 0.12187204E+00
 0.12219082E+00
 0.12416835E+00
 0.12444391E+00
 0.12470799E+00
 0.12508962E+00
 0.12666589E+00
 0.12746946E+00
 0.12754817E+00
 0.12803958E+00
 0.12868582E+00
 0.12906301E+00
 0.13064286E+00
 0.13184102E+00
 0.13317793E+00
 0.13334639E+00
 0.13357262E+00
 0.13390307E+00
 0.13431114E+00
 0.13496855E+00
 0.13700699E+00
 0.13731420E+00
 0.13837605E+00
 0.13879045E+00
 0.13963458E+00
 0.14004773E+00
 0.14019803E+00
 0.14046884E+00
 0.14076278E+00
 0.14112214E+00
 0.14260814E+00
 0.14291584E+00
 0.14354863E+00
 0.14402587E+00
 0.14429165E+00
 0.14471203E+00
 0.14607868E+00
 0.14700865E+00
 0.14741151E+00
 0.14744155E+00
 0.14847499E+00
 0.14902414E+00
 0.14944442E+00
 0.14975967E+00
 0.15035862E+00
 0.15071845E+00
 0.15300145E+00
 0.15313777E+00
 0.15426155E+00
 0.15493721E+00
 0.15557023E+00
 0.15658461E+00
 0.15669059E+00
 0.15699698E+00
 0.15833586E+00
 0.15842526E+00
 0.16046092E+00
 0.16095486E+00
 0.16171290E+00
 0.16212915E+00
 0.16278696E+00
 0.16300281E+00
 0.16346878E+00
 0.16373599E+00
 0.16436810E+00
 0.16475253E+00
 0.16502808E+00
 0.16531801E+00
 0.16570625E+00
 0.16615758E+00
 0.16640318E+00
 0.16708542E+00
 0.16758163E+00
 0.16766521E+00
 0.16847629E+00
 0.16883158E+00
 0.16917358E+00
 0.16981368E+00
 0.17048629E+00
 0.17097378E+00
 0.17193810E+00
 0.17289270E+00
 0.17333290E+00
 0.17515691E+00
 0.17681861E+00
 0.17735445E+00
 0.17888451E+00
 0.17908326E+00
 0.17932001E+00
 0.17975399E+00
 0.17994569E+00
 0.18016123E+00
 0.18117278E+00
 0.18174194E+00
 0.18219364E+00
 0.18242017E+00
 0.18328167E+00
 0.18377248E+00
 0.18418430E+00
 0.18474623E+00
 0.18512562E+00
 0.18541514E+00
 0.18616514E+00
 0.18634414E+00
 0.18644567E+00
 0.18722698E+00
 0.18854174E+00
 0.18863225E+00
 0.18891179E+00
 0.18931955E+00
 0.19024329E+00
 0.19151773E+00
 0.19174138E+00
 0.19286740E+00
 0.19383005E+00
 0.19426765E+00
 0.19466250E+00
 0.19478727E+00
 0.19498795E+00
 0.19605375E+00
 0.19656732E+00
 0.19715852E+00
 0.19764156E+00
 0.19834961E+00
 0.19945533E+00
 0.19986569E+00
 0.20028257E+00
 0.20069099E+00
 0.20246572E+00
 0.20342610E+00
 0.20618619E+00
 0.20651234E+00
 0.20778131E+00
 0.20785603E+00
 0.20857202E+00
 0.20910835E+00
 0.21000439E+00
 0.21042890E+00
 0.21096011E+00
 0.21175497E+00
 0.21216014E+00
 0.21251348E+00
 0.21340879E+00
 0.21381420E+00
 0.21536835E+00
 0.21583828E+00
 0.21656168E+00
 0.21673302E+00
 0.21742985E+00
 0.21802236E+00
 0.21869595E+00
 0.21891021E+00
 0.22029003E+00
 0.22062443E+00
 0.22100202E+00
 0.22148948E+00
 0.22257304E+00
 0.22298110E+00
 0.22317219E+00
 0.22447652E+00
 0.22499742E+00
 0.22599418E+00
 0.22623043E+00
 0.22681021E+00
 0.22750787E+00
 0.22778815E+00
 0.22838263E+00
 0.22887163E+00
 0.22922259E+00
 0.22978714E+00
 0.23009735E+00
 0.23083987E+00
 0.23147937E+00
 0.23190590E+00
 0.23358048E+00
 0.23391170E+00
 0.23485285E+00
 0.23653350E+00
 0.23727541E+00
 0.23788448E+00
 0.23839998E+00
 0.23906124E+00
 0.23956384E+00
 0.23984311E+00
 0.24005187E+00
 0.24077009E+00
 0.24187115E+00
 0.24229465E+00
 0.24282013E+00
 0.24376344E+00
 0.24446026E+00
 0.24455490E+00
 0.24509150E+00
 0.24602079E+00
 0.24720237E+00
 0.24763265E+00
 0.24794086E+00
 0.24815323E+00
 0.24965094E+00
 0.24986086E+00
 0.25009549E+00
 0.25022276E+00
 0.25091830E+00
 0.25173934E+00
 0.25217933E+00
 0.25253109E+00
 0.25304140E+00
 0.25355630E+00
 0.25443976E+00
 0.25464420E+00
 0.25539869E+00
 0.25553163E+00
 0.25650156E+00
 0.25684640E+00
 0.25697942E+00
 0.25749274E+00
 0.25798121E+00
 0.25841097E+00
 0.25865094E+00
 0.26009994E+00
 0.26196695E+00
 0.26215181E+00
 0.26249108E+00
 0.26270289E+00
 0.26290856E+00
 0.26385402E+00
 0.26488083E+00
 0.26537826E+00
 0.26595161E+00
 0.26654557E+00
 0.26694390E+00
 0.26723657E+00
 0.26755134E+00
 0.26830056E+00
 0.26916976E+00
 0.26994143E+00
 0.27019202E+00
 0.27070707E+00
 0.27111360E+00
 0.27137620E+00
 0.27211613E+00
 0.27232992E+00
 0.27279121E+00
 0.27354936E+00
 0.27380629E+00
 0.27484562E+00
 0.27557636E+00
 0.27627157E+00
 0.27664093E+00
 0.27755253E+00
 0.27857694E+00
 0.28044586E+00
 0.28191765E+00
 0.28234976E+00
 0.28300385E+00
 0.28330275E+00
 0.28491377E+00
 0.28566910E+00
 0.28631516E+00
 0.28651606E+00
 0.28656350E+00
 0.28676018E+00
 0.28734065E+00
 0.28778053E+00
 0.28886214E+00
 0.28943869E+00
 0.29014181E+00
 0.29026395E+00
 0.29053801E+00
 0.29086588E+00
 0.29186783E+00
 0.29241146E+00
 0.29299423E+00
 0.29326392E+00
 0.29522973E+00
 0.29558017E+00
 0.29598763E+00
 0.29643798E+00
 0.29734944E+00
 0.29812449E+00
 0.29907185E+00
 0.29936251E+00
 0.29991228E+00
 0.30125411E+00
 0.30159947E+00
 0.30172817E+00
 0.30252242E+00
 0.30401530E+00
 0.30537781E+00
 0.30581996E+00
 0.30645541E+00
 0.30659744E+00
 0.30840952E+00
 0.30852908E+00
 0.30951148E+00
 0.31036398E+00
 0.31071794E+00
 0.31114245E+00
 0.31131781E+00
 0.31204448E+00
 0.31292892E+00
 0.31374121E+00
 0.31412578E+00
 0.31473497E+00
 0.31553263E+00
 0.31583470E+00
 0.31601653E+00
 0.31624103E+00
 0.31708984E+00
 0.31857013E+00
 0.32076847E+00
 0.32111390E+00
 0.32158470E+00
 0.32169982E+00
 0.32231814E+00
 0.32295136E+00
 0.32395001E+00
 0.32424215E+00
 0.32600058E+00
 0.32624224E+00
 0.32724680E+00
 0.32741639E+00
 0.32812450E+00
 0.32910482E+00
 0.32949714E+00
 0.32957492E+00
 0.33076367E+00
 0.33149585E+00
 0.33186494E+00
 0.33247432E+00
 0.33332520E+00
 0.33400016E+00
 0.33421985E+00
 0.33478158E+00
 0.33524492E+00
 0.33564076E+00
 0.33613590E+00
 0.33676923E+00
 0.33772117E+00
 0.33813433E+00
 0.33938012E+00
 0.33985861E+00
 0.34084084E+00
 0.34087716E+00
 0.34199718E+00
 0.34234720E+00
 0.34322462E+00
 0.34419239E+00
 0.34569443E+00
 0.34648080E+00
 0.34725392E+00
 0.34987360E+00
 0.35062211E+00
 0.35102628E+00
 0.35187081E+00
 0.35313394E+00
 0.35352137E+00
 0.35410247E+00
 0.35496572E+00
 0.35600255E+00
 0.35726100E+00
 0.35782848E+00
 0.35845201E+00
 0.35887308E+00
 0.35968332E+00
 0.36037469E+00
 0.36093119E+00
 0.36160394E+00
 0.36259626E+00
 0.36394529E+00
 0.36471264E+00
 0.36488221E+00
 0.36742309E+00
 0.36779086E+00
 0.36883145E+00
 0.36956132E+00
 0.37038541E+00
 0.37095659E+00
 0.37126715E+00
 0.37231882E+00
 0.37284400E+00
 0.37335500E+00
 0.37376122E+00
 0.37415348E+00
 0.37598135E+00
 0.37688895E+00
 0.37760201E+00
 0.37826282E+00
 0.37918032E+00
 0.37954921E+00
 0.38026096E+00
 0.38079717E+00
 0.38388794E+00
 0.38477966E+00
 0.38555426E+00
 0.38581475E+00
 0.38607147E+00
 0.38623246E+00
 0.38780448E+00
 0.38812749E+00
 0.38890771E+00
 0.38927789E+00
 0.39028001E+00
 0.39066262E+00
 0.39377136E+00
 0.39443869E+00
 0.39511934E+00
 0.39666590E+00
 0.40045898E+00
 0.40059184E+00
 0.40243990E+00
 0.40311829E+00
 0.40363919E+00
 0.40426166E+00
 0.40568343E+00
 0.40671662E+00
 0.40894714E+00
 0.40926121E+00
 0.41055404E+00
 0.41133639E+00
 0.41188383E+00
 0.41266572E+00
 0.41381837E+00
 0.41452366E+00
 0.41527032E+00
 0.41574573E+00
 0.42052399E+00
 0.42093877E+00
 0.42514969E+00
 0.42530257E+00
 0.42732425E+00
 0.42926808E+00
 0.42997477E+00
 0.43039720E+00
 0.43208329E+00
 0.43489962E+00
 0.43522013E+00
 0.43600401E+00
 0.43627112E+00
 0.43762370E+00
 0.44015649E+00
 0.44123772E+00
 0.44337867E+00
 0.44429404E+00
 0.44652555E+00
 0.44697984E+00
 0.44946771E+00
 0.45268422E+00
 0.45332654E+00
 0.45452261E+00
 0.45615452E+00
 0.45701432E+00
 0.45864412E+00
 0.45950407E+00
 0.46285828E+00
 0.46317113E+00
 0.46544242E+00
 0.46569597E+00
 0.46738453E+00
 0.46910582E+00
 0.46931754E+00
 0.47292303E+00
 0.47455603E+00
 0.47555638E+00
 0.47749930E+00
 0.47800150E+00
 0.47929591E+00
 0.48059791E+00
 0.48232801E+00
 0.48372272E+00
 0.48553246E+00
 0.48604432E+00
 0.48650400E+00
 0.48703544E+00
 0.49056353E+00
 0.49124488E+00
 0.49653123E+00
 0.49682138E+00
 0.49811018E+00
 0.49849089E+00
 0.50119473E+00
 0.50174619E+00
 0.50616581E+00
 0.50641489E+00
 0.50701121E+00
 0.50731649E+00
 0.51314760E+00
 0.51326633E+00
 0.51545656E+00
 0.51723433E+00
 0.51770129E+00
 0.51942914E+00
 0.51987425E+00
 0.52260337E+00
 0.52327328E+00
 0.52532584E+00
 0.52634679E+00
 0.52767768E+00
 0.52871638E+00
 0.52896808E+00
 0.53039614E+00
 0.53278033E+00
 0.53934199E+00
 0.54034756E+00
 0.54297309E+00
 0.54366285E+00
 0.54516240E+00
 0.54824658E+00
 0.54937036E+00
 0.54987256E+00
 0.55053876E+00
 0.55206832E+00
 0.55878274E+00
 0.55936313E+00
 0.56132878E+00
 0.56162980E+00
 0.56629656E+00
 0.56703644E+00
 0.57065336E+00
 0.57096616E+00
 0.57525022E+00
 0.57591143E+00
 0.58772084E+00
 0.58852981E+00
 0.59063177E+00
 0.59072821E+00
 0.59771166E+00
 0.59779015E+00
 0.60132415E+00
 0.60173615E+00
 0.60945942E+00
 0.60989247E+00
 0.61846532E+00
 0.61879179E+00
 0.62325470E+00
 0.62365317E+00
 0.62730213E+00
 0.62791242E+00
 0.63442422E+00
 0.63469722E+00
 0.63598905E+00
 0.63671783E+00
 0.63733947E+00
 0.63801174E+00
 0.63842712E+00
 0.63868038E+00
 0.63898823E+00
 0.63923847E+00
 0.64155377E+00
 0.64231090E+00
 0.64322161E+00
 0.64407376E+00
 0.64511315E+00
 0.64597338E+00
 0.64655808E+00
 0.64722450E+00
 0.64774722E+00
 0.64824361E+00
 0.65026371E+00
 0.65061061E+00
 0.65267755E+00
 0.65302336E+00
 0.65630479E+00
 0.65642878E+00
 0.65889506E+00
 0.65940249E+00
 0.66035234E+00
 0.66185104E+00
 0.66366856E+00
 0.66386499E+00
 0.66598250E+00
 0.66628850E+00
 0.66901768E+00
 0.66952210E+00
 0.67151211E+00
 0.67435527E+00
 0.67710645E+00
 0.67759468E+00
 0.67876379E+00
 0.67889717E+00
 0.67917676E+00
 0.68007723E+00
 0.68067676E+00
 0.68199690E+00
 0.68237737E+00
 0.68428952E+00
 0.68480335E+00
 0.68501769E+00
 0.68547080E+00
 0.68610907E+00
 0.68687063E+00
 0.68812828E+00
 0.68856176E+00
 0.68907224E+00
 0.69136219E+00
 0.69165646E+00
 0.69282214E+00
 0.69361454E+00
 0.69452279E+00
 0.69508738E+00
 0.69733082E+00
 0.69827603E+00
 0.69949141E+00
 0.70012153E+00
 0.70069992E+00
 0.70215223E+00
 0.70254520E+00
 0.70602314E+00
 0.70934873E+00
 0.71141668E+00
 0.71222637E+00
 0.71259529E+00
 0.71320500E+00
 0.71428696E+00
 0.71450530E+00
 0.71507826E+00
 0.71697180E+00
 0.71727569E+00
 0.71849343E+00
 0.71860979E+00
 0.71887355E+00
 0.72189171E+00
 0.72203093E+00
 0.72317079E+00
 0.72410847E+00
 0.72612110E+00
 0.72661576E+00
 0.72875003E+00
 0.73084112E+00
 0.73126818E+00
 0.73154845E+00
 0.73239558E+00
 0.73265530E+00
 0.73341601E+00
 0.73486903E+00
 0.73517299E+00
 0.73602062E+00
 0.73638900E+00
 0.73879079E+00
 0.74076278E+00
 0.74242580E+00
 0.74295783E+00
 0.74361661E+00
 0.74396517E+00
 0.74548162E+00
 0.74612904E+00
 0.74703842E+00
 0.74744871E+00
 0.75019871E+00
 0.75080816E+00
 0.75261640E+00
 0.75290675E+00
 0.75350456E+00
 0.75697699E+00
 0.75735678E+00
 0.75891210E+00
 0.75989993E+00
 0.76356938E+00
 0.76393123E+00
 0.76440022E+00
 0.76590580E+00
 0.76720787E+00
 0.76789990E+00
 0.76904410E+00
 0.76964262E+00
 0.77071251E+00
 0.77200273E+00
 0.77268877E+00
 0.77774182E+00
 0.77796951E+00
 0.77817522E+00
 0.77886456E+00
 0.77948611E+00
 0.78049080E+00
 0.78297322E+00
 0.78323675E+00
 0.78441705E+00
 0.78463667E+00
 0.78501647E+00
 0.78573129E+00
 0.78713058E+00
 0.78834236E+00
 0.79204479E+00
 0.79314584E+00
 0.79580172E+00
 0.79684035E+00
 0.80241943E+00
 0.80291280E+00
 0.80412059E+00
 0.80510180E+00
 0.80818741E+00
 0.80891035E+00
 0.80905431E+00
 0.81012543E+00
 0.81164275E+00
 0.81245871E+00
 0.81371511E+00
 0.81451480E+00
 0.81627733E+00
 0.81697827E+00
 0.81932829E+00
 0.82024324E+00
 0.82172476E+00
 0.82239881E+00
 0.82514864E+00
 0.82585403E+00
 0.82792810E+00
 0.82881451E+00
 0.83123511E+00
 0.83251307E+00
 0.83474086E+00
 0.83483125E+00
 0.83611101E+00
 0.83713872E+00
 0.83942996E+00
 0.83981442E+00
 0.84032017E+00
 0.84104448E+00
 0.84446037E+00
 0.84461558E+00
 0.84585491E+00
 0.84675781E+00
 0.84717229E+00
 0.84849193E+00
 0.84950906E+00
 0.84952669E+00
 0.85205115E+00
 0.85257782E+00
 0.85480140E+00
 0.85495644E+00
 0.85639441E+00
 0.85678144E+00
 0.85884522E+00
 0.85999698E+00
 0.86102643E+00
 0.86208367E+00
 0.87064580E+00
 0.87125005E+00
 0.87404435E+00
 0.87724897E+00
 0.87921966E+00
 0.88143937E+00
 0.88186332E+00
 0.88209130E+00
 0.88339807E+00
 0.88374421E+00
 0.89071888E+00
 0.89105674E+00
 0.89177352E+00
 0.89303112E+00
 0.89674563E+00
 0.89792171E+00
 0.89871968E+00
 0.90024305E+00
 0.90151335E+00
 0.90263793E+00
 0.90572231E+00
 0.90692460E+00
 0.90916456E+00
 0.90948146E+00
 0.91168870E+00
 0.91449950E+00
 0.91819801E+00
 0.91890993E+00
 0.93195718E+00
 0.93256548E+00
 0.93389514E+00
 0.93457367E+00
 0.93509405E+00
 0.93655314E+00
 0.93820329E+00
 0.93851869E+00
 0.94192452E+00
 0.94291890E+00
 0.94456077E+00
 0.94565785E+00
 0.94584961E+00
 0.94936924E+00
 0.95064152E+00
 0.95250360E+00
 0.95605808E+00
 0.95625021E+00
 0.95838503E+00
 0.95930831E+00
 0.96253818E+00
 0.96394733E+00
 0.96543302E+00
 0.96598582E+00
 0.96919627E+00
 0.97151037E+00
 0.97333079E+00
 0.97346484E+00
 0.97512232E+00
 0.97610840E+00
 0.97658630E+00
 0.97850273E+00
 0.97919146E+00
 0.97955016E+00
 0.98302953E+00
 0.98376595E+00
 0.98515502E+00
 0.98647397E+00
 0.98861304E+00
 0.98998767E+00
 0.99073582E+00
 0.99305071E+00
 0.99666898E+00
 0.99782346E+00
 0.99932330E+00
 0.99964551E+00
 0.10002004E+01
 0.10015095E+01
 0.10025789E+01
 0.10030196E+01
 0.10048910E+01
 0.10053675E+01
 0.10063911E+01
 0.10072342E+01
 0.10087339E+01
 0.10097698E+01
 0.10103493E+01
 0.10116847E+01
 0.10149592E+01
 0.10152667E+01
 0.10159467E+01
 0.10181941E+01
 0.10188855E+01
 0.10206983E+01
 0.10226680E+01
 0.10235110E+01
 0.10243920E+01
 0.10245933E+01
 0.10256923E+01
 0.10284612E+01
 0.10286336E+01
 0.10303328E+01
 0.10348751E+01
 0.10350528E+01
 0.10378381E+01
 0.10397321E+01
 0.10425614E+01
 0.10432470E+01
 0.10456216E+01
 0.10463553E+01
 0.10478955E+01
 0.10483099E+01
 0.10497218E+01
 0.10504270E+01
 0.10514588E+01
 0.10523293E+01
 0.10577761E+01
 0.10580191E+01
 0.10609458E+01
 0.10609958E+01
 0.10632485E+01
 0.10638716E+01
 0.10660966E+01
 0.10661507E+01
 0.10683215E+01
 0.10716425E+01
 0.10733433E+01
 0.10737369E+01
 0.10745149E+01
 0.10752608E+01
 0.10787741E+01
 0.10791485E+01
 0.10811772E+01
 0.10822540E+01
 0.10860489E+01
 0.10875479E+01
 0.10897534E+01
 0.10902302E+01
 0.10915062E+01
 0.10926986E+01
 0.10971231E+01
 0.10984725E+01
 0.10990154E+01
 0.11006913E+01
 0.11058507E+01
 0.11059667E+01
 0.11093961E+01
 0.11104627E+01
 0.11111068E+01
 0.11149121E+01
 0.11158860E+01
 0.11166328E+01
 0.11210649E+01
 0.11213932E+01
 0.11240251E+01
 0.11247943E+01
 0.11260811E+01
 0.11276641E+01
 0.11283123E+01
 0.11290013E+01
 0.11299416E+01
 0.11315685E+01
 0.11319733E+01
 0.11331723E+01
 0.11352438E+01
 0.11371560E+01
 0.11375543E+01
 0.11395827E+01
 0.11427335E+01
 0.11436661E+01
 0.11445633E+01
 0.11459076E+01
 0.11477396E+01
 0.11481272E+01
 0.11505521E+01
 0.11535185E+01
 0.11554507E+01
 0.11563329E+01
 0.11581617E+01
 0.11583624E+01
 0.11587329E+01
 0.11592670E+01
 0.11600491E+01
 0.11610779E+01
 0.11631545E+01
 0.11633124E+01
 0.11649598E+01
 0.11656932E+01
 0.11701275E+01
 0.11709711E+01
 0.11711580E+01
 0.11736273E+01
 0.11767698E+01
 0.11785420E+01
 0.11794469E+01
 0.11813890E+01
 0.11825720E+01
 0.11834569E+01
 0.11837243E+01
 0.11846155E+01
 0.11854193E+01
 0.11870907E+01
 0.11882103E+01
 0.11891866E+01
 0.11952037E+01
 0.11954353E+01
 0.11983946E+01
 0.11992547E+01
 0.12040186E+01
 0.12061888E+01
 0.12090199E+01
 0.12108226E+01
 0.12133027E+01
 0.12140761E+01
 0.12209117E+01
 0.12220545E+01
 0.12241608E+01
 0.12250446E+01
 0.12270963E+01
 0.12284104E+01
 0.12288790E+01
 0.12305797E+01
 0.12315806E+01
 0.12334718E+01
 0.12342650E+01
 0.12383403E+01
 0.12434582E+01
 0.12435419E+01
 0.12451579E+01
 0.12452366E+01
 0.12469115E+01
 0.12475331E+01
 0.12483247E+01
 0.12486005E+01
 0.12493402E+01
 0.12505582E+01
 0.12510822E+01
 0.12520290E+01
 0.12535599E+01
 0.12545601E+01
 0.12557294E+01
 0.12559551E+01
 0.12563224E+01
 0.12574640E+01
 0.12600351E+01
 0.12605463E+01
 0.12618597E+01
 0.12625320E+01
 0.12631247E+01
 0.12649823E+01
 0.12663524E+01
 0.12692952E+01
 0.12698056E+01
 0.12715716E+01
 0.12740782E+01
 0.12749307E+01
 0.12757676E+01
 0.12764962E+01
 0.12771614E+01
 0.12781912E+01
 0.12785890E+01
 0.12788208E+01
 0.12796950E+01
 0.12797828E+01
 0.12814942E+01
 0.12829284E+01
 0.12840659E+01
 0.12851148E+01
 0.12869653E+01
 0.12884815E+01
 0.12904720E+01
 0.12909952E+01
 0.12921633E+01
 0.12922697E+01
 0.12932961E+01
 0.12937905E+01
 0.12956762E+01
 0.12973731E+01
 0.12979348E+01
 0.13000251E+01
 0.13021510E+01
 0.13031598E+01
 0.13035083E+01
 0.13046568E+01
 0.13053153E+01
 0.13102687E+01
 0.13107084E+01
 0.13108442E+01
 0.13142157E+01
 0.13160335E+01
 0.13169255E+01
 0.13174662E+01
 0.13192335E+01
 0.13225767E+01
 0.13253907E+01
 0.13255953E+01
 0.13282129E+01
 0.13292894E+01
 0.13333685E+01
 0.13339094E+01
 0.13346499E+01
 0.13352315E+01
 0.13392294E+01
 0.13394823E+01
 0.13401465E+01
 0.13423076E+01
 0.13468885E+01
 0.13469761E+01
 0.13474257E+01
 0.13491708E+01
 0.13499657E+01
 0.13509287E+01
 0.13514790E+01
 0.13523135E+01
 0.13538885E+01
 0.13542260E+01
 0.13554538E+01
 0.13585817E+01
 0.13597760E+01
 0.13615659E+01
 0.13630659E+01
 0.13631513E+01
 0.13642151E+01
 0.13646444E+01
 0.13659312E+01
 0.13692306E+01
 0.13711469E+01
 0.13730708E+01
 0.13736653E+01
 0.13753782E+01
 0.13756477E+01
 0.13762512E+01
 0.13779058E+01
 0.13835423E+01
 0.13850917E+01
 0.13861257E+01
 0.13873670E+01
 0.13914399E+01
 0.13918336E+01
 0.13920089E+01
 0.13922465E+01
 0.13986712E+01
 0.14019133E+01
 0.14023135E+01
 0.14037618E+01
 0.14046615E+01
 0.14068062E+01
 0.14079006E+01
 0.14095137E+01
 0.14098104E+01
 0.14259867E+01
 0.14265786E+01
 0.14278046E+01
 0.14286858E+01
 0.14358521E+01
 0.14368300E+01
 0.14418624E+01
 0.14425743E+01
 0.14474828E+01
 0.14519829E+01
 0.14546791E+01
 0.14554565E+01
 0.14565792E+01
 0.14567717E+01
 0.14601967E+01
 0.14604015E+01
 0.14655864E+01
 0.14660231E+01
 0.14668822E+01
 0.14679541E+01
 0.14702480E+01
 0.14704473E+01
 0.14738540E+01
 0.14749825E+01
 0.14792086E+01
 0.14793269E+01
 0.14888721E+01
 0.14897971E+01
 0.14949044E+01
 0.14953410E+01
 0.14993828E+01
 0.14999185E+01
 0.15017464E+01
 0.15018780E+01
 0.15034417E+01
 0.15043379E+01
 0.15092807E+01
 0.15101273E+01
 0.15126632E+01
 0.15129682E+01
 0.15184641E+01
 0.15188656E+01
 0.15301823E+01
 0.15312360E+01
 0.15347304E+01
 0.15354342E+01
 0.15357570E+01
 0.15379502E+01
 0.15381989E+01
 0.15532938E+01
 0.15554190E+01
 0.15558356E+01
 0.15579890E+01
 0.15581069E+01
 0.15625585E+01
 0.15642118E+01
 0.15657554E+01
 0.15676883E+01
 0.15720030E+01
 0.15764554E+01
 0.15765953E+01
 0.15812261E+01
 0.15825330E+01
 0.15882357E+01
 0.15888010E+01
 0.15891694E+01
 0.15913472E+01
 0.15918466E+01
 0.15953575E+01
 0.15964753E+01
 0.15972235E+01
 0.15978749E+01
 0.15980514E+01
 0.15984332E+01
 0.16035581E+01
 0.16039309E+01
 0.16086555E+01
 0.16094320E+01
 0.16332457E+01
 0.16338424E+01
 0.16350052E+01
 0.16361129E+01
 0.16383772E+01
 0.16389456E+01
 0.16398744E+01
 0.16414530E+01
 0.16423227E+01
 0.16428282E+01
 0.16440421E+01
 0.16444411E+01
 0.16462747E+01
 0.16470326E+01
 0.16525141E+01
 0.16529702E+01
 0.16542736E+01
 0.16565019E+01
 0.16567241E+01
 0.16577207E+01
 0.16581940E+01
 0.16611552E+01
 0.16623704E+01
 0.16629858E+01
 0.16654139E+01
 0.16660095E+01
 0.16666721E+01
 0.16667578E+01
 0.16749883E+01
 0.16780661E+01
 0.16835598E+01
 0.16846856E+01
 0.16892949E+01
 0.16894953E+01
 0.16899820E+01
 0.16915555E+01
 0.16959487E+01
 0.16969002E+01
 0.17025857E+01
 0.17028097E+01
 0.17049318E+01
 0.17051051E+01
 0.17126852E+01
 0.17133030E+01
 0.17154362E+01
 0.17160893E+01
 0.17195285E+01
 0.17209788E+01
 0.17219766E+01
 0.17225536E+01
 0.17259472E+01
 0.17268095E+01
 0.17270444E+01
 0.17274202E+01
 0.17277417E+01
 0.17279640E+01
 0.17297529E+01
 0.17300103E+01
 0.17311101E+01
 0.17318917E+01
 0.17325528E+01
 0.17328822E+01
 0.17400598E+01
 0.17406311E+01
 0.17420496E+01
 0.17424391E+01
 0.17447633E+01
 0.17454281E+01
 0.17495754E+01
 0.17501220E+01
 0.17503896E+01
 0.17509916E+01
 0.17518530E+01
 0.17520748E+01
 0.17523813E+01
 0.17550203E+01
 0.17554631E+01
 0.17566846E+01
 0.17587802E+01
 0.17596028E+01
 0.17611157E+01
 0.17621202E+01
 0.17645477E+01
 0.17647639E+01
 0.17662679E+01
 0.17671188E+01
 0.17696954E+01
 0.17703281E+01
 0.17708319E+01
 0.17710023E+01
 0.17731591E+01
 0.17740209E+01
 0.17744347E+01
 0.17750025E+01
 0.17759876E+01
 0.17765922E+01
 0.17798390E+01
 0.17808403E+01
 0.17833183E+01
 0.17839889E+01
 0.17851527E+01
 0.17863125E+01
 0.17874787E+01
 0.17884147E+01
 0.17907848E+01
 0.17925687E+01
 0.17930246E+01
 0.17940331E+01
 0.18005206E+01
 0.18005503E+01
 0.18025782E+01
 0.18026297E+01
 0.18032170E+01
 0.18034875E+01
 0.18082504E+01
 0.18084785E+01
 0.18093278E+01
 0.18094839E+01
 0.18104388E+01
 0.18105759E+01
 0.18131887E+01
 0.18160772E+01
 0.18170232E+01
 0.18194904E+01
 0.18246831E+01
 0.18251544E+01
 0.18255773E+01
 0.18258213E+01
 0.18298222E+01
 0.18304104E+01
 0.18364189E+01
 0.18367017E+01
 0.18374189E+01
 0.18378970E+01
 0.18438540E+01
 0.18441586E+01
 0.18462957E+01
 0.18470301E+01
 0.18562685E+01
 0.18567179E+01
 0.18593822E+01
 0.18597477E+01
 0.18625455E+01
 0.18627388E+01
 0.18664385E+01
 0.18666389E+01
 0.18676877E+01
 0.18678885E+01
 0.18713908E+01
 0.18718647E+01
 0.18729692E+01
 0.18744218E+01
 0.18790375E+01
 0.18791147E+01
 0.18844504E+01
 0.18845817E+01
 0.18887532E+01
 0.18890598E+01
 0.18905725E+01
 0.18922091E+01
 0.18932273E+01
 0.18940821E+01
 0.18959045E+01
 0.18995941E+01
 0.19014996E+01
 0.19035633E+01
 0.19043533E+01
 0.19070328E+01
 0.19083767E+01
 0.19087034E+01
 0.19103058E+01
 0.19107150E+01
 0.19161984E+01
 0.19170179E+01
 0.19181420E+01
 0.19195581E+01
 0.19215288E+01
 0.19281256E+01
 0.19290970E+01
 0.19301659E+01
 0.19316124E+01
 0.19364562E+01
 0.19389978E+01
 0.19396242E+01
 0.19422392E+01
 0.19431266E+01
 0.19514238E+01
 0.19527753E+01
 0.19539845E+01
 0.19559182E+01
 0.19574324E+01
 0.19584188E+01
 0.19657323E+01
 0.19666079E+01
 0.19712495E+01
 0.19717896E+01
 0.19767302E+01
 0.19772821E+01
 0.19777374E+01
 0.19784383E+01
 0.19807630E+01
 0.19816093E+01
 0.19818750E+01
 0.19852996E+01
 0.19864147E+01
 0.19883286E+01
 0.19907828E+01
 0.19917717E+01
 0.19946079E+01
 0.19953327E+01
 0.19984605E+01
 0.20022571E+01
 0.20038178E+01
 0.20065776E+01
 0.20071249E+01
 0.20100220E+01
 0.20115393E+01
 0.20129558E+01
 0.20133503E+01
 0.20175695E+01
 0.20187572E+01
 0.20224549E+01
 0.20229454E+01
 0.20241635E+01
 0.20317928E+01
 0.20318775E+01
 0.20355303E+01
 0.20377407E+01
 0.20380773E+01
 0.20390521E+01
 0.20414114E+01
 0.20417111E+01
 0.20476450E+01
 0.20477601E+01
 0.20529727E+01
 0.20535649E+01
 0.20575875E+01
 0.20584555E+01
 0.20606853E+01
 0.20613814E+01
 0.20641710E+01
 0.20644865E+01
 0.20649005E+01
 0.20650348E+01
 0.20710631E+01
 0.20721112E+01
 0.20732816E+01
 0.20828510E+01
 0.20837639E+01
 0.20854188E+01
 0.20882041E+01
 0.20889300E+01
 0.20919780E+01
 0.20921879E+01
 0.20941759E+01
 0.20956262E+01
 0.20967464E+01
 0.21016170E+01
 0.21043044E+01
 0.21049450E+01
 0.21055757E+01
 0.21066878E+01
 0.21070466E+01
 0.21077599E+01
 0.21093075E+01
 0.21094833E+01
 0.21105636E+01
 0.21142941E+01
 0.21155481E+01
 0.21162207E+01
 0.21162541E+01
 0.21169306E+01
 0.21186104E+01
 0.21250559E+01
 0.21252449E+01
 0.21264327E+01
 0.21274662E+01
 0.21275168E+01
 0.21292561E+01
 0.21294145E+01
 0.21305037E+01
 0.21335101E+01
 0.21349447E+01
 0.21350204E+01
 0.21401777E+01
 0.21437473E+01
 0.21462425E+01
 0.21463548E+01
 0.21465968E+01
 0.21468319E+01
 0.21541811E+01
 0.21548796E+01
 0.21559670E+01
 0.21582529E+01
 0.21586553E+01
 0.21618127E+01
 0.21627934E+01
 0.21642473E+01
 0.21666064E+01
 0.21702310E+01
 0.21739608E+01
 0.21747677E+01
 0.21767606E+01
 0.21799428E+01
 0.21818410E+01
 0.21825426E+01
 0.21840409E+01
 0.21870290E+01
 0.21876984E+01
 0.21920253E+01
 0.21926393E+01
 0.21935563E+01
 0.21965603E+01
 0.21974101E+01
 0.21976777E+01
 0.21994213E+01
 0.22012083E+01
 0.22063949E+01
 0.22101337E+01
 0.22106196E+01
 0.22174198E+01
 0.22178337E+01
 0.22229558E+01
 0.22235448E+01
 0.22254679E+01
 0.22255360E+01
 0.22290422E+01
 0.22294176E+01
 0.22304302E+01
 0.22317519E+01
 0.22321871E+01
 0.22329159E+01
 0.22452218E+01
 0.22466887E+01
 0.22482180E+01
 0.22486421E+01
 0.22493987E+01
 0.22495677E+01
 0.22500186E+01
 0.22528474E+01
 0.22631772E+01
 0.22644260E+01
 0.22677609E+01
 0.22680020E+01
 0.22741441E+01
 0.22774255E+01
 0.22776143E+01
 0.22808846E+01
 0.22846163E+01
 0.22898301E+01
 0.22914023E+01
 0.22958744E+01
 0.22995833E+01
 0.23008600E+01
 0.23063288E+01
 0.23069513E+01
 0.23080728E+01
 0.23101981E+01
 0.23126679E+01
 0.23187733E+01
 0.23223446E+01
 0.23229761E+01
 0.23246434E+01
 0.23275976E+01
 0.23306820E+01
 0.23315443E+01
 0.23347875E+01
 0.23348856E+01
 0.23378222E+01
 0.23408609E+01
 0.23461179E+01
 0.23464300E+01
 0.23493182E+01
 0.23494501E+01
 0.23518270E+01
 0.23536264E+01
 0.23543365E+01
 0.23549049E+01
 0.23570489E+01
 0.23581102E+01
 0.23615583E+01
 0.23638743E+01
 0.23645731E+01
 0.23677230E+01
 0.23685308E+01
 0.23717445E+01
 0.23736161E+01
 0.23746091E+01
 0.23848640E+01
 0.23887462E+01
 0.23902143E+01
 0.23916799E+01
 0.23921371E+01
 0.23943387E+01
 0.23983850E+01
 0.24002600E+01
 0.24005649E+01
 0.24007024E+01
 0.24024247E+01
 0.24089701E+01
 0.24090957E+01
 0.24118971E+01
 0.24150285E+01
 0.24156062E+01
 0.24199213E+01
 0.24210293E+01
 0.24245612E+01
 0.24255970E+01
 0.24275173E+01
 0.24293227E+01
 0.24314803E+01
 0.24360476E+01
 0.24398409E+01
 0.24413832E+01
 0.24451928E+01
 0.24468887E+01
 0.24476678E+01
 0.24494506E+01
 0.24529760E+01
 0.24543342E+01
 0.24556656E+01
 0.24573363E+01
 0.24596850E+01
 0.24604794E+01
 0.24650605E+01
 0.24668949E+01
 0.24736326E+01
 0.24828323E+01
 0.24836978E+01
 0.24840357E+01
 0.24874137E+01
 0.24902262E+01
 0.24961055E+01
 0.25011091E+01
 0.25012073E+01
 0.25074912E+01
 0.25089033E+01
 0.25158040E+01
 0.25159350E+01
 0.25178726E+01
 0.25179094E+01
 0.25228459E+01
 0.25230485E+01
 0.25242643E+01
 0.25251669E+01
 0.25297679E+01
 0.25356418E+01
 0.25370894E+01
 0.25392744E+01
 0.25452699E+01
 0.25503098E+01
 0.25521137E+01
 0.25535036E+01
 0.25552308E+01
 0.25592124E+01
 0.25632531E+01
 0.25693678E+01
 0.25694830E+01
 0.25716714E+01
 0.25723211E+01
 0.25744201E+01
 0.25755926E+01
 0.25766151E+01
 0.25772909E+01
 0.25926603E+01
 0.25958947E+01
 0.26034968E+01
 0.26062050E+01
 0.26131039E+01
 0.26134659E+01
 0.26178599E+01
 0.26182654E+01
 0.26184226E+01
 0.26232523E+01
 0.26311161E+01
 0.26312674E+01
 0.26350249E+01
 0.26350929E+01
 0.26361371E+01
 0.26448342E+01
 0.26460149E+01
 0.26477942E+01
 0.26540426E+01
 0.26564979E+01
 0.26604080E+01
 0.26662774E+01
 0.26676859E+01
 0.26715374E+01
 0.26717888E+01
 0.26732179E+01
 0.26749324E+01
 0.26767709E+01
 0.26831388E+01
 0.26833881E+01
 0.26849546E+01
 0.26878154E+01
 0.26885193E+01
 0.26926766E+01
 0.26935808E+01
 0.26943130E+01
 0.26980328E+01
 0.26983443E+01
 0.26998710E+01
 0.27011858E+01
 0.27012516E+01
 0.27050298E+01
 0.27125595E+01
 0.27143332E+01
 0.27149945E+01
 0.27158460E+01
 0.27200288E+01
 0.27201271E+01
 0.27242457E+01
 0.27264414E+01
 0.27277307E+01
 0.27316866E+01
 0.27384504E+01
 0.27384998E+01
 0.27483829E+01
 0.27484911E+01
 0.27528495E+01
 0.27530373E+01
 0.27542511E+01
 0.27553577E+01
 0.27600698E+01
 0.27615015E+01
 0.27776370E+01
 0.27781447E+01
 0.27873619E+01
 0.27881590E+01
 0.27954942E+01
 0.28008186E+01
 0.28069248E+01
 0.28074764E+01
 0.28083127E+01
 0.28111089E+01
 0.28132388E+01
 0.28134139E+01
 0.28168093E+01
 0.28170121E+01
 0.28188361E+01
 0.28200063E+01
 0.28245980E+01
 0.28251592E+01
 0.28267041E+01
 0.28306681E+01
 0.28373829E+01
 0.28387006E+01
 0.28470222E+01
 0.28510669E+01
 0.28529792E+01
 0.28553863E+01
 0.28602173E+01
 0.28610853E+01
 0.28626154E+01
 0.28627548E+01
 0.28655480E+01
 0.28660401E+01
 0.28689933E+01
 0.28692863E+01
 0.28735160E+01
 0.28753673E+01
 0.28780436E+01
 0.28809485E+01
 0.28947643E+01
 0.28961555E+01
 0.28966361E+01
 0.28969344E+01
 0.28972920E+01
 0.29030073E+01
 0.29053996E+01
 0.29065434E+01
 0.29123931E+01
 0.29143583E+01
 0.29173473E+01
 0.29226498E+01
 0.29239384E+01
 0.29258011E+01
 0.29289212E+01
 0.29318084E+01
 0.29319054E+01
 0.29354328E+01
 0.29394020E+01
 0.29493153E+01
 0.29519810E+01
 0.29533478E+01
 0.29539070E+01
 0.29606061E+01
 0.29650646E+01
 0.29710819E+01
 0.29772947E+01
 0.29788202E+01
 0.29823634E+01
 0.29824790E+01
 0.29849182E+01
 0.29980817E+01
 0.30019319E+01
 0.30040954E+01
 0.30065093E+01
 0.30083529E+01
 0.30121029E+01
 0.30161705E+01
 0.30311190E+01
 0.30348109E+01
 0.30383635E+01
 0.30421134E+01
 0.30476112E+01
 0.30495766E+01
 0.30577656E+01
 0.30585427E+01
 0.30667101E+01
 0.30668792E+01
 0.30841973E+01
 0.30846660E+01
 0.30995645E+01
 0.30998540E+01
 0.31116242E+01
 0.31118431E+01
 0.31132458E+01
 0.31135281E+01
 0.31247899E+01
 0.31310884E+01
 0.31363688E+01
 0.31384260E+01
 0.31538031E+01
 0.31540348E+01
 0.31613630E+01
 0.31614452E+01
 0.31654833E+01
 0.31656049E+01
 0.31736896E+01
 0.31749864E+01
 0.31943375E+01
 0.31945531E+01
 0.32035996E+01
 0.32040302E+01
 0.32111569E+01
 0.32112617E+01
 0.32173136E+01
 0.32173249E+01
 0.32296699E+01
 0.32309208E+01
 0.32444832E+01
 0.32447974E+01
 0.32529466E+01
 0.32531895E+01
 0.32592039E+01
 0.32599152E+01
 0.32709164E+01
 0.32710071E+01
 0.32837128E+01
 0.32839554E+01
 0.32894328E+01
 0.32966657E+01
 0.33037807E+01
 0.33038514E+01
 0.33086692E+01
 0.33095767E+01
 0.33284722E+01
 0.33328458E+01
 0.33421414E+01
 0.33425124E+01
 0.33464649E+01
 0.33480612E+01
 0.33481013E+01
 0.33586939E+01
 0.33596413E+01
 0.33618864E+01
 0.33707063E+01
 0.33711839E+01
 0.33999697E+01
 0.34003632E+01
 0.34065752E+01
 0.34070250E+01
 0.34090321E+01
 0.34102811E+01
 0.34372746E+01
 0.34373806E+01
 0.34489088E+01
 0.34492773E+01
 0.34585821E+01
 0.34729619E+01
 0.34742357E+01
 0.34749028E+01
 0.34753541E+01
 0.34763027E+01
 0.34772034E+01
 0.34919366E+01
 0.34920769E+01
 0.34922670E+01
 0.35033254E+01
 0.35073675E+01
 0.35073842E+01
 0.35111306E+01
 0.35219579E+01
 0.35228658E+01
 0.35269546E+01
 0.35272093E+01
 0.35307549E+01
 0.35310800E+01
 0.35762430E+01
 0.35854040E+01
 0.35855262E+01
 0.35910947E+01
 0.35912730E+01
 0.35986330E+01
 0.39088979E+01
 0.39091393E+01
 0.39176845E+01
 0.39181928E+01
 0.39328309E+01
 0.39330735E+01
 0.39396316E+01
 0.39398745E+01
 0.39697913E+01
 0.39699918E+01
 0.39822318E+01
 0.39827381E+01
 0.39907644E+01
 0.39909993E+01
 0.40054096E+01
 0.40056554E+01
 0.40100684E+01
 0.40104375E+01
 0.40140024E+01
 0.40144869E+01
 0.40158028E+01
 0.40161938E+01
 0.41432676E+01
 0.41442684E+01
 0.42066364E+01
 0.42077271E+01
 0.42265577E+01
 0.42270282E+01
 0.42464049E+01
 0.42464795E+01
 0.42562034E+01
 0.42567709E+01
 0.42585954E+01
 0.42587181E+01
 0.42731338E+01
 0.42740294E+01
 0.42815023E+01
 0.42820981E+01
 0.42844505E+01
 0.42848959E+01
 0.42877801E+01
 0.42885679E+01
 0.42985226E+01
 0.42986296E+01
 0.43031371E+01
 0.43033827E+01
 0.43080970E+01
 0.43091099E+01
 0.43122533E+01
 0.43123018E+01
 0.43223447E+01
 0.43224621E+01
 0.43258608E+01
 0.43259128E+01
 0.43430154E+01
 0.43434602E+01
 0.43492881E+01
 0.43500432E+01
 0.43541556E+01
 0.43553849E+01
 0.43560534E+01
 0.43577325E+01
 0.43612959E+01
 0.43626340E+01
 0.43726033E+01
 0.43731295E+01
 0.43738148E+01
 0.43760927E+01
 0.43803789E+01
 0.43824235E+01
 0.43899784E+01
 0.43900946E+01
 0.43979482E+01
 0.43984545E+01
 0.44051465E+01
 0.44059528E+01
 0.44386526E+01
 0.44401952E+01
 0.44571377E+01
 0.44588025E+01
 0.44677068E+01
 0.44682268E+01
 0.44701498E+01
 0.44702119E+01
 0.44732383E+01
 0.44750114E+01
 0.44975202E+01
 0.44977171E+01
 0.45143793E+01
 0.45147006E+01
 0.45341339E+01
 0.45345528E+01
 0.45352669E+01
 0.45360974E+01
 0.45492172E+01
 0.45510059E+01
 0.45666718E+01
 0.45669062E+01
 0.45699274E+01
 0.45702717E+01
 0.45782614E+01
 0.45790272E+01
 0.46048820E+01
 0.46059550E+01
 0.46126270E+01
 0.46137134E+01
 0.46285059E+01
 0.46287481E+01
 0.46439410E+01
 0.46516267E+01
 0.46519166E+01
 0.46543560E+01
 0.46559419E+01
 0.46779246E+01
 0.47147179E+01
 0.47150948E+01
 0.47193064E+01
 0.47202589E+01
 0.47276351E+01
 0.47318565E+01
 0.47513020E+01
 0.47528865E+01
 0.47972569E+01
 0.47975471E+01
 0.48241951E+01
 0.48249090E+01
 0.48482796E+01
 0.48484509E+01
 0.49341231E+01
 0.49344356E+01
 0.49608955E+01
 0.49609298E+01
 0.49624659E+01
 0.49630458E+01
 0.50115705E+01
 0.50123659E+01
 0.51216901E+01
 0.51227283E+01
 0.56665094E+01
 0.56670547E+01
 0.57098459E+01
 0.57101659E+01
 0.69801798E+01
 0.69820158E+01
 0.71175681E+01
 0.71192061E+01
