     441    495        0.00024
     441    497        0.00015
     447    495       -0.00010
     451    495       -0.00043
     451    497       -0.00031
     457    495        0.00077
     457    497        0.00053
     457    500        0.00010
     459    503        0.00013
     460    495        0.00058
     460    497        0.00037
     460    504       -0.00016
     461    495        0.00035
     461    497        0.00010
     464    495       -0.00012
     466    495       -0.00032
     466    497       -0.00019
     468    495        0.00032
     468    497        0.00015
     469    495       -0.00027
     469    496       -0.00010
     472    495       -0.00019
     473    495       -0.00070
     473    497       -0.00025
     473    504       -0.00014
     474    503       -0.00011
     475    495       -0.00057
     475    497       -0.00024
     475    498        0.00013
     475    499        0.00035
     476    500        0.00023
     478    495       -0.00021
     479    501       -0.00013
     480    502       -0.00016
     481    495       -0.00085
     481    497       -0.00037
     483    495        0.00452
     483    496        0.00013
     483    497        0.00180
     483    504       -0.00011
     484    495        0.00012
     485    497       -0.00014
     485    503       -0.00011
     486    497       -0.00011
     486    498       -0.00017
     486    500        0.00010
     486    504       -0.00015
     486    506       -0.00013
     487    495       -0.00473
     487    496       -0.00020
     487    497       -0.00177
     487    499       -0.00011
     487    500        0.00012
     487    501        0.00034
     487    502       -0.00011
     487    506        0.00020
     488    495        0.01767
     488    496        0.00064
     488    497        0.00577
     488    499        0.00036
     488    500        0.00040
     488    502        0.00038
     488    503       -0.00012
     488    505        0.00014
     488    506       -0.00054
     488    507        0.00020
     488    513        0.00010
     489    495       -0.04034
     489    496        0.00013
     489    497       -0.01311
     489    499        0.00021
     489    500       -0.00041
     489    501        0.00014
     489    502        0.00024
     489    503        0.00013
     489    506        0.00071
     489    507       -0.00026
     490    495       -0.00036
     490    500        0.00010
     490    501        0.00017
     491    495        0.00016
     491    497        0.00097
     491    501       -0.00019
     492    495        0.69363
     492    496       -0.00378
     492    497        0.12829
     492    498        0.00025
     492    499       -0.00019
     492    500        0.00595
     492    501        0.00011
     492    502       -0.00020
     492    503       -0.00069
     492    504       -0.00012
     492    505        0.00065
     492    506       -0.00429
     492    507        0.00158
     492    512       -0.00011
     492    515        0.00046
     492    531        0.00012
     492    535        0.00023
     492    536        0.00014
     492    537       -0.00018
     492    538       -0.00021
     492    542        0.00019
     492    543       -0.00011
     492    557       -0.00010
     492    559        0.00011
     492    561       -0.00014
     492    567        0.00010
     492    568       -0.00023
     492    575       -0.00013
     492    577       -0.00030
     492    579        0.00015
     492    581        0.00015
     492    582        0.00022
     492    583       -0.00015
     492    584       -0.00022
     492    591       -0.00013
     492    598       -0.00012
     492    604       -0.00011
     493    495        0.00011
     493    497        0.00027
     493    499        0.00011
     493    500       -0.00396
     493    501        0.00128
     493    503        0.00216
     493    506       -0.00015
     494    495       -0.00755
     494    497       -0.00440
     494    498        0.00033
     494    499       -0.00547
     494    500       -0.00148
     494    501       -0.00032
     494    502        0.00161
     494    504        0.00261
     494    505       -0.00018
