     442    496       -0.00026
     442    498       -0.00016
     449    496       -0.00015
     449    498       -0.00011
     452    496        0.00047
     452    498        0.00032
     458    496        0.00093
     458    498        0.00060
     458    499        0.00012
     459    496       -0.00053
     459    498       -0.00031
     462    496        0.00039
     462    498        0.00013
     463    496       -0.00018
     465    496       -0.00034
     465    498       -0.00019
     467    496        0.00029
     467    498        0.00013
     470    496       -0.00026
     471    496       -0.00019
     474    496       -0.00077
     474    498       -0.00025
     476    496       -0.00059
     476    498       -0.00023
     477    496        0.00029
     477    498        0.00011
     482    496        0.00100
     482    498        0.00042
     484    496        0.00488
     484    498        0.00187
     485    496       -0.00151
     485    498       -0.00063
     485    499        0.00010
     487    496        0.01833
     487    498        0.00575
     487    499        0.00035
     487    504       -0.00013
     487    505       -0.00058
     487    508        0.00019
     487    514        0.00011
     488    496        0.00554
     488    498        0.00175
     488    499        0.00010
     488    505       -0.00018
     490    495       -0.00013
     490    496       -0.04411
     490    498       -0.01363
     490    499       -0.00049
     490    502        0.00019
     490    504        0.00016
     490    505        0.00079
     490    506        0.00011
     490    508       -0.00026
     491    495        0.00389
     491    496        0.69376
     491    497        0.00028
     491    498        0.12638
     491    499        0.00640
     491    502       -0.00042
     491    504       -0.00090
     491    505       -0.00466
     491    506       -0.00069
     491    508        0.00150
     491    511        0.00012
     491    515        0.00012
     491    516        0.00043
     491    532       -0.00011
     491    535        0.00011
     491    536       -0.00021
     491    537       -0.00022
     491    538        0.00015
     491    544        0.00025
     491    558        0.00012
     491    561        0.00013
     491    568       -0.00022
     491    577        0.00031
     491    580        0.00032
     491    582        0.00023
     491    584       -0.00022
     491    592        0.00010
     493    496       -0.00733
     493    498       -0.00403
     493    499       -0.00153
     493    500        0.00031
     493    502       -0.00029
     494    496       -0.00011
