     442    496       -0.00011
     445    496       -0.00019
     445    498       -0.00014
     452    496        0.00010
     458    496        0.00032
     458    498        0.00012
     462    496        0.00018
     462    499       -0.00012
     462    505        0.00013
     465    496        0.00018
     467    496        0.00030
     467    505        0.00012
     470    505       -0.00012
     471    496       -0.00020
     476    496       -0.00051
     476    498       -0.00029
     476    505       -0.00012
     477    496        0.00023
     477    498        0.00012
     482    496        0.00080
     482    498        0.00026
     484    496        0.00285
     484    498        0.00091
     484    499       -0.00028
     484    505        0.00027
     485    496       -0.00102
     485    498       -0.00037
     485    505        0.00010
     487    495       -0.00011
     487    496       -0.02036
     487    498       -0.00741
     487    502        0.00015
     487    505        0.00044
     487    508       -0.00015
     488    496       -0.00616
     488    498       -0.00224
     488    505        0.00013
     490    496       -0.01033
     490    498       -0.00349
     490    499        0.00010
     490    505        0.00021
     491    496        0.00756
     491    498        0.00243
     491    505       -0.00013
     493    495        0.00385
     493    496        0.69436
     493    497        0.00055
     493    498        0.13038
     493    499        0.00587
     493    502       -0.00053
     493    504       -0.00081
     493    505       -0.00430
     493    506       -0.00064
     493    508        0.00138
     493    514       -0.00014
     493    515        0.00014
     493    516        0.00050
     493    532       -0.00011
     493    535        0.00011
     493    536       -0.00020
     493    537       -0.00022
     493    538        0.00015
     493    544        0.00026
     493    561        0.00012
     493    568       -0.00020
     493    577        0.00028
     493    580        0.00030
     493    582        0.00022
     493    584       -0.00021
     493    592        0.00011
     493    636       -0.00010
     494    496        0.00902
     494    498        0.00170
