     382    495        0.00010
     441    495        0.00011
     446    495       -0.00020
     446    497       -0.00015
     457    495        0.00031
     457    497        0.00012
     461    495        0.00019
     461    497       -0.00010
     461    500       -0.00012
     461    506        0.00014
     466    495        0.00018
     468    495        0.00030
     468    506        0.00011
     469    506       -0.00012
     472    495       -0.00020
     475    495       -0.00049
     475    497       -0.00030
     475    506       -0.00011
     478    495       -0.00021
     478    497       -0.00011
     481    495       -0.00075
     481    497       -0.00025
     483    495        0.00279
     483    497        0.00093
     483    500       -0.00027
     483    506        0.00025
     486    495       -0.00082
     486    497       -0.00032
     486    506        0.00011
     487    495        0.00583
     487    497        0.00223
     487    506       -0.00012
     488    495       -0.01924
     488    496        0.00011
     488    497       -0.00735
     488    501        0.00013
     488    506        0.00040
     488    507       -0.00016
     489    495       -0.01164
     489    497       -0.00414
     489    500        0.00010
     489    506        0.00023
     492    495        0.00775
     492    497        0.00263
     492    506       -0.00013
     493    495       -0.00906
     493    496        0.00010
     493    497       -0.00175
     494    495        0.69360
     494    496       -0.00402
     494    497        0.13445
     494    498       -0.00055
     494    500        0.00550
     494    503       -0.00062
     494    505        0.00060
     494    506       -0.00406
     494    507        0.00149
     494    515        0.00051
     494    516       -0.00014
     494    535        0.00022
     494    536        0.00012
     494    537       -0.00015
     494    538       -0.00022
     494    542        0.00018
     494    543       -0.00011
     494    559        0.00010
     494    561       -0.00013
     494    567        0.00010
     494    568       -0.00020
     494    575       -0.00012
     494    577       -0.00029
     494    579        0.00014
     494    581        0.00014
     494    582        0.00021
     494    583       -0.00015
     494    584       -0.00021
     494    591       -0.00014
     494    598       -0.00013
     494    604       -0.00011
