     441    497        0.00012
     446    497       -0.00015
     457    497        0.00028
     461    495       -0.00020
     461    497        0.00021
     461    500       -0.00011
     466    497        0.00016
     468    497        0.00027
     469    495        0.00015
     469    497       -0.00011
     472    497       -0.00018
     475    495       -0.00019
     475    497       -0.00038
     478    497       -0.00018
     481    497       -0.00067
     483    495        0.00010
     483    497        0.00245
     483    501       -0.00021
     483    507       -0.00018
     483    513       -0.00011
     486    497       -0.00076
     486    500       -0.00011
     487    495        0.00094
     487    497        0.00519
     487    500        0.00041
     487    501       -0.00014
     487    503       -0.00011
     487    506       -0.00021
     488    495       -0.00314
     488    497       -0.01713
     488    500       -0.00133
     488    501        0.00044
     488    503        0.00036
     488    505       -0.00011
     488    506        0.00069
     488    513        0.00013
     489    495       -0.00144
     489    497       -0.01048
     489    500       -0.00066
     489    501        0.00029
     489    503        0.00019
     489    506        0.00039
     492    495        0.00161
     492    497        0.00708
     492    500        0.00043
     492    501       -0.00016
     492    503       -0.00011
     492    506       -0.00021
     493    495        0.00176
     493    497       -0.00909
     493    500       -0.00029
     494    495       -0.13503
     494    496        0.00077
     494    497        0.69325
     494    498       -0.00304
     494    499       -0.00025
     494    500        0.02212
     494    501       -0.00441
     494    503       -0.00446
     494    505        0.00093
     494    506       -0.00627
     494    513       -0.00100
     494    515       -0.00023
     494    517       -0.00011
     494    540       -0.00031
     494    542        0.00027
     494    543       -0.00012
     494    561       -0.00018
     494    562       -0.00011
     494    568       -0.00017
     494    575       -0.00012
     494    577       -0.00021
     494    579        0.00011
     494    582        0.00016
     494    583       -0.00011
     494    584       -0.00016
     494    591       -0.00011
     494    604       -0.00014
