     442    498       -0.00013
     445    498       -0.00013
     458    498        0.00027
     462    496       -0.00018
     462    498        0.00021
     463    496        0.00012
     465    498        0.00015
     467    498        0.00027
     470    496        0.00015
     470    498       -0.00011
     471    498       -0.00018
     476    496       -0.00019
     476    498       -0.00036
     477    498        0.00018
     482    498        0.00069
     484    496        0.00011
     484    498        0.00243
     484    502       -0.00021
     484    508       -0.00017
     484    514       -0.00011
     485    498       -0.00091
     485    499       -0.00010
     487    496       -0.00323
     487    498       -0.01744
     487    499       -0.00136
     487    502        0.00054
     487    504        0.00037
     487    505        0.00070
     487    514        0.00014
     488    496       -0.00098
     488    498       -0.00528
     488    499       -0.00041
     488    502        0.00016
     488    504        0.00011
     488    505        0.00021
     490    496       -0.00123
     490    498       -0.00900
     490    499       -0.00056
     490    502        0.00029
     490    504        0.00016
     490    505        0.00033
     491    496        0.00146
     491    498        0.00669
     491    499        0.00040
     491    502       -0.00018
     491    504       -0.00010
     491    505       -0.00020
     493    495       -0.00072
     493    496       -0.13097
     493    497        0.00274
     493    498        0.69404
     493    499        0.02203
     493    500        0.00021
     493    502       -0.00572
     493    504       -0.00443
     493    505       -0.00615
     493    506       -0.00091
     493    508       -0.00023
     493    514       -0.00100
     493    516       -0.00028
     493    539        0.00031
     493    544        0.00029
     493    561        0.00015
     493    562       -0.00014
     493    568       -0.00016
     493    577        0.00018
     493    580        0.00022
     493    582        0.00016
     493    584       -0.00014
     493    592        0.00010
     493    603        0.00010
     494    496       -0.00171
     494    498        0.00900
     494    499        0.00028
