-0.88984472E+02
-0.88983984E+02
-0.88936129E+02
-0.88935571E+02
-0.88935300E+02
-0.88935150E+02
-0.88934542E+02
-0.88934004E+02
-0.88923945E+02
-0.88923488E+02
-0.24761661E+02
-0.24761583E+02
-0.24757307E+02
-0.24757213E+02
-0.24750273E+02
-0.24748454E+02
-0.24747690E+02
-0.24747167E+02
-0.19160586E+02
-0.19160350E+02
-0.19159042E+02
-0.19158262E+02
-0.14422032E+02
-0.14419124E+02
-0.14419016E+02
-0.14416240E+02
-0.14381873E+02
-0.14381230E+02
-0.14381176E+02
-0.14381094E+02
-0.14378828E+02
-0.14378767E+02
-0.14372181E+02
-0.14372103E+02
-0.14371076E+02
-0.14370695E+02
-0.14368320E+02
-0.14367854E+02
-0.10320454E+02
-0.10320360E+02
-0.10318859E+02
-0.10318774E+02
-0.10311204E+02
-0.10307511E+02
-0.10304554E+02
-0.10303244E+02
-0.10298004E+02
-0.10297799E+02
-0.10292415E+02
-0.10291632E+02
-0.10283647E+02
-0.10283546E+02
-0.10282591E+02
-0.10282487E+02
-0.10277674E+02
-0.10277245E+02
-0.10274981E+02
-0.10274926E+02
-0.10270415E+02
-0.10270397E+02
-0.10269724E+02
-0.10269539E+02
-0.10267722E+02
-0.10267650E+02
-0.10267463E+02
-0.10266970E+02
-0.10266494E+02
-0.10266153E+02
-0.10263617E+02
-0.10263256E+02
-0.10263207E+02
-0.10260705E+02
-0.10258337E+02
-0.10257934E+02
-0.10257809E+02
-0.10256817E+02
-0.10255278E+02
-0.10254081E+02
-0.10254033E+02
-0.10253759E+02
-0.10253717E+02
-0.10253593E+02
-0.10253515E+02
-0.10253181E+02
-0.10253100E+02
-0.10252806E+02
-0.10248117E+02
-0.10247735E+02
-0.10246835E+02
-0.10246597E+02
-0.10246496E+02
-0.10245601E+02
-0.10245107E+02
-0.10244978E+02
-0.10244827E+02
-0.10244340E+02
-0.10244148E+02
-0.10243786E+02
-0.10241986E+02
-0.10241610E+02
-0.10239516E+02
-0.10239317E+02
-0.10238731E+02
-0.10238052E+02
-0.10237275E+02
-0.10237162E+02
-0.10237148E+02
-0.10236992E+02
-0.10236871E+02
-0.10236408E+02
-0.10236296E+02
-0.10233110E+02
-0.10232711E+02
-0.10231131E+02
-0.10229924E+02
-0.10229508E+02
-0.10227875E+02
-0.10227256E+02
-0.10227172E+02
-0.10226949E+02
-0.10226414E+02
-0.10226308E+02
-0.10226251E+02
-0.10225766E+02
-0.10224237E+02
-0.10224129E+02
-0.10219753E+02
-0.10217805E+02
-0.10215461E+02
-0.10214897E+02
-0.10208566E+02
-0.10208355E+02
-0.10205552E+02
-0.10205001E+02
-0.80321268E+01
-0.80316539E+01
-0.79877751E+01
-0.79873230E+01
-0.79870457E+01
-0.79866645E+01
-0.79861158E+01
-0.79860765E+01
-0.79769811E+01
-0.79765454E+01
-0.59988576E+01
-0.59983889E+01
-0.59930096E+01
-0.59925421E+01
-0.59914052E+01
-0.59909198E+01
-0.59539239E+01
-0.59533675E+01
-0.59531886E+01
-0.59526196E+01
-0.59521515E+01
-0.59520241E+01
-0.59503116E+01
-0.59495796E+01
-0.59493571E+01
-0.59491634E+01
-0.59485703E+01
-0.59481396E+01
-0.59451084E+01
-0.59450974E+01
-0.59444432E+01
-0.59443727E+01
-0.59439228E+01
-0.59438670E+01
-0.59430150E+01
-0.59425751E+01
-0.59396716E+01
-0.59392343E+01
-0.59341749E+01
-0.59337421E+01
-0.12765043E+01
-0.12764061E+01
-0.12710472E+01
-0.12594756E+01
-0.12593587E+01
-0.12584711E+01
-0.12444406E+01
-0.12434179E+01
-0.10447211E+01
-0.10444946E+01
-0.10431886E+01
-0.10424699E+01
-0.10328804E+01
-0.10324913E+01
-0.10161994E+01
-0.10149365E+01
-0.10033472E+01
-0.10024375E+01
-0.95147381E+00
-0.95136777E+00
-0.94609715E+00
-0.94553583E+00
-0.94489119E+00
-0.94420959E+00
-0.93843180E+00
-0.93735613E+00
-0.93027768E+00
-0.93016814E+00
-0.92699014E+00
-0.92609915E+00
-0.92478092E+00
-0.92468560E+00
-0.90864340E+00
-0.90823174E+00
-0.89599400E+00
-0.89542880E+00
-0.89311501E+00
-0.89228625E+00
-0.88866832E+00
-0.88855781E+00
-0.88397716E+00
-0.88391210E+00
-0.87450901E+00
-0.87393342E+00
-0.87337937E+00
-0.87304528E+00
-0.84019650E+00
-0.84009411E+00
-0.83886018E+00
-0.83839317E+00
-0.82566289E+00
-0.82508925E+00
-0.81801742E+00
-0.81788203E+00
-0.81362383E+00
-0.81264103E+00
-0.80942721E+00
-0.80932476E+00
-0.80834838E+00
-0.80823102E+00
-0.80587054E+00
-0.80492389E+00
-0.80094040E+00
-0.80074691E+00
-0.79549730E+00
-0.79488175E+00
-0.77459103E+00
-0.77456489E+00
-0.75884438E+00
-0.75715909E+00
-0.75190720E+00
-0.75049969E+00
-0.74701332E+00
-0.74655988E+00
-0.72826234E+00
-0.72812058E+00
-0.72215913E+00
-0.72080294E+00
-0.71758480E+00
-0.71575800E+00
-0.71116003E+00
-0.71109420E+00
-0.70919265E+00
-0.70911805E+00
-0.70521288E+00
-0.70441024E+00
-0.70412932E+00
-0.70365964E+00
-0.69307164E+00
-0.69285458E+00
-0.68309343E+00
-0.68304557E+00
-0.66663307E+00
-0.66654729E+00
-0.65323200E+00
-0.65290576E+00
-0.64572394E+00
-0.64562329E+00
-0.64510836E+00
-0.64482111E+00
-0.64227357E+00
-0.64219672E+00
-0.63455327E+00
-0.63430425E+00
-0.62728218E+00
-0.62707621E+00
-0.61822055E+00
-0.61788688E+00
-0.60961761E+00
-0.60956665E+00
-0.60096027E+00
-0.60050357E+00
-0.59315545E+00
-0.59271968E+00
-0.58624690E+00
-0.58607466E+00
-0.58511701E+00
-0.58450020E+00
-0.57973152E+00
-0.57964761E+00
-0.57236083E+00
-0.57206793E+00
-0.56712612E+00
-0.56656615E+00
-0.56549898E+00
-0.56510183E+00
-0.56232382E+00
-0.56157245E+00
-0.56098052E+00
-0.55976062E+00
-0.55271172E+00
-0.55219798E+00
-0.54555636E+00
-0.54508844E+00
-0.53599581E+00
-0.53568363E+00
-0.53259857E+00
-0.53251949E+00
-0.52565355E+00
-0.52529121E+00
-0.52427431E+00
-0.52330419E+00
-0.52178242E+00
-0.52169324E+00
-0.51996332E+00
-0.51903276E+00
-0.51823204E+00
-0.51612180E+00
-0.51552739E+00
-0.51361172E+00
-0.51356362E+00
-0.51223926E+00
-0.51027913E+00
-0.50937147E+00
-0.50634768E+00
-0.50633718E+00
-0.50567440E+00
-0.50415033E+00
-0.49615770E+00
-0.49512197E+00
-0.48609998E+00
-0.48600614E+00
-0.48429959E+00
-0.48418786E+00
-0.48362960E+00
-0.48245069E+00
-0.47947471E+00
-0.47912630E+00
-0.47621531E+00
-0.47500967E+00
-0.47402270E+00
-0.47384756E+00
-0.47098388E+00
-0.47057327E+00
-0.46928398E+00
-0.46854011E+00
-0.46571582E+00
-0.46546183E+00
-0.46498759E+00
-0.46480541E+00
-0.46410906E+00
-0.46346031E+00
-0.46112161E+00
-0.45992259E+00
-0.45923486E+00
-0.45849965E+00
-0.45822365E+00
-0.45730693E+00
-0.45504027E+00
-0.45382935E+00
-0.44943807E+00
-0.44940244E+00
-0.44489632E+00
-0.44468676E+00
-0.44243753E+00
-0.44211370E+00
-0.43881002E+00
-0.43829883E+00
-0.43633092E+00
-0.43628931E+00
-0.43472958E+00
-0.43452569E+00
-0.43209814E+00
-0.43082866E+00
-0.43020216E+00
-0.42957538E+00
-0.42928363E+00
-0.42914857E+00
-0.42866193E+00
-0.42837884E+00
-0.42534671E+00
-0.42513208E+00
-0.42498171E+00
-0.42495118E+00
-0.42413464E+00
-0.42304155E+00
-0.41977442E+00
-0.41961310E+00
-0.41863583E+00
-0.41806653E+00
-0.41349516E+00
-0.41302845E+00
-0.41176774E+00
-0.41128725E+00
-0.41065209E+00
-0.41040787E+00
-0.40732592E+00
-0.40732136E+00
-0.40510068E+00
-0.40449438E+00
-0.40204183E+00
-0.40182936E+00
-0.39875679E+00
-0.39865498E+00
-0.39762425E+00
-0.39663869E+00
-0.39640969E+00
-0.39611534E+00
-0.39590828E+00
-0.39520370E+00
-0.39170343E+00
-0.38911598E+00
-0.38870568E+00
-0.38760161E+00
-0.38754322E+00
-0.38702792E+00
-0.38676891E+00
-0.38609196E+00
-0.38499704E+00
-0.38470225E+00
-0.38369463E+00
-0.38354000E+00
-0.37894351E+00
-0.37892315E+00
-0.37291061E+00
-0.37184341E+00
-0.36882802E+00
-0.36879156E+00
-0.36735744E+00
-0.36606372E+00
-0.36466557E+00
-0.36373423E+00
-0.36275451E+00
-0.36247986E+00
-0.35546969E+00
-0.35535432E+00
-0.35526146E+00
-0.35497982E+00
-0.35357400E+00
-0.35348914E+00
-0.35213982E+00
-0.35190979E+00
-0.35138537E+00
-0.35085709E+00
-0.34620911E+00
-0.34596824E+00
-0.34453213E+00
-0.34326740E+00
-0.34101569E+00
-0.33898134E+00
-0.33896494E+00
-0.33861216E+00
-0.33695467E+00
-0.33512133E+00
-0.33471719E+00
-0.33471705E+00
-0.31461743E+00
-0.31430795E+00
-0.31068163E+00
-0.31040377E+00
-0.30857249E+00
-0.30825099E+00
-0.29738578E+00
-0.29656438E+00
-0.29624759E+00
-0.29588730E+00
-0.29285859E+00
-0.29274292E+00
-0.27920966E+00
-0.27882759E+00
-0.27299170E+00
-0.27291211E+00
-0.27228496E+00
-0.27216865E+00
-0.27085306E+00
-0.26998990E+00
-0.26896361E+00
-0.26798376E+00
-0.26613019E+00
-0.26589611E+00
-0.25968766E+00
-0.25897420E+00
-0.24069401E+00
-0.24028689E+00
-0.23885372E+00
-0.23855043E+00
-0.22448376E+00
-0.22399276E+00
-0.20690410E+00
-0.20673829E+00
-0.13102066E+00
-0.13043534E+00
-0.12150830E+00
-0.12146781E+00
-0.11042162E+00
-0.11041248E+00
-0.10612697E+00
-0.10548469E+00
-0.87011794E-01
-0.86487635E-01
-0.57267579E-01
-0.57255794E-01
-0.49629537E-01
-0.48386368E-01
-0.36794295E-01
-0.36426531E-01
-0.35582426E-01
-0.35501220E-01
-0.26438339E-01
-0.25873832E-01
-0.18123110E-01
-0.17983694E-01
-0.12670398E-01
-0.12230205E-01
-0.10215416E-01
-0.88927916E-02
-0.67789758E-02
-0.61423948E-02
-0.51497668E-02
-0.45960856E-02
-0.38409869E-02
-0.35836916E-02
-0.27075168E-02
-0.24984520E-02
-0.99482981E-03
-0.62765833E-03
 0.42930192E-04
 0.52079072E-03
 0.13947263E-02
 0.20826606E-02
 0.27528538E-02
 0.31434145E-02
 0.33565216E-02
 0.40179832E-02
 0.45660736E-02
 0.52349121E-02
 0.80654235E-02
 0.86835418E-02
 0.10486871E-01
 0.10614487E-01
 0.10914625E-01
 0.11261771E-01
 0.13171326E-01
 0.13537156E-01
 0.14143392E-01
 0.14442398E-01
 0.14599601E-01
 0.15534494E-01
 0.17517811E-01
 0.17758877E-01
 0.19160014E-01
 0.19390928E-01
 0.20962128E-01
 0.21340426E-01
 0.22919826E-01
 0.23822277E-01
 0.24420270E-01
 0.25739781E-01
 0.26369014E-01
 0.27233257E-01
 0.28001241E-01
 0.28488284E-01
 0.28788792E-01
 0.29153828E-01
 0.31596230E-01
 0.32059387E-01
 0.34258336E-01
 0.36161900E-01
 0.36568305E-01
 0.37006214E-01
 0.37570686E-01
 0.37683980E-01
 0.37920854E-01
 0.38926251E-01
 0.39062316E-01
 0.40425916E-01
 0.40658521E-01
 0.40989960E-01
 0.42148395E-01
 0.42891555E-01
 0.44496591E-01
 0.44795613E-01
 0.45407230E-01
 0.46053310E-01
 0.47395721E-01
 0.48507168E-01
 0.50216485E-01
 0.51011555E-01
 0.51560252E-01
 0.52251044E-01
 0.52443870E-01
 0.53977067E-01
 0.54212834E-01
 0.55537036E-01
 0.56188117E-01
 0.56956536E-01
 0.57304567E-01
 0.58153707E-01
 0.60092424E-01
 0.60607583E-01
 0.61032137E-01
 0.62538826E-01
 0.62984225E-01
 0.63642209E-01
 0.64679850E-01
 0.64886165E-01
 0.64998527E-01
 0.65585534E-01
 0.66182858E-01
 0.66829741E-01
 0.67643225E-01
 0.68680198E-01
 0.69662881E-01
 0.69945639E-01
 0.71368131E-01
 0.72391731E-01
 0.72804780E-01
 0.72932731E-01
 0.73515874E-01
 0.74108318E-01
 0.74276599E-01
 0.74613912E-01
 0.75006278E-01
 0.75929963E-01
 0.77276761E-01
 0.77593274E-01
 0.78074298E-01
 0.78682729E-01
 0.79909435E-01
 0.80297391E-01
 0.81095965E-01
 0.81592464E-01
 0.81648013E-01
 0.82710237E-01
 0.84249263E-01
 0.84617978E-01
 0.85233784E-01
 0.86033504E-01
 0.86264626E-01
 0.86939354E-01
 0.88835760E-01
 0.88999652E-01
 0.89874897E-01
 0.90642411E-01
 0.91750810E-01
 0.92207928E-01
 0.93421186E-01
 0.93912230E-01
 0.94414710E-01
 0.94685895E-01
 0.95530664E-01
 0.95855430E-01
 0.96679781E-01
 0.97563812E-01
 0.97903244E-01
 0.98443749E-01
 0.99346614E-01
 0.99474774E-01
 0.10077612E+00
 0.10164950E+00
 0.10381632E+00
 0.10389849E+00
 0.10420592E+00
 0.10447386E+00
 0.10462173E+00
 0.10580951E+00
 0.10738928E+00
 0.10770432E+00
 0.10824199E+00
 0.10849285E+00
 0.11050873E+00
 0.11084314E+00
 0.11337115E+00
 0.11439949E+00
 0.11475751E+00
 0.11623911E+00
 0.11673079E+00
 0.11765035E+00
 0.11882281E+00
 0.11910942E+00
 0.11947470E+00
 0.12002553E+00
 0.12049394E+00
 0.12092129E+00
 0.12121539E+00
 0.12221906E+00
 0.12310028E+00
 0.12364622E+00
 0.12411294E+00
 0.12445008E+00
 0.12529682E+00
 0.12587272E+00
 0.12632087E+00
 0.12720082E+00
 0.12734521E+00
 0.12786546E+00
 0.12941052E+00
 0.12963530E+00
 0.13142087E+00
 0.13157423E+00
 0.13212791E+00
 0.13363241E+00
 0.13400882E+00
 0.13417309E+00
 0.13447205E+00
 0.13476129E+00
 0.13551941E+00
 0.13615460E+00
 0.13751997E+00
 0.13801988E+00
 0.13893508E+00
 0.13963513E+00
 0.14091375E+00
 0.14134659E+00
 0.14211066E+00
 0.14244550E+00
 0.14338462E+00
 0.14379445E+00
 0.14423725E+00
 0.14521445E+00
 0.14558334E+00
 0.14625442E+00
 0.14741267E+00
 0.14781538E+00
 0.14838124E+00
 0.14894187E+00
 0.14958533E+00
 0.15024747E+00
 0.15108799E+00
 0.15154372E+00
 0.15241950E+00
 0.15298732E+00
 0.15407212E+00
 0.15439658E+00
 0.15471867E+00
 0.15555706E+00
 0.15691967E+00
 0.15707432E+00
 0.15780974E+00
 0.15787496E+00
 0.15839572E+00
 0.15843681E+00
 0.15891664E+00
 0.15963894E+00
 0.16153909E+00
 0.16197590E+00
 0.16264134E+00
 0.16320645E+00
 0.16391622E+00
 0.16431454E+00
 0.16494093E+00
 0.16504904E+00
 0.16565775E+00
 0.16607680E+00
 0.16717063E+00
 0.16781606E+00
 0.16821746E+00
 0.16871579E+00
 0.16953016E+00
 0.16973042E+00
 0.17043901E+00
 0.17114801E+00
 0.17145863E+00
 0.17261671E+00
 0.17310319E+00
 0.17374310E+00
 0.17466496E+00
 0.17546243E+00
 0.17569020E+00
 0.17589557E+00
 0.17609862E+00
 0.17677614E+00
 0.17737865E+00
 0.17756064E+00
 0.17828546E+00
 0.17850849E+00
 0.17903351E+00
 0.17934830E+00
 0.18051805E+00
 0.18119525E+00
 0.18196337E+00
 0.18229797E+00
 0.18268777E+00
 0.18311206E+00
 0.18348512E+00
 0.18402078E+00
 0.18527362E+00
 0.18606814E+00
 0.18648926E+00
 0.18671304E+00
 0.18702665E+00
 0.18777482E+00
 0.18804088E+00
 0.18898681E+00
 0.18979584E+00
 0.19064075E+00
 0.19116372E+00
 0.19132633E+00
 0.19214965E+00
 0.19253867E+00
 0.19273684E+00
 0.19354295E+00
 0.19402930E+00
 0.19451456E+00
 0.19485794E+00
 0.19527051E+00
 0.19606877E+00
 0.19700114E+00
 0.19712481E+00
 0.19863861E+00
 0.19896861E+00
 0.19948848E+00
 0.20006002E+00
 0.20030825E+00
 0.20257915E+00
 0.20350362E+00
 0.20480639E+00
 0.20615497E+00
 0.20707271E+00
 0.20739349E+00
 0.20756197E+00
 0.20854769E+00
 0.20886378E+00
 0.20935867E+00
 0.21024684E+00
 0.21124850E+00
 0.21167700E+00
 0.21280290E+00
 0.21313754E+00
 0.21343248E+00
 0.21362981E+00
 0.21501765E+00
 0.21546711E+00
 0.21568551E+00
 0.21657748E+00
 0.21736324E+00
 0.21757552E+00
 0.21884812E+00
 0.21912217E+00
 0.21928101E+00
 0.22121404E+00
 0.22190755E+00
 0.22267959E+00
 0.22279592E+00
 0.22320209E+00
 0.22364077E+00
 0.22413454E+00
 0.22443288E+00
 0.22502170E+00
 0.22530992E+00
 0.22592076E+00
 0.22628952E+00
 0.22696145E+00
 0.22766367E+00
 0.22826796E+00
 0.22861472E+00
 0.23005217E+00
 0.23043443E+00
 0.23098444E+00
 0.23188771E+00
 0.23231057E+00
 0.23316823E+00
 0.23334325E+00
 0.23461132E+00
 0.23511111E+00
 0.23578572E+00
 0.23620973E+00
 0.23699253E+00
 0.23735087E+00
 0.23809460E+00
 0.23890042E+00
 0.23983562E+00
 0.24017567E+00
 0.24041745E+00
 0.24103292E+00
 0.24203764E+00
 0.24249477E+00
 0.24281656E+00
 0.24363649E+00
 0.24382412E+00
 0.24473755E+00
 0.24498936E+00
 0.24531341E+00
 0.24630819E+00
 0.24663832E+00
 0.24711679E+00
 0.24754861E+00
 0.24946343E+00
 0.24997016E+00
 0.25081583E+00
 0.25092408E+00
 0.25286524E+00
 0.25360257E+00
 0.25391676E+00
 0.25428560E+00
 0.25481438E+00
 0.25511309E+00
 0.25543685E+00
 0.25580428E+00
 0.25582400E+00
 0.25716581E+00
 0.25753098E+00
 0.25827507E+00
 0.25856233E+00
 0.25886434E+00
 0.25925101E+00
 0.25989132E+00
 0.26024826E+00
 0.26071522E+00
 0.26197005E+00
 0.26345359E+00
 0.26395317E+00
 0.26436760E+00
 0.26496160E+00
 0.26518049E+00
 0.26658329E+00
 0.26688255E+00
 0.26690146E+00
 0.26766537E+00
 0.26835343E+00
 0.26936338E+00
 0.27025227E+00
 0.27158937E+00
 0.27177169E+00
 0.27247247E+00
 0.27269569E+00
 0.27295816E+00
 0.27397425E+00
 0.27481111E+00
 0.27533211E+00
 0.27572333E+00
 0.27651182E+00
 0.27661447E+00
 0.27734472E+00
 0.27833959E+00
 0.27843697E+00
 0.27929790E+00
 0.27961762E+00
 0.27981701E+00
 0.28073636E+00
 0.28101560E+00
 0.28130887E+00
 0.28182417E+00
 0.28359710E+00
 0.28410605E+00
 0.28424580E+00
 0.28522325E+00
 0.28535058E+00
 0.28633423E+00
 0.28713859E+00
 0.28734075E+00
 0.28785871E+00
 0.28905202E+00
 0.28951543E+00
 0.29168795E+00
 0.29279588E+00
 0.29295826E+00
 0.29331955E+00
 0.29428502E+00
 0.29449517E+00
 0.29522773E+00
 0.29633534E+00
 0.29656562E+00
 0.29767963E+00
 0.29880234E+00
 0.29936043E+00
 0.30089925E+00
 0.30213272E+00
 0.30267625E+00
 0.30284643E+00
 0.30296570E+00
 0.30313479E+00
 0.30459536E+00
 0.30540981E+00
 0.30564949E+00
 0.30623406E+00
 0.30719191E+00
 0.30772566E+00
 0.30939427E+00
 0.31001463E+00
 0.31059551E+00
 0.31088193E+00
 0.31093471E+00
 0.31146839E+00
 0.31196994E+00
 0.31260087E+00
 0.31324207E+00
 0.31378252E+00
 0.31434306E+00
 0.31456647E+00
 0.31622341E+00
 0.31704014E+00
 0.31809858E+00
 0.31859071E+00
 0.31908188E+00
 0.31998965E+00
 0.32046454E+00
 0.32146880E+00
 0.32226347E+00
 0.32330326E+00
 0.32401776E+00
 0.32424602E+00
 0.32537475E+00
 0.32564595E+00
 0.32661264E+00
 0.32670804E+00
 0.32749232E+00
 0.32768306E+00
 0.32827025E+00
 0.32887604E+00
 0.32931072E+00
 0.33036051E+00
 0.33059234E+00
 0.33194391E+00
 0.33252516E+00
 0.33306261E+00
 0.33321548E+00
 0.33339634E+00
 0.33444684E+00
 0.33573396E+00
 0.33611761E+00
 0.33694140E+00
 0.33727300E+00
 0.33759861E+00
 0.33893750E+00
 0.33903213E+00
 0.34005573E+00
 0.34017850E+00
 0.34166204E+00
 0.34183720E+00
 0.34305806E+00
 0.34319249E+00
 0.34589224E+00
 0.34633092E+00
 0.34735448E+00
 0.34824758E+00
 0.34866170E+00
 0.34913678E+00
 0.34952450E+00
 0.35189597E+00
 0.35257557E+00
 0.35445899E+00
 0.35619297E+00
 0.35656200E+00
 0.35713238E+00
 0.35758046E+00
 0.35810852E+00
 0.35866068E+00
 0.35989232E+00
 0.36093805E+00
 0.36235718E+00
 0.36298533E+00
 0.36357204E+00
 0.36500334E+00
 0.36593054E+00
 0.36661681E+00
 0.36714366E+00
 0.36893100E+00
 0.37005651E+00
 0.37050363E+00
 0.37096180E+00
 0.37131822E+00
 0.37156807E+00
 0.37254631E+00
 0.37313129E+00
 0.37443026E+00
 0.37453435E+00
 0.37622371E+00
 0.37684978E+00
 0.37793810E+00
 0.37809189E+00
 0.38028469E+00
 0.38063939E+00
 0.38179517E+00
 0.38267766E+00
 0.38379015E+00
 0.38585358E+00
 0.38615194E+00
 0.38632347E+00
 0.38730863E+00
 0.38892990E+00
 0.38958951E+00
 0.38980239E+00
 0.39088041E+00
 0.39142342E+00
 0.39205372E+00
 0.39250515E+00
 0.39443850E+00
 0.39494335E+00
 0.39601561E+00
 0.39647903E+00
 0.39759724E+00
 0.39852863E+00
 0.40141519E+00
 0.40206704E+00
 0.40275151E+00
 0.40324864E+00
 0.40373143E+00
 0.40484834E+00
 0.40643074E+00
 0.40821144E+00
 0.40873301E+00
 0.40991341E+00
 0.41121830E+00
 0.41210526E+00
 0.41248049E+00
 0.41487655E+00
 0.41576095E+00
 0.41765871E+00
 0.41801964E+00
 0.41985968E+00
 0.42046715E+00
 0.42085079E+00
 0.42283068E+00
 0.42375740E+00
 0.42569054E+00
 0.42646427E+00
 0.42739400E+00
 0.43068015E+00
 0.43139479E+00
 0.43385236E+00
 0.43402612E+00
 0.43555612E+00
 0.43751199E+00
 0.43835245E+00
 0.43902991E+00
 0.43945550E+00
 0.43978121E+00
 0.44556244E+00
 0.44639332E+00
 0.44914990E+00
 0.44954931E+00
 0.45194160E+00
 0.45266983E+00
 0.45451947E+00
 0.45732428E+00
 0.45761209E+00
 0.45888342E+00
 0.45928785E+00
 0.46040742E+00
 0.46190280E+00
 0.46478615E+00
 0.46681211E+00
 0.46724972E+00
 0.46794638E+00
 0.46974615E+00
 0.47251671E+00
 0.47282829E+00
 0.47356588E+00
 0.47511723E+00
 0.47631975E+00
 0.47690353E+00
 0.47890263E+00
 0.48217559E+00
 0.48536989E+00
 0.48601609E+00
 0.48707768E+00
 0.48773905E+00
 0.48798483E+00
 0.49006538E+00
 0.49084978E+00
 0.49370175E+00
 0.49439982E+00
 0.49761325E+00
 0.50181071E+00
 0.50343526E+00
 0.50406092E+00
 0.50560606E+00
 0.50668239E+00
 0.50778224E+00
 0.50807697E+00
 0.51147882E+00
 0.51194155E+00
 0.51419781E+00
 0.51595110E+00
 0.51619436E+00
 0.51961418E+00
 0.52088596E+00
 0.52185768E+00
 0.52373232E+00
 0.52500352E+00
 0.52533759E+00
 0.52551422E+00
 0.52653234E+00
 0.52687962E+00
 0.52802651E+00
 0.53067581E+00
 0.53280672E+00
 0.53562377E+00
 0.53595575E+00
 0.53895459E+00
 0.54065597E+00
 0.54448043E+00
 0.54489821E+00
 0.54515235E+00
 0.54604612E+00
 0.54858995E+00
 0.54881630E+00
 0.54947694E+00
 0.55317423E+00
 0.55374068E+00
 0.55484572E+00
 0.56019167E+00
 0.56222055E+00
 0.56636115E+00
 0.56665485E+00
 0.57437907E+00
 0.57596357E+00
 0.58553176E+00
 0.58700264E+00
 0.59004202E+00
 0.59023167E+00
 0.59235694E+00
 0.59298836E+00
 0.60066723E+00
 0.60084050E+00
 0.60671084E+00
 0.60728235E+00
 0.62036326E+00
 0.62114372E+00
 0.62152610E+00
 0.62187340E+00
 0.62607303E+00
 0.62648966E+00
 0.62870987E+00
 0.62900986E+00
 0.62968375E+00
 0.63054846E+00
 0.63182521E+00
 0.63234756E+00
 0.63508098E+00
 0.63553006E+00
 0.63767779E+00
 0.63816271E+00
 0.64021899E+00
 0.64171601E+00
 0.64290600E+00
 0.64317434E+00
 0.64609306E+00
 0.64623272E+00
 0.64647648E+00
 0.64726924E+00
 0.64805742E+00
 0.64875012E+00
 0.64947722E+00
 0.64974183E+00
 0.65156830E+00
 0.65207177E+00
 0.65373525E+00
 0.65471447E+00
 0.65531782E+00
 0.65704943E+00
 0.65982941E+00
 0.66052547E+00
 0.66215277E+00
 0.66297604E+00
 0.66507978E+00
 0.66557147E+00
 0.66708949E+00
 0.66756274E+00
 0.67067543E+00
 0.67147490E+00
 0.67246584E+00
 0.67513043E+00
 0.67689094E+00
 0.67745186E+00
 0.67865791E+00
 0.67898666E+00
 0.67954276E+00
 0.68037640E+00
 0.68064458E+00
 0.68094087E+00
 0.68243907E+00
 0.68373175E+00
 0.68424054E+00
 0.68558886E+00
 0.68607806E+00
 0.68823284E+00
 0.68872746E+00
 0.68912072E+00
 0.69200762E+00
 0.69236465E+00
 0.69319202E+00
 0.69383672E+00
 0.69408094E+00
 0.69453256E+00
 0.69621236E+00
 0.69727078E+00
 0.69756496E+00
 0.69891129E+00
 0.70009931E+00
 0.70129882E+00
 0.70180298E+00
 0.70374006E+00
 0.70546145E+00
 0.70884280E+00
 0.70932498E+00
 0.71019999E+00
 0.71166684E+00
 0.71215712E+00
 0.71570523E+00
 0.71618254E+00
 0.71661259E+00
 0.71716673E+00
 0.71769944E+00
 0.71799043E+00
 0.71824766E+00
 0.71886357E+00
 0.72007980E+00
 0.72042924E+00
 0.72144900E+00
 0.72167912E+00
 0.72394664E+00
 0.72445835E+00
 0.72627033E+00
 0.72704797E+00
 0.72896313E+00
 0.73000940E+00
 0.73117260E+00
 0.73173665E+00
 0.73281833E+00
 0.73334968E+00
 0.73348479E+00
 0.73463228E+00
 0.73474217E+00
 0.73483742E+00
 0.73579576E+00
 0.73814594E+00
 0.73910532E+00
 0.73962712E+00
 0.74068147E+00
 0.74178774E+00
 0.74228060E+00
 0.74264020E+00
 0.74580240E+00
 0.74723546E+00
 0.74782868E+00
 0.75083149E+00
 0.75173600E+00
 0.75304457E+00
 0.75568835E+00
 0.75597180E+00
 0.75648979E+00
 0.75852882E+00
 0.75925771E+00
 0.76337337E+00
 0.76495453E+00
 0.76574632E+00
 0.76637139E+00
 0.76697164E+00
 0.76754936E+00
 0.76897987E+00
 0.77125841E+00
 0.77273882E+00
 0.77277850E+00
 0.77394593E+00
 0.77455130E+00
 0.77565380E+00
 0.77659706E+00
 0.77729849E+00
 0.77788402E+00
 0.78092649E+00
 0.78110602E+00
 0.78234270E+00
 0.78377011E+00
 0.78420191E+00
 0.78442667E+00
 0.78586187E+00
 0.78705688E+00
 0.78854738E+00
 0.78870286E+00
 0.79360076E+00
 0.79743219E+00
 0.79810273E+00
 0.80035855E+00
 0.80150434E+00
 0.80194537E+00
 0.80239057E+00
 0.80356781E+00
 0.80532662E+00
 0.80796562E+00
 0.80858417E+00
 0.81039230E+00
 0.81261878E+00
 0.81426202E+00
 0.81515673E+00
 0.81523677E+00
 0.81557091E+00
 0.81921179E+00
 0.82046346E+00
 0.82216465E+00
 0.82294104E+00
 0.82436635E+00
 0.82508278E+00
 0.82735245E+00
 0.83006988E+00
 0.83228342E+00
 0.83281426E+00
 0.83657898E+00
 0.83737352E+00
 0.83813978E+00
 0.83839012E+00
 0.83907605E+00
 0.83943899E+00
 0.84037270E+00
 0.84131474E+00
 0.84243713E+00
 0.84329050E+00
 0.84508072E+00
 0.84532206E+00
 0.84649353E+00
 0.84808835E+00
 0.85007415E+00
 0.85017678E+00
 0.85173087E+00
 0.85299246E+00
 0.85773217E+00
 0.85869524E+00
 0.85928137E+00
 0.86015728E+00
 0.86571244E+00
 0.86835243E+00
 0.86886390E+00
 0.86931746E+00
 0.87226938E+00
 0.87639224E+00
 0.87713528E+00
 0.87795054E+00
 0.87928013E+00
 0.88103071E+00
 0.88301092E+00
 0.88417257E+00
 0.88678742E+00
 0.88920725E+00
 0.89684864E+00
 0.89734866E+00
 0.89858134E+00
 0.90108886E+00
 0.90125733E+00
 0.90382291E+00
 0.90406209E+00
 0.90867665E+00
 0.90938613E+00
 0.91070941E+00
 0.91210093E+00
 0.91381440E+00
 0.91765525E+00
 0.91853136E+00
 0.92148444E+00
 0.92180812E+00
 0.92942133E+00
 0.93009427E+00
 0.93318667E+00
 0.93427898E+00
 0.93505802E+00
 0.93601318E+00
 0.93694458E+00
 0.93808900E+00
 0.94068035E+00
 0.94272617E+00
 0.94605366E+00
 0.94715227E+00
 0.94815554E+00
 0.94906015E+00
 0.95013558E+00
 0.95150621E+00
 0.95519801E+00
 0.95578779E+00
 0.95750648E+00
 0.95798651E+00
 0.95879363E+00
 0.96073000E+00
 0.96247893E+00
 0.96397428E+00
 0.96430311E+00
 0.96630723E+00
 0.96715006E+00
 0.97092930E+00
 0.97224971E+00
 0.97229457E+00
 0.97314083E+00
 0.97463298E+00
 0.97933183E+00
 0.98014486E+00
 0.98178373E+00
 0.98323275E+00
 0.98545172E+00
 0.98669393E+00
 0.98875913E+00
 0.98954973E+00
 0.99331508E+00
 0.99343138E+00
 0.99572210E+00
 0.99740710E+00
 0.99825578E+00
 0.99852482E+00
 0.99939521E+00
 0.10008563E+01
 0.10020770E+01
 0.10028334E+01
 0.10040821E+01
 0.10052925E+01
 0.10064410E+01
 0.10077255E+01
 0.10097131E+01
 0.10100255E+01
 0.10104149E+01
 0.10115127E+01
 0.10117902E+01
 0.10141866E+01
 0.10145292E+01
 0.10161042E+01
 0.10163254E+01
 0.10192303E+01
 0.10201107E+01
 0.10223341E+01
 0.10231532E+01
 0.10249368E+01
 0.10274554E+01
 0.10290305E+01
 0.10305581E+01
 0.10319773E+01
 0.10323076E+01
 0.10333906E+01
 0.10389145E+01
 0.10396921E+01
 0.10407682E+01
 0.10415086E+01
 0.10417335E+01
 0.10424827E+01
 0.10454175E+01
 0.10464806E+01
 0.10487691E+01
 0.10490531E+01
 0.10518127E+01
 0.10538225E+01
 0.10558066E+01
 0.10577824E+01
 0.10586986E+01
 0.10612447E+01
 0.10629628E+01
 0.10669519E+01
 0.10676108E+01
 0.10695938E+01
 0.10710725E+01
 0.10713524E+01
 0.10729893E+01
 0.10739953E+01
 0.10745275E+01
 0.10749894E+01
 0.10766034E+01
 0.10766294E+01
 0.10787606E+01
 0.10806428E+01
 0.10810749E+01
 0.10823789E+01
 0.10829519E+01
 0.10861670E+01
 0.10864304E+01
 0.10869257E+01
 0.10931352E+01
 0.10973263E+01
 0.10978471E+01
 0.10981990E+01
 0.11005358E+01
 0.11019986E+01
 0.11048540E+01
 0.11060575E+01
 0.11062273E+01
 0.11087252E+01
 0.11118460E+01
 0.11130406E+01
 0.11159935E+01
 0.11173408E+01
 0.11177527E+01
 0.11207013E+01
 0.11210564E+01
 0.11263927E+01
 0.11272105E+01
 0.11280692E+01
 0.11289805E+01
 0.11314366E+01
 0.11316559E+01
 0.11322076E+01
 0.11326932E+01
 0.11360552E+01
 0.11367263E+01
 0.11376803E+01
 0.11399018E+01
 0.11406894E+01
 0.11410266E+01
 0.11429967E+01
 0.11436201E+01
 0.11444481E+01
 0.11460423E+01
 0.11491808E+01
 0.11494472E+01
 0.11499354E+01
 0.11500381E+01
 0.11533749E+01
 0.11552484E+01
 0.11578746E+01
 0.11580815E+01
 0.11583368E+01
 0.11615495E+01
 0.11634197E+01
 0.11641607E+01
 0.11655421E+01
 0.11672795E+01
 0.11680355E+01
 0.11685812E+01
 0.11692092E+01
 0.11731965E+01
 0.11743847E+01
 0.11753972E+01
 0.11797151E+01
 0.11803008E+01
 0.11837982E+01
 0.11844346E+01
 0.11862433E+01
 0.11889892E+01
 0.11899153E+01
 0.11926178E+01
 0.11929416E+01
 0.11960495E+01
 0.11984475E+01
 0.12004557E+01
 0.12016290E+01
 0.12025323E+01
 0.12061676E+01
 0.12122659E+01
 0.12134665E+01
 0.12163723E+01
 0.12175099E+01
 0.12183350E+01
 0.12191309E+01
 0.12212647E+01
 0.12220284E+01
 0.12226944E+01
 0.12240341E+01
 0.12241599E+01
 0.12289704E+01
 0.12297237E+01
 0.12302523E+01
 0.12318968E+01
 0.12325856E+01
 0.12337305E+01
 0.12369283E+01
 0.12382378E+01
 0.12404664E+01
 0.12431453E+01
 0.12432752E+01
 0.12436211E+01
 0.12447544E+01
 0.12452501E+01
 0.12467687E+01
 0.12479668E+01
 0.12486045E+01
 0.12489325E+01
 0.12495551E+01
 0.12509665E+01
 0.12540971E+01
 0.12543835E+01
 0.12553997E+01
 0.12564271E+01
 0.12573334E+01
 0.12585835E+01
 0.12595183E+01
 0.12618746E+01
 0.12621402E+01
 0.12629855E+01
 0.12640536E+01
 0.12656713E+01
 0.12661655E+01
 0.12674074E+01
 0.12686039E+01
 0.12692404E+01
 0.12695195E+01
 0.12724653E+01
 0.12739454E+01
 0.12742690E+01
 0.12755549E+01
 0.12766624E+01
 0.12781777E+01
 0.12786549E+01
 0.12805243E+01
 0.12808160E+01
 0.12822043E+01
 0.12829195E+01
 0.12835796E+01
 0.12839397E+01
 0.12863487E+01
 0.12867420E+01
 0.12882052E+01
 0.12882282E+01
 0.12896441E+01
 0.12907377E+01
 0.12917035E+01
 0.12940142E+01
 0.12955443E+01
 0.12966518E+01
 0.12970532E+01
 0.12981925E+01
 0.12986260E+01
 0.13027732E+01
 0.13032986E+01
 0.13052531E+01
 0.13066897E+01
 0.13071968E+01
 0.13094373E+01
 0.13146201E+01
 0.13154596E+01
 0.13163820E+01
 0.13175944E+01
 0.13176950E+01
 0.13188756E+01
 0.13198733E+01
 0.13230924E+01
 0.13248465E+01
 0.13283159E+01
 0.13289739E+01
 0.13296592E+01
 0.13315672E+01
 0.13325009E+01
 0.13347265E+01
 0.13367320E+01
 0.13381882E+01
 0.13390423E+01
 0.13392332E+01
 0.13412035E+01
 0.13417716E+01
 0.13446836E+01
 0.13457179E+01
 0.13488769E+01
 0.13498012E+01
 0.13514018E+01
 0.13515552E+01
 0.13521361E+01
 0.13521681E+01
 0.13558572E+01
 0.13569667E+01
 0.13571465E+01
 0.13634663E+01
 0.13642085E+01
 0.13650601E+01
 0.13654934E+01
 0.13672463E+01
 0.13696321E+01
 0.13760274E+01
 0.13772563E+01
 0.13817217E+01
 0.13826378E+01
 0.13832610E+01
 0.13836900E+01
 0.13865662E+01
 0.13880095E+01
 0.13885190E+01
 0.13921360E+01
 0.13964913E+01
 0.13980279E+01
 0.13990877E+01
 0.14008853E+01
 0.14037769E+01
 0.14041448E+01
 0.14057534E+01
 0.14077134E+01
 0.14142284E+01
 0.14143270E+01
 0.14175562E+01
 0.14179013E+01
 0.14238561E+01
 0.14244424E+01
 0.14405897E+01
 0.14426906E+01
 0.14430728E+01
 0.14439004E+01
 0.14462220E+01
 0.14478676E+01
 0.14492503E+01
 0.14535365E+01
 0.14545973E+01
 0.14553404E+01
 0.14613798E+01
 0.14621439E+01
 0.14694874E+01
 0.14701834E+01
 0.14727021E+01
 0.14730002E+01
 0.14778934E+01
 0.14786113E+01
 0.14804122E+01
 0.14824478E+01
 0.14864865E+01
 0.14889085E+01
 0.14897283E+01
 0.14930263E+01
 0.15031548E+01
 0.15043415E+01
 0.15074113E+01
 0.15075358E+01
 0.15086477E+01
 0.15094625E+01
 0.15117338E+01
 0.15128230E+01
 0.15135967E+01
 0.15142492E+01
 0.15166725E+01
 0.15226717E+01
 0.15230202E+01
 0.15282733E+01
 0.15285380E+01
 0.15355610E+01
 0.15357389E+01
 0.15372952E+01
 0.15379966E+01
 0.15413173E+01
 0.15442867E+01
 0.15466325E+01
 0.15488533E+01
 0.15518963E+01
 0.15531923E+01
 0.15686208E+01
 0.15686881E+01
 0.15705581E+01
 0.15721937E+01
 0.15777501E+01
 0.15795109E+01
 0.15814054E+01
 0.15872648E+01
 0.15873772E+01
 0.15880741E+01
 0.15893257E+01
 0.15908735E+01
 0.15927089E+01
 0.15947190E+01
 0.15963207E+01
 0.15973421E+01
 0.16014838E+01
 0.16016544E+01
 0.16050329E+01
 0.16052409E+01
 0.16055965E+01
 0.16067190E+01
 0.16097727E+01
 0.16103527E+01
 0.16136879E+01
 0.16153343E+01
 0.16186013E+01
 0.16352491E+01
 0.16355824E+01
 0.16386742E+01
 0.16417636E+01
 0.16420141E+01
 0.16422498E+01
 0.16424375E+01
 0.16432410E+01
 0.16435309E+01
 0.16437293E+01
 0.16448321E+01
 0.16454141E+01
 0.16454866E+01
 0.16463834E+01
 0.16470697E+01
 0.16497037E+01
 0.16518135E+01
 0.16538429E+01
 0.16573341E+01
 0.16581593E+01
 0.16583685E+01
 0.16628928E+01
 0.16670188E+01
 0.16678155E+01
 0.16678803E+01
 0.16693226E+01
 0.16706395E+01
 0.16729955E+01
 0.16731685E+01
 0.16775957E+01
 0.16779195E+01
 0.16790421E+01
 0.16829509E+01
 0.16864785E+01
 0.16933586E+01
 0.16944039E+01
 0.16974055E+01
 0.17011197E+01
 0.17037741E+01
 0.17038304E+01
 0.17056451E+01
 0.17077390E+01
 0.17079010E+01
 0.17087724E+01
 0.17096143E+01
 0.17096499E+01
 0.17132530E+01
 0.17137987E+01
 0.17142318E+01
 0.17144817E+01
 0.17161875E+01
 0.17163939E+01
 0.17188223E+01
 0.17190731E+01
 0.17251168E+01
 0.17252207E+01
 0.17276554E+01
 0.17285876E+01
 0.17293926E+01
 0.17296304E+01
 0.17320029E+01
 0.17323606E+01
 0.17340706E+01
 0.17346532E+01
 0.17370466E+01
 0.17378022E+01
 0.17435422E+01
 0.17437929E+01
 0.17450522E+01
 0.17462089E+01
 0.17504068E+01
 0.17505897E+01
 0.17539436E+01
 0.17543560E+01
 0.17566460E+01
 0.17568822E+01
 0.17574262E+01
 0.17591372E+01
 0.17613863E+01
 0.17617501E+01
 0.17622710E+01
 0.17631512E+01
 0.17646987E+01
 0.17676086E+01
 0.17696535E+01
 0.17704422E+01
 0.17711310E+01
 0.17724030E+01
 0.17771980E+01
 0.17774358E+01
 0.17778558E+01
 0.17800460E+01
 0.17803089E+01
 0.17833869E+01
 0.17848808E+01
 0.17850787E+01
 0.17881654E+01
 0.17918643E+01
 0.17935093E+01
 0.17938058E+01
 0.17946310E+01
 0.17951205E+01
 0.17954390E+01
 0.17955268E+01
 0.17957809E+01
 0.17967490E+01
 0.17986632E+01
 0.17987392E+01
 0.17994615E+01
 0.17996533E+01
 0.18008930E+01
 0.18012867E+01
 0.18046394E+01
 0.18064035E+01
 0.18065339E+01
 0.18072404E+01
 0.18082784E+01
 0.18090124E+01
 0.18103428E+01
 0.18106298E+01
 0.18134436E+01
 0.18137173E+01
 0.18154778E+01
 0.18157516E+01
 0.18171560E+01
 0.18188406E+01
 0.18201565E+01
 0.18216429E+01
 0.18266723E+01
 0.18271540E+01
 0.18315715E+01
 0.18328838E+01
 0.18336792E+01
 0.18362657E+01
 0.18400077E+01
 0.18410559E+01
 0.18423838E+01
 0.18429589E+01
 0.18440996E+01
 0.18456732E+01
 0.18488307E+01
 0.18505422E+01
 0.18509653E+01
 0.18563170E+01
 0.18566653E+01
 0.18578786E+01
 0.18595881E+01
 0.18606868E+01
 0.18613466E+01
 0.18689849E+01
 0.18697642E+01
 0.18704792E+01
 0.18711632E+01
 0.18745127E+01
 0.18797881E+01
 0.18799159E+01
 0.18816671E+01
 0.18823753E+01
 0.18831734E+01
 0.18841420E+01
 0.18855425E+01
 0.18862695E+01
 0.18914225E+01
 0.18953362E+01
 0.18957876E+01
 0.18968190E+01
 0.19003287E+01
 0.19021018E+01
 0.19033264E+01
 0.19035477E+01
 0.19042576E+01
 0.19066349E+01
 0.19069817E+01
 0.19070995E+01
 0.19095418E+01
 0.19105997E+01
 0.19122357E+01
 0.19131059E+01
 0.19178421E+01
 0.19222535E+01
 0.19235767E+01
 0.19253515E+01
 0.19293006E+01
 0.19293479E+01
 0.19330813E+01
 0.19362605E+01
 0.19412956E+01
 0.19475284E+01
 0.19484738E+01
 0.19503900E+01
 0.19539276E+01
 0.19564122E+01
 0.19591226E+01
 0.19616948E+01
 0.19658186E+01
 0.19670061E+01
 0.19681552E+01
 0.19732016E+01
 0.19765044E+01
 0.19787242E+01
 0.19798343E+01
 0.19812902E+01
 0.19821089E+01
 0.19824660E+01
 0.19831704E+01
 0.19894902E+01
 0.19939640E+01
 0.19944956E+01
 0.19957768E+01
 0.19962107E+01
 0.20007565E+01
 0.20033046E+01
 0.20063514E+01
 0.20080837E+01
 0.20096832E+01
 0.20112467E+01
 0.20130141E+01
 0.20143753E+01
 0.20152733E+01
 0.20166306E+01
 0.20230960E+01
 0.20246987E+01
 0.20275709E+01
 0.20283198E+01
 0.20290803E+01
 0.20310154E+01
 0.20321253E+01
 0.20336463E+01
 0.20337511E+01
 0.20343633E+01
 0.20346002E+01
 0.20366533E+01
 0.20378910E+01
 0.20389565E+01
 0.20452091E+01
 0.20468884E+01
 0.20475818E+01
 0.20480390E+01
 0.20499524E+01
 0.20517175E+01
 0.20538412E+01
 0.20552509E+01
 0.20615302E+01
 0.20638673E+01
 0.20695936E+01
 0.20702875E+01
 0.20746846E+01
 0.20747947E+01
 0.20750093E+01
 0.20770661E+01
 0.20784960E+01
 0.20795451E+01
 0.20808641E+01
 0.20829001E+01
 0.20836290E+01
 0.20837103E+01
 0.20843397E+01
 0.20859839E+01
 0.20889196E+01
 0.20940310E+01
 0.20961644E+01
 0.20965085E+01
 0.20973212E+01
 0.20990179E+01
 0.20990666E+01
 0.20996238E+01
 0.21016384E+01
 0.21017980E+01
 0.21048879E+01
 0.21079621E+01
 0.21113936E+01
 0.21124065E+01
 0.21127913E+01
 0.21135378E+01
 0.21165332E+01
 0.21186151E+01
 0.21193357E+01
 0.21236369E+01
 0.21239539E+01
 0.21272644E+01
 0.21297351E+01
 0.21320836E+01
 0.21354333E+01
 0.21359133E+01
 0.21365099E+01
 0.21370034E+01
 0.21388251E+01
 0.21422253E+01
 0.21441477E+01
 0.21495359E+01
 0.21496749E+01
 0.21515497E+01
 0.21529207E+01
 0.21532242E+01
 0.21532810E+01
 0.21581357E+01
 0.21582609E+01
 0.21610604E+01
 0.21638841E+01
 0.21701582E+01
 0.21708815E+01
 0.21710346E+01
 0.21718721E+01
 0.21732434E+01
 0.21778174E+01
 0.21795565E+01
 0.21894250E+01
 0.21895671E+01
 0.21932806E+01
 0.21959618E+01
 0.21996964E+01
 0.22004154E+01
 0.22027430E+01
 0.22078038E+01
 0.22102537E+01
 0.22109574E+01
 0.22136374E+01
 0.22179928E+01
 0.22192558E+01
 0.22196580E+01
 0.22245248E+01
 0.22246112E+01
 0.22271522E+01
 0.22288020E+01
 0.22342200E+01
 0.22369387E+01
 0.22372584E+01
 0.22381696E+01
 0.22392271E+01
 0.22392390E+01
 0.22415774E+01
 0.22467364E+01
 0.22480315E+01
 0.22484393E+01
 0.22497153E+01
 0.22500007E+01
 0.22555617E+01
 0.22561174E+01
 0.22569427E+01
 0.22584849E+01
 0.22634973E+01
 0.22653081E+01
 0.22746177E+01
 0.22766507E+01
 0.22797944E+01
 0.22802326E+01
 0.22862625E+01
 0.22906809E+01
 0.22980715E+01
 0.22999498E+01
 0.23013078E+01
 0.23081084E+01
 0.23098262E+01
 0.23135969E+01
 0.23137539E+01
 0.23151378E+01
 0.23156334E+01
 0.23180925E+01
 0.23185415E+01
 0.23195135E+01
 0.23199137E+01
 0.23219876E+01
 0.23227135E+01
 0.23236590E+01
 0.23291297E+01
 0.23329767E+01
 0.23341372E+01
 0.23367338E+01
 0.23373619E+01
 0.23382138E+01
 0.23400915E+01
 0.23415553E+01
 0.23416052E+01
 0.23466970E+01
 0.23485631E+01
 0.23492910E+01
 0.23535291E+01
 0.23539127E+01
 0.23587751E+01
 0.23590245E+01
 0.23698566E+01
 0.23731947E+01
 0.23733370E+01
 0.23751169E+01
 0.23783226E+01
 0.23789924E+01
 0.23822300E+01
 0.23823331E+01
 0.23848266E+01
 0.23861829E+01
 0.23895908E+01
 0.23915711E+01
 0.23934418E+01
 0.23938158E+01
 0.23967533E+01
 0.23968214E+01
 0.23972682E+01
 0.23988343E+01
 0.23989273E+01
 0.24007085E+01
 0.24094994E+01
 0.24117456E+01
 0.24137576E+01
 0.24152480E+01
 0.24182746E+01
 0.24183671E+01
 0.24206117E+01
 0.24215129E+01
 0.24221876E+01
 0.24268211E+01
 0.24345435E+01
 0.24363657E+01
 0.24386643E+01
 0.24410962E+01
 0.24447881E+01
 0.24460326E+01
 0.24490726E+01
 0.24512266E+01
 0.24530446E+01
 0.24573694E+01
 0.24582175E+01
 0.24623547E+01
 0.24650355E+01
 0.24779172E+01
 0.24787373E+01
 0.24809445E+01
 0.24825123E+01
 0.24831474E+01
 0.24856763E+01
 0.24885679E+01
 0.24942859E+01
 0.24947352E+01
 0.24952382E+01
 0.24995231E+01
 0.25037028E+01
 0.25059744E+01
 0.25115535E+01
 0.25124095E+01
 0.25176487E+01
 0.25193710E+01
 0.25208439E+01
 0.25243148E+01
 0.25276448E+01
 0.25277902E+01
 0.25299211E+01
 0.25301481E+01
 0.25335442E+01
 0.25387874E+01
 0.25413273E+01
 0.25436832E+01
 0.25439182E+01
 0.25474013E+01
 0.25519192E+01
 0.25547854E+01
 0.25602100E+01
 0.25621152E+01
 0.25640499E+01
 0.25644319E+01
 0.25741752E+01
 0.25751501E+01
 0.25770388E+01
 0.25835337E+01
 0.25862013E+01
 0.25882125E+01
 0.25923977E+01
 0.25928864E+01
 0.25962218E+01
 0.25994865E+01
 0.25995882E+01
 0.25999843E+01
 0.26008312E+01
 0.26022588E+01
 0.26192908E+01
 0.26203531E+01
 0.26268706E+01
 0.26285074E+01
 0.26314833E+01
 0.26379666E+01
 0.26410763E+01
 0.26422746E+01
 0.26485352E+01
 0.26507032E+01
 0.26524622E+01
 0.26539448E+01
 0.26600438E+01
 0.26622136E+01
 0.26623518E+01
 0.26657911E+01
 0.26723007E+01
 0.26754205E+01
 0.26762050E+01
 0.26764680E+01
 0.26828551E+01
 0.26840620E+01
 0.26845933E+01
 0.26859498E+01
 0.26877859E+01
 0.26895082E+01
 0.26909624E+01
 0.26965956E+01
 0.26966418E+01
 0.26993818E+01
 0.27007222E+01
 0.27011804E+01
 0.27042797E+01
 0.27105194E+01
 0.27108127E+01
 0.27118172E+01
 0.27138800E+01
 0.27144619E+01
 0.27164242E+01
 0.27166549E+01
 0.27238495E+01
 0.27286432E+01
 0.27292688E+01
 0.27299614E+01
 0.27335602E+01
 0.27392530E+01
 0.27416831E+01
 0.27422343E+01
 0.27514865E+01
 0.27562291E+01
 0.27639292E+01
 0.27666423E+01
 0.27677594E+01
 0.27687520E+01
 0.27708570E+01
 0.27712438E+01
 0.27777292E+01
 0.27783872E+01
 0.27811173E+01
 0.27828198E+01
 0.27890265E+01
 0.27900691E+01
 0.27936470E+01
 0.27944360E+01
 0.28011336E+01
 0.28039648E+01
 0.28120913E+01
 0.28133260E+01
 0.28160987E+01
 0.28168934E+01
 0.28219609E+01
 0.28225317E+01
 0.28226330E+01
 0.28228005E+01
 0.28274004E+01
 0.28298197E+01
 0.28307653E+01
 0.28324901E+01
 0.28330712E+01
 0.28355957E+01
 0.28391921E+01
 0.28454440E+01
 0.28458711E+01
 0.28461873E+01
 0.28508221E+01
 0.28518420E+01
 0.28525812E+01
 0.28561038E+01
 0.28697661E+01
 0.28791519E+01
 0.28871095E+01
 0.28886990E+01
 0.28922902E+01
 0.28923186E+01
 0.28931610E+01
 0.28953785E+01
 0.28968298E+01
 0.28979522E+01
 0.29005529E+01
 0.29006649E+01
 0.29102907E+01
 0.29115844E+01
 0.29217742E+01
 0.29266583E+01
 0.29279848E+01
 0.29299003E+01
 0.29314402E+01
 0.29342674E+01
 0.29393621E+01
 0.29425739E+01
 0.29481374E+01
 0.29494851E+01
 0.29576363E+01
 0.29584959E+01
 0.29618066E+01
 0.29667718E+01
 0.29681613E+01
 0.29682937E+01
 0.29767353E+01
 0.29829918E+01
 0.29859637E+01
 0.29864133E+01
 0.29978714E+01
 0.29990348E+01
 0.30020497E+01
 0.30032796E+01
 0.30081481E+01
 0.30134372E+01
 0.30160080E+01
 0.30240434E+01
 0.30253995E+01
 0.30301602E+01
 0.30325410E+01
 0.30376676E+01
 0.30540162E+01
 0.30563623E+01
 0.30608290E+01
 0.30631182E+01
 0.30649679E+01
 0.30657106E+01
 0.30672062E+01
 0.30681751E+01
 0.30830248E+01
 0.30836246E+01
 0.30921161E+01
 0.30921862E+01
 0.30979532E+01
 0.31060160E+01
 0.31274519E+01
 0.31316924E+01
 0.31327961E+01
 0.31351466E+01
 0.31506436E+01
 0.31539850E+01
 0.31576642E+01
 0.31588049E+01
 0.31702325E+01
 0.31705517E+01
 0.31733825E+01
 0.31741675E+01
 0.31916995E+01
 0.31967715E+01
 0.31976993E+01
 0.32030710E+01
 0.32061779E+01
 0.32075963E+01
 0.32111235E+01
 0.32129394E+01
 0.32229536E+01
 0.32241254E+01
 0.32325311E+01
 0.32388838E+01
 0.32422677E+01
 0.32458702E+01
 0.32548040E+01
 0.32586705E+01
 0.32599989E+01
 0.32689337E+01
 0.32730705E+01
 0.32743520E+01
 0.32757410E+01
 0.32839335E+01
 0.32846734E+01
 0.32865685E+01
 0.33061402E+01
 0.33123816E+01
 0.33210250E+01
 0.33221044E+01
 0.33262114E+01
 0.33309714E+01
 0.33340921E+01
 0.33384118E+01
 0.33400209E+01
 0.33466658E+01
 0.33472001E+01
 0.33673163E+01
 0.33815132E+01
 0.33823404E+01
 0.33837778E+01
 0.33839600E+01
 0.34040012E+01
 0.34049963E+01
 0.34134844E+01
 0.34157126E+01
 0.34235069E+01
 0.34237353E+01
 0.34411126E+01
 0.34415077E+01
 0.34464316E+01
 0.34655875E+01
 0.34681337E+01
 0.34681772E+01
 0.34707947E+01
 0.34713303E+01
 0.34793437E+01
 0.34794630E+01
 0.34844409E+01
 0.34898235E+01
 0.34912107E+01
 0.34938943E+01
 0.35182705E+01
 0.35198154E+01
 0.35207825E+01
 0.35246275E+01
 0.35255651E+01
 0.35400642E+01
 0.35570822E+01
 0.35571990E+01
 0.35676523E+01
 0.35727695E+01
 0.35785793E+01
 0.35823295E+01
 0.35916667E+01
 0.36139281E+01
 0.39070928E+01
 0.39075791E+01
 0.39209912E+01
 0.39224523E+01
 0.39309052E+01
 0.39318182E+01
 0.39421046E+01
 0.39424242E+01
 0.39717486E+01
 0.39729695E+01
 0.39772170E+01
 0.39778552E+01
 0.39801856E+01
 0.39802564E+01
 0.40067878E+01
 0.40071520E+01
 0.40122063E+01
 0.40126290E+01
 0.40164188E+01
 0.40172385E+01
 0.40486715E+01
 0.40505177E+01
 0.41231962E+01
 0.41244530E+01
 0.42315819E+01
 0.42318151E+01
 0.42390138E+01
 0.42402254E+01
 0.42467162E+01
 0.42471164E+01
 0.42502347E+01
 0.42504751E+01
 0.42578637E+01
 0.42583660E+01
 0.42604629E+01
 0.42607246E+01
 0.42729365E+01
 0.42732118E+01
 0.42819549E+01
 0.42834620E+01
 0.42880928E+01
 0.42882837E+01
 0.42946134E+01
 0.42949992E+01
 0.42965745E+01
 0.42966752E+01
 0.43025978E+01
 0.43032321E+01
 0.43085837E+01
 0.43105935E+01
 0.43155636E+01
 0.43158864E+01
 0.43264120E+01
 0.43301600E+01
 0.43447410E+01
 0.43449525E+01
 0.43463110E+01
 0.43483292E+01
 0.43497561E+01
 0.43501885E+01
 0.43531882E+01
 0.43538667E+01
 0.43578791E+01
 0.43602308E+01
 0.43667766E+01
 0.43695659E+01
 0.43715568E+01
 0.43717332E+01
 0.43794768E+01
 0.43831013E+01
 0.43855726E+01
 0.43860613E+01
 0.44015630E+01
 0.44026727E+01
 0.44192467E+01
 0.44197577E+01
 0.44415543E+01
 0.44434609E+01
 0.44546702E+01
 0.44568935E+01
 0.44615400E+01
 0.44635894E+01
 0.44680573E+01
 0.44702607E+01
 0.44805580E+01
 0.44822064E+01
 0.44983143E+01
 0.44987016E+01
 0.45114942E+01
 0.45134965E+01
 0.45301387E+01
 0.45306258E+01
 0.45429495E+01
 0.45454841E+01
 0.45523713E+01
 0.45531966E+01
 0.45630189E+01
 0.45649268E+01
 0.45822822E+01
 0.45830967E+01
 0.45959351E+01
 0.45973544E+01
 0.46134306E+01
 0.46203916E+01
 0.46346827E+01
 0.46386426E+01
 0.46396841E+01
 0.46464924E+01
 0.46467826E+01
 0.46499136E+01
 0.46504276E+01
 0.46583983E+01
 0.46593511E+01
 0.46771696E+01
 0.46837046E+01
 0.46878090E+01
 0.47003525E+01
 0.47015949E+01
 0.47395828E+01
 0.47408392E+01
 0.47761862E+01
 0.47784692E+01
 0.47844474E+01
 0.47919047E+01
 0.47935268E+01
 0.47949769E+01
 0.48042344E+01
 0.48085492E+01
 0.49345179E+01
 0.49350178E+01
 0.49605262E+01
 0.49614219E+01
 0.49672311E+01
 0.49706638E+01
 0.49857463E+01
 0.49873313E+01
 0.50108520E+01
 0.50110203E+01
 0.56441691E+01
 0.56453264E+01
 0.56610573E+01
 0.56613887E+01
 0.67978831E+01
 0.68557993E+01
 0.69588875E+01
 0.69599960E+01
