     446    495       -0.00017
     448    495        0.00012
     450    495        0.00014
     450    497       -0.00010
     452    495       -0.00022
     452    497        0.00016
     455    495        0.00057
     455    497       -0.00053
     457    497        0.00016
     459    495       -0.00012
     464    495       -0.00048
     466    495        0.00029
     468    495        0.00030
     470    495       -0.00046
     470    497        0.00011
     470    500       -0.00010
     471    495        0.00019
     473    495        0.00159
     473    497       -0.00086
     475    495       -0.00030
     475    497        0.00023
     477    497       -0.00016
     480    495       -0.00018
     482    495        0.00271
     482    497       -0.00129
     482    500        0.00025
     482    501       -0.00013
     484    495        0.00167
     484    497       -0.00051
     484    500        0.00012
     486    495       -0.00417
     486    497        0.00178
     486    500       -0.00035
     486    501        0.00019
     488    495        0.01842
     488    497       -0.00873
     488    498        0.00012
     488    500        0.00024
     488    501       -0.00058
     488    503        0.00021
     488    505        0.00026
     488    507       -0.00013
     489    495        0.00557
     489    497       -0.00079
     489    499       -0.00013
     489    500        0.00186
     489    501       -0.00053
     489    505       -0.00022
     492    495        0.69360
     492    496        0.00014
     492    497       -0.12930
     492    498        0.00175
     492    499       -0.00028
     492    500        0.00422
     492    501       -0.00510
     492    503        0.00101
     492    505        0.00137
     492    506       -0.00034
     492    507       -0.00113
     492    513       -0.00016
     492    515        0.00064
     492    516        0.00022
     492    525       -0.00017
     492    527        0.00017
     492    529       -0.00018
     492    533       -0.00011
     492    535       -0.00037
     492    539       -0.00019
     492    541       -0.00012
     492    544       -0.00026
     492    548        0.00010
     492    549        0.00013
     494    495       -0.01975
     494    497        0.01458
     494    498       -0.00020
     494    499       -0.00206
     494    500        0.03165
     494    501       -0.00753
     494    503        0.00032
