     437    498       -0.00011
     445    496       -0.00013
     447    496       -0.00019
     449    496        0.00023
     449    498        0.00019
     451    496       -0.00038
     451    498       -0.00031
     453    496        0.00047
     453    498        0.00042
     458    496       -0.00023
     458    498       -0.00019
     459    498       -0.00013
     460    498       -0.00018
     463    496       -0.00039
     465    496        0.00040
     465    498        0.00011
     467    496        0.00012
     469    496        0.00048
     469    498        0.00015
     469    506        0.00010
     472    496        0.00020
     474    496       -0.00174
     474    498       -0.00096
     474    499        0.00013
     474    502       -0.00010
     476    496        0.00048
     476    498        0.00036
     478    496       -0.00024
     478    498       -0.00029
     479    496        0.00014
     481    496        0.00308
     481    498        0.00153
     481    499       -0.00031
     481    502        0.00014
     483    496       -0.00059
     485    496        0.00460
     485    498        0.00210
     485    499       -0.00060
     485    502        0.00024
     487    496        0.01691
     487    497        0.00010
     487    498        0.00735
     487    499       -0.00243
     487    500       -0.00016
     487    502        0.00098
     487    504        0.00019
     487    506       -0.00014
     490    496        0.00860
     490    498        0.00582
     490    499        0.00365
     490    500        0.00024
     490    502       -0.00054
     490    504        0.00011
     490    506       -0.00035
     490    508       -0.00012
     491    495       -0.00015
     491    496        0.68421
     491    497        0.00210
     491    498        0.14089
     491    499       -0.00664
     491    500       -0.00044
     491    502        0.00565
     491    504        0.00132
     491    505       -0.00044
     491    506       -0.00178
     491    508       -0.00102
     491    515       -0.00023
     491    516        0.00068
     491    525        0.00013
     491    526        0.00017
     491    531        0.00016
     491    532       -0.00019
     491    536       -0.00040
     491    540       -0.00020
     491    542       -0.00016
     491    543        0.00014
     491    545       -0.00019
     491    546        0.00014
     493    496       -0.02166
     493    497       -0.00013
     493    498       -0.00897
     493    499       -0.10246
     493    500       -0.00681
     493    502        0.01745
     493    504        0.00112
     493    506       -0.00030
     493    514        0.00014
     493    516        0.00012
     494    499        0.00013
