     248    500       -0.00014
     264    500        0.00010
     383    500       -0.00010
     438    500       -0.00030
     448    500       -0.00012
     452    500        0.00015
     455    500       -0.00033
     457    500        0.00034
     457    501       -0.00013
     459    500       -0.00015
     460    500        0.00011
     462    500       -0.00011
     464    497        0.00036
     464    500        0.00046
     464    501       -0.00022
     466    497       -0.00028
     466    500       -0.00021
     466    501        0.00012
     468    497       -0.00017
     468    500       -0.00025
     470    497        0.00029
     470    500        0.00028
     470    501       -0.00012
     470    505        0.00011
     471    497       -0.00020
     471    500       -0.00029
     471    501        0.00015
     473    500        0.00034
     473    501       -0.00014
     475    495       -0.00012
     475    497        0.00015
     475    500       -0.00016
     482    495        0.00021
     482    497       -0.00035
     482    500        0.00051
     482    501       -0.00019
     484    495        0.00037
     484    497       -0.00073
     484    500        0.00044
     484    501       -0.00013
     484    505       -0.00017
     484    525        0.00011
     486    495       -0.00052
     486    497        0.00050
     486    499        0.00014
     486    500       -0.00216
     486    501        0.00075
     488    495       -0.00127
     488    497        0.00136
     488    500        0.00109
     488    501       -0.00035
     489    495        0.00460
     489    497        0.00042
     489    499       -0.00164
     489    500        0.02489
     489    501       -0.00798
     489    503        0.00087
     489    505        0.00032
     489    507        0.00014
     489    513        0.00021
     489    515        0.00012
     489    525        0.00012
     492    495       -0.03047
     492    497        0.01160
     492    498       -0.00014
     492    499       -0.00196
     492    500        0.02972
     492    501       -0.00886
     492    503        0.00080
     492    505        0.00027
     492    507        0.00014
     492    513        0.00017
     493    500        0.00103
     493    501       -0.00015
     494    495       -0.01468
     494    497       -0.05390
     494    498        0.00077
     494    499       -0.04536
     494    500        0.68674
     494    501       -0.14280
     494    503        0.00770
     494    505        0.00302
     494    506       -0.00074
     494    507        0.00051
     494    512       -0.00020
     494    513        0.00095
     494    515        0.00048
     494    516        0.00017
     494    519        0.00010
     494    527       -0.00012
     494    535       -0.00024
     494    544        0.00038
     494    545       -0.00013
     494    562        0.00011
     494    565        0.00011
     494    572       -0.00010
     494    582        0.00013
     494    619        0.00014
     494    622        0.00011
     494    628        0.00017
     494    629       -0.00020
     494    635        0.00012
     494    636        0.00011
     494    637       -0.00016
     494    639        0.00013
     494    641        0.00019
     494    661       -0.00011
     494    663        0.00020
