     247    499        0.00015
     263    499       -0.00011
     425    499       -0.00011
     437    499        0.00031
     440    499       -0.00010
     447    499        0.00014
     451    499        0.00025
     453    499       -0.00025
     458    499       -0.00013
     459    499        0.00022
     460    499        0.00030
     461    499       -0.00011
     463    498        0.00028
     463    499        0.00040
     463    502       -0.00015
     465    498       -0.00035
     465    499       -0.00033
     465    502        0.00014
     465    506       -0.00011
     467    499       -0.00015
     469    498       -0.00031
     469    499       -0.00038
     469    502        0.00012
     469    506       -0.00012
     472    498       -0.00019
     472    499       -0.00030
     472    502        0.00012
     474    496       -0.00021
     474    498       -0.00020
     474    499       -0.00034
     474    502        0.00011
     476    498       -0.00013
     476    499        0.00021
     476    506       -0.00011
     478    499       -0.00010
     481    496        0.00012
     481    498       -0.00019
     481    499        0.00050
     481    502       -0.00014
     483    496        0.00031
     483    498        0.00069
     483    499       -0.00023
     483    506        0.00016
     485    496       -0.00010
     485    498       -0.00033
     485    499        0.00230
     485    500        0.00015
     485    502       -0.00064
     485    506       -0.00011
     487    496        0.00069
     487    498        0.00202
     487    499        0.01309
     487    500        0.00087
     487    502       -0.00334
     487    504       -0.00044
     487    506        0.00019
     487    514       -0.00011
     490    496        0.00580
     490    498        0.00117
     490    499       -0.02093
     490    500       -0.00139
     490    502        0.00543
     490    504        0.00071
     490    506       -0.00028
     490    508        0.00013
     490    514        0.00018
     490    526       -0.00011
     491    496        0.10050
     491    497        0.00040
     491    498        0.02667
     491    499        0.02991
     491    500        0.00198
     491    502       -0.00663
     491    504       -0.00065
     491    508       -0.00025
     491    514       -0.00018
     493    496        0.01331
     493    497       -0.00081
     493    498       -0.05703
     493    499        0.68545
     493    500        0.04554
     493    502       -0.11010
     493    504       -0.00739
     493    505        0.00077
     493    506        0.00307
     493    508       -0.00069
     493    511       -0.00020
     493    514       -0.00100
     493    515        0.00014
     493    516       -0.00043
     493    519        0.00011
     493    536        0.00027
     493    543        0.00025
     493    544       -0.00011
     493    545       -0.00030
     493    561       -0.00017
     493    628       -0.00014
     493    630        0.00024
     493    632       -0.00012
     493    637       -0.00010
     493    638       -0.00015
     493    640        0.00013
     493    643        0.00016
     493    662       -0.00020
     493    664       -0.00011
     494    499       -0.00090
     494    500       -0.00012
     494    502        0.00016
