     438    495       -0.00022
     448    497        0.00011
     452    497       -0.00012
     455    495       -0.00030
     455    497        0.00011
     457    495        0.00016
     457    497       -0.00013
     464    497       -0.00037
     464    500       -0.00012
     466    495        0.00012
     466    497        0.00021
     468    497        0.00014
     470    497       -0.00017
     470    500       -0.00011
     470    505        0.00011
     471    497        0.00022
     473    495        0.00017
     473    497       -0.00017
     475    495       -0.00020
     475    497        0.00012
     477    497       -0.00014
     482    495        0.00052
     482    500        0.00021
     482    505       -0.00013
     484    495        0.00074
     484    500        0.00031
     484    505       -0.00020
     486    495       -0.00171
     486    497        0.00058
     486    500       -0.00035
     486    505        0.00017
     488    495        0.00041
     488    497       -0.00059
     488    500       -0.00014
     489    495        0.01768
     489    497       -0.00815
     489    498        0.00012
     489    500        0.00096
     489    501       -0.00068
     489    515        0.00011
     492    495        0.02042
     492    497       -0.00903
     492    498        0.00013
     492    500        0.00073
     492    501       -0.00064
     492    503        0.00011
     493    495        0.00105
     493    497       -0.00020
     494    495        0.69387
     494    496        0.00022
     494    497       -0.13269
     494    498        0.00187
     494    499       -0.00028
     494    500        0.00422
     494    501       -0.00496
     494    503        0.00076
     494    505        0.00088
     494    506       -0.00022
     494    507       -0.00100
     494    515        0.00074
     494    516        0.00026
     494    525       -0.00018
     494    527        0.00017
     494    529       -0.00018
     494    533       -0.00011
     494    535       -0.00034
     494    537        0.00011
     494    539       -0.00015
     494    541       -0.00010
     494    544       -0.00017
