     437    496        0.00023
     447    498        0.00016
     451    496        0.00014
     451    498        0.00015
     453    496       -0.00026
     460    496        0.00014
     460    498        0.00011
     463    498        0.00033
     463    499        0.00010
     465    496        0.00010
     465    498       -0.00031
     465    499       -0.00013
     465    506        0.00012
     469    498       -0.00023
     469    499       -0.00013
     469    506        0.00013
     472    498       -0.00024
     474    496       -0.00017
     474    498       -0.00018
     476    496        0.00026
     476    498        0.00017
     476    499       -0.00011
     478    498       -0.00014
     481    496        0.00053
     481    499       -0.00023
     481    506        0.00015
     483    496       -0.00056
     483    498        0.00015
     483    499        0.00029
     483    506       -0.00019
     485    496        0.00186
     485    498        0.00064
     485    499       -0.00041
     485    506        0.00020
     487    496        0.00922
     487    498        0.00479
     487    499       -0.00035
     487    502        0.00034
     490    496       -0.01534
     490    498       -0.00712
     490    499        0.00093
     490    502       -0.00053
     490    506       -0.00012
     491    496        0.02102
     491    497        0.00014
     491    498        0.00981
     491    499       -0.00069
     491    502        0.00061
     491    504        0.00014
     493    496        0.69119
     493    497        0.00207
     493    498        0.14582
     493    499       -0.00374
     493    500       -0.00024
     493    502        0.00482
     493    504        0.00099
     493    505       -0.00030
     493    506       -0.00120
     493    508       -0.00093
     493    515       -0.00026
     493    516        0.00079
     493    519       -0.00010
     493    524       -0.00011
     493    525        0.00015
     493    526        0.00019
     493    531        0.00016
     493    532       -0.00019
     493    536       -0.00036
     493    540       -0.00017
     493    542       -0.00014
     493    545       -0.00011
     493    546        0.00012
     494    496       -0.00090
     494    498       -0.00019
