     248    497       -0.00013
     438    497       -0.00023
     448    497       -0.00017
     452    497        0.00014
     455    497       -0.00035
     457    497        0.00026
     462    497       -0.00011
     464    495       -0.00034
     464    497        0.00047
     464    500        0.00033
     464    505       -0.00012
     466    495        0.00024
     466    497       -0.00020
     466    500       -0.00023
     468    495        0.00011
     468    497       -0.00023
     468    500       -0.00015
     470    495       -0.00017
     470    497        0.00025
     470    500        0.00023
     470    505       -0.00011
     471    495        0.00022
     471    497       -0.00028
     471    500       -0.00018
     473    495       -0.00014
     473    497        0.00032
     475    497       -0.00024
     477    495       -0.00014
     477    497        0.00017
     482    497        0.00031
     482    500       -0.00019
     482    501        0.00014
     482    505        0.00012
     484    495        0.00033
     484    497        0.00024
     484    500       -0.00038
     484    501        0.00021
     484    505        0.00018
     484    507       -0.00013
     486    497       -0.00173
     486    501       -0.00022
     486    505       -0.00012
     486    507        0.00012
     488    495       -0.00071
     488    497        0.00124
     488    500        0.00046
     488    505       -0.00011
     489    495       -0.00337
     489    497        0.02271
     489    498       -0.00033
     489    499       -0.00026
     489    500        0.00342
     489    501        0.00053
     489    503       -0.00056
     489    505       -0.00036
     489    507       -0.00016
     489    513       -0.00024
     489    515       -0.00010
     492    495       -0.00810
     492    497        0.02754
     492    498       -0.00039
     492    499       -0.00029
     492    500        0.00397
     492    501        0.00042
     492    503       -0.00053
     492    505       -0.00041
     492    506        0.00011
     492    513       -0.00017
     493    495        0.00021
     493    497        0.00112
     493    500        0.00010
     494    495        0.13282
     494    497        0.69109
     494    498       -0.01009
     494    499       -0.00382
     494    500        0.05651
     494    501        0.00336
     494    503       -0.00491
     494    505       -0.00431
     494    506        0.00107
     494    507       -0.00021
     494    513       -0.00119
     494    515       -0.00058
     494    516       -0.00020
     494    524        0.00011
     494    525        0.00028
     494    526       -0.00011
     494    529       -0.00012
     494    531       -0.00016
     494    532       -0.00016
     494    535        0.00035
     494    537        0.00020
     494    539        0.00032
     494    541        0.00019
     494    544        0.00028
