     247    498        0.00013
     437    498        0.00023
     447    496        0.00011
     447    498        0.00020
     451    498        0.00023
     453    498       -0.00026
     459    498        0.00015
     460    498        0.00021
     463    496        0.00029
     463    498        0.00038
     463    499        0.00027
     465    496       -0.00034
     465    498       -0.00028
     465    499       -0.00030
     465    506        0.00011
     467    498       -0.00013
     469    496       -0.00021
     469    498       -0.00030
     469    499       -0.00027
     469    506        0.00012
     472    496       -0.00023
     472    498       -0.00025
     472    499       -0.00018
     474    496       -0.00013
     474    498       -0.00030
     476    498        0.00027
     478    496       -0.00013
     478    498       -0.00015
     481    496       -0.00014
     481    498        0.00030
     481    499       -0.00020
     481    502        0.00012
     481    506        0.00012
     483    496        0.00037
     483    499        0.00037
     483    502       -0.00016
     483    506       -0.00016
     483    508       -0.00011
     485    498        0.00180
     485    502        0.00022
     485    506        0.00013
     485    508        0.00013
     487    496        0.00202
     487    497        0.00015
     487    498        0.01175
     487    499        0.00211
     487    500        0.00013
     487    502        0.00026
     487    504        0.00029
     487    506       -0.00026
     487    514        0.00012
     490    496       -0.00225
     490    497       -0.00025
     490    498       -0.01835
     490    499       -0.00274
     490    500       -0.00016
     490    502       -0.00057
     490    504       -0.00044
     490    506        0.00024
     490    508       -0.00019
     490    514       -0.00021
     491    496        0.00754
     491    497        0.00037
     491    498        0.02697
     491    499        0.00418
     491    500        0.00026
     491    502        0.00051
     491    504        0.00051
     491    505       -0.00010
     491    506       -0.00043
     491    514        0.00017
     493    496       -0.14594
     493    497        0.00948
     493    498        0.68835
     493    499        0.05832
     493    500        0.00381
     493    502        0.00509
     493    504        0.00472
     493    505       -0.00106
     493    506       -0.00425
     493    508        0.00054
     493    514        0.00122
     493    515       -0.00016
     493    516        0.00047
     493    522        0.00010
     493    524       -0.00013
     493    525        0.00017
     493    526        0.00020
     493    530       -0.00019
     493    536       -0.00037
     493    538       -0.00029
     493    540       -0.00027
     493    542       -0.00013
     493    543        0.00014
     493    545       -0.00019
     493    546        0.00011
     494    496        0.00018
     494    498       -0.00083
