-0.88985725E+02
-0.88981896E+02
-0.88940265E+02
-0.88939138E+02
-0.88938674E+02
-0.88935810E+02
-0.88935613E+02
-0.88934760E+02
-0.88930882E+02
-0.88928909E+02
-0.24762314E+02
-0.24761847E+02
-0.24758540E+02
-0.24756824E+02
-0.24750673E+02
-0.24750492E+02
-0.24747856E+02
-0.24747766E+02
-0.19168418E+02
-0.19163623E+02
-0.19163168E+02
-0.19158647E+02
-0.14425019E+02
-0.14419432E+02
-0.14419198E+02
-0.14417081E+02
-0.14385009E+02
-0.14382806E+02
-0.14381263E+02
-0.14380354E+02
-0.14380282E+02
-0.14378795E+02
-0.14374808E+02
-0.14373774E+02
-0.14370979E+02
-0.14368146E+02
-0.14365200E+02
-0.14352536E+02
-0.10322616E+02
-0.10321152E+02
-0.10318877E+02
-0.10312515E+02
-0.10311200E+02
-0.10309541E+02
-0.10307697E+02
-0.10303510E+02
-0.10300410E+02
-0.10297529E+02
-0.10297136E+02
-0.10296925E+02
-0.10292017E+02
-0.10286788E+02
-0.10285663E+02
-0.10283984E+02
-0.10277565E+02
-0.10275952E+02
-0.10275840E+02
-0.10274826E+02
-0.10273943E+02
-0.10273682E+02
-0.10270895E+02
-0.10270491E+02
-0.10269800E+02
-0.10268791E+02
-0.10267770E+02
-0.10267301E+02
-0.10266424E+02
-0.10264982E+02
-0.10263478E+02
-0.10261116E+02
-0.10259131E+02
-0.10259112E+02
-0.10257265E+02
-0.10256630E+02
-0.10255041E+02
-0.10253736E+02
-0.10253397E+02
-0.10253221E+02
-0.10253060E+02
-0.10253036E+02
-0.10253021E+02
-0.10252750E+02
-0.10252636E+02
-0.10252164E+02
-0.10251909E+02
-0.10251554E+02
-0.10249212E+02
-0.10249046E+02
-0.10247776E+02
-0.10247750E+02
-0.10247220E+02
-0.10247011E+02
-0.10245327E+02
-0.10244296E+02
-0.10244079E+02
-0.10244056E+02
-0.10242958E+02
-0.10242263E+02
-0.10241688E+02
-0.10241203E+02
-0.10240984E+02
-0.10240420E+02
-0.10239783E+02
-0.10238810E+02
-0.10238463E+02
-0.10238409E+02
-0.10238243E+02
-0.10237157E+02
-0.10236441E+02
-0.10234837E+02
-0.10234699E+02
-0.10232250E+02
-0.10231599E+02
-0.10230273E+02
-0.10230237E+02
-0.10229500E+02
-0.10229415E+02
-0.10227486E+02
-0.10226675E+02
-0.10226195E+02
-0.10225911E+02
-0.10222733E+02
-0.10222515E+02
-0.10222152E+02
-0.10220842E+02
-0.10218059E+02
-0.10217335E+02
-0.10215385E+02
-0.10215142E+02
-0.10214067E+02
-0.10210488E+02
-0.10205222E+02
-0.10201965E+02
-0.10200713E+02
-0.80321347E+01
-0.80277170E+01
-0.79915832E+01
-0.79911686E+01
-0.79885026E+01
-0.79876634E+01
-0.79873742E+01
-0.79867088E+01
-0.79826184E+01
-0.79807207E+01
-0.59989580E+01
-0.59947321E+01
-0.59931037E+01
-0.59915763E+01
-0.59891427E+01
-0.59865959E+01
-0.59576899E+01
-0.59571218E+01
-0.59545595E+01
-0.59538574E+01
-0.59537126E+01
-0.59535652E+01
-0.59531428E+01
-0.59527534E+01
-0.59510947E+01
-0.59502423E+01
-0.59499992E+01
-0.59495484E+01
-0.59491199E+01
-0.59489635E+01
-0.59487410E+01
-0.59468430E+01
-0.59464037E+01
-0.59452118E+01
-0.59450661E+01
-0.59448387E+01
-0.59445415E+01
-0.59435259E+01
-0.59398755E+01
-0.59380702E+01
-0.12868350E+01
-0.12835643E+01
-0.12769372E+01
-0.12712592E+01
-0.12592247E+01
-0.12509028E+01
-0.12446307E+01
-0.12396425E+01
-0.10802214E+01
-0.10624550E+01
-0.10477971E+01
-0.10428447E+01
-0.10330544E+01
-0.10293889E+01
-0.10201507E+01
-0.10154457E+01
-0.10137379E+01
-0.10040915E+01
-0.96796351E+00
-0.95677687E+00
-0.95631526E+00
-0.95387235E+00
-0.94686034E+00
-0.94574176E+00
-0.94193283E+00
-0.93911720E+00
-0.93782255E+00
-0.93683943E+00
-0.93262006E+00
-0.92940045E+00
-0.92776353E+00
-0.92638757E+00
-0.92417283E+00
-0.90849766E+00
-0.89660711E+00
-0.89551096E+00
-0.89269733E+00
-0.89119558E+00
-0.88942454E+00
-0.88717467E+00
-0.88643417E+00
-0.88359812E+00
-0.87729501E+00
-0.87530034E+00
-0.87406969E+00
-0.86772929E+00
-0.84254682E+00
-0.83903563E+00
-0.83885445E+00
-0.83506189E+00
-0.82610471E+00
-0.82380652E+00
-0.81932976E+00
-0.81573963E+00
-0.81303383E+00
-0.81156455E+00
-0.81116736E+00
-0.81080218E+00
-0.80842034E+00
-0.80572555E+00
-0.80293672E+00
-0.80201830E+00
-0.79870120E+00
-0.79681748E+00
-0.79579159E+00
-0.79200838E+00
-0.77535251E+00
-0.76757890E+00
-0.75759368E+00
-0.75392647E+00
-0.75319449E+00
-0.74922513E+00
-0.74780665E+00
-0.74280858E+00
-0.72951364E+00
-0.72603781E+00
-0.72347876E+00
-0.72077824E+00
-0.71665004E+00
-0.71559514E+00
-0.71244486E+00
-0.71130180E+00
-0.70819877E+00
-0.70626828E+00
-0.70400441E+00
-0.70093295E+00
-0.69804014E+00
-0.69605200E+00
-0.69357828E+00
-0.69256627E+00
-0.68443462E+00
-0.67666841E+00
-0.66783317E+00
-0.66283993E+00
-0.65385107E+00
-0.65377924E+00
-0.64763017E+00
-0.64519860E+00
-0.64383722E+00
-0.64319530E+00
-0.64251613E+00
-0.63891884E+00
-0.63507586E+00
-0.63177072E+00
-0.62849046E+00
-0.62284728E+00
-0.61931396E+00
-0.61098464E+00
-0.60988391E+00
-0.60133989E+00
-0.60052102E+00
-0.59959127E+00
-0.59412054E+00
-0.59267144E+00
-0.58928266E+00
-0.58681471E+00
-0.58574868E+00
-0.58545132E+00
-0.58124069E+00
-0.57502369E+00
-0.57410986E+00
-0.57259756E+00
-0.56987046E+00
-0.56776310E+00
-0.56615802E+00
-0.56346193E+00
-0.56234896E+00
-0.56185917E+00
-0.55883062E+00
-0.55631268E+00
-0.55397706E+00
-0.55140345E+00
-0.54656169E+00
-0.54485862E+00
-0.53700893E+00
-0.53506825E+00
-0.53333651E+00
-0.52855202E+00
-0.52630107E+00
-0.52497351E+00
-0.52448272E+00
-0.52372650E+00
-0.52230579E+00
-0.52090978E+00
-0.52050509E+00
-0.51875378E+00
-0.51753759E+00
-0.51706229E+00
-0.51394957E+00
-0.51381263E+00
-0.51171351E+00
-0.51040341E+00
-0.50980764E+00
-0.50901815E+00
-0.50363669E+00
-0.50306039E+00
-0.50215681E+00
-0.50017541E+00
-0.49987126E+00
-0.49695301E+00
-0.49042442E+00
-0.48634066E+00
-0.48490697E+00
-0.48441586E+00
-0.48352139E+00
-0.48237786E+00
-0.48205263E+00
-0.48059444E+00
-0.47645629E+00
-0.47593427E+00
-0.47575807E+00
-0.47451901E+00
-0.47418529E+00
-0.47190858E+00
-0.47099606E+00
-0.46746508E+00
-0.46684365E+00
-0.46615259E+00
-0.46560313E+00
-0.46466783E+00
-0.46198723E+00
-0.46194222E+00
-0.46103702E+00
-0.45874883E+00
-0.45864926E+00
-0.45763418E+00
-0.45585398E+00
-0.45496443E+00
-0.45451519E+00
-0.45419567E+00
-0.45162625E+00
-0.44976049E+00
-0.44764839E+00
-0.44654895E+00
-0.44363059E+00
-0.43968237E+00
-0.43906059E+00
-0.43863576E+00
-0.43742766E+00
-0.43690398E+00
-0.43621126E+00
-0.43515032E+00
-0.43451952E+00
-0.43317881E+00
-0.43220722E+00
-0.43194140E+00
-0.43048517E+00
-0.42889148E+00
-0.42846544E+00
-0.42806956E+00
-0.42718657E+00
-0.42673247E+00
-0.42637312E+00
-0.42532897E+00
-0.42454132E+00
-0.42431143E+00
-0.42325280E+00
-0.42192051E+00
-0.41943590E+00
-0.41907824E+00
-0.41883758E+00
-0.41540492E+00
-0.41477910E+00
-0.41355718E+00
-0.41198447E+00
-0.40915819E+00
-0.40848176E+00
-0.40774338E+00
-0.40625467E+00
-0.40485614E+00
-0.40351267E+00
-0.40158190E+00
-0.40017374E+00
-0.39975980E+00
-0.39948413E+00
-0.39839687E+00
-0.39622767E+00
-0.39556025E+00
-0.39411342E+00
-0.39370161E+00
-0.39319433E+00
-0.39192670E+00
-0.39050085E+00
-0.38945971E+00
-0.38802373E+00
-0.38767770E+00
-0.38748048E+00
-0.38660136E+00
-0.38591468E+00
-0.38575439E+00
-0.38531566E+00
-0.38420959E+00
-0.38367488E+00
-0.38337638E+00
-0.38018385E+00
-0.37713472E+00
-0.37671968E+00
-0.37511988E+00
-0.37336081E+00
-0.37131166E+00
-0.36983558E+00
-0.36917283E+00
-0.36802486E+00
-0.36713556E+00
-0.36429757E+00
-0.36411858E+00
-0.36387423E+00
-0.35951578E+00
-0.35924371E+00
-0.35757265E+00
-0.35726410E+00
-0.35524778E+00
-0.35510623E+00
-0.35315771E+00
-0.35219922E+00
-0.35124942E+00
-0.34778997E+00
-0.34687153E+00
-0.34604276E+00
-0.34368078E+00
-0.33914430E+00
-0.33887502E+00
-0.33836194E+00
-0.33708320E+00
-0.33316712E+00
-0.33030986E+00
-0.31558612E+00
-0.31496706E+00
-0.31329270E+00
-0.31215995E+00
-0.31149156E+00
-0.30754132E+00
-0.29917319E+00
-0.29755773E+00
-0.29652495E+00
-0.29102692E+00
-0.28865026E+00
-0.28466368E+00
-0.28255385E+00
-0.27882300E+00
-0.27836518E+00
-0.27532358E+00
-0.27377401E+00
-0.27291100E+00
-0.27247655E+00
-0.27241776E+00
-0.27034738E+00
-0.26949810E+00
-0.26751510E+00
-0.26297128E+00
-0.26018387E+00
-0.25804459E+00
-0.24316082E+00
-0.23955721E+00
-0.23860673E+00
-0.23553750E+00
-0.22857520E+00
-0.22333474E+00
-0.21129337E+00
-0.20550439E+00
-0.13243178E+00
-0.12676781E+00
-0.11856472E+00
-0.11409801E+00
-0.11156083E+00
-0.10627545E+00
-0.97675222E-01
-0.93895079E-01
-0.90398243E-01
-0.86023819E-01
-0.60572650E-01
-0.55537591E-01
-0.49050260E-01
-0.46164163E-01
-0.37545379E-01
-0.36680844E-01
-0.31106239E-01
-0.30373266E-01
-0.27481420E-01
-0.25664671E-01
-0.20014273E-01
-0.17180712E-01
-0.14131558E-01
-0.13195169E-01
-0.11799459E-01
-0.10478411E-01
-0.66935891E-02
-0.63340523E-02
-0.60750101E-02
-0.53706325E-02
-0.34965913E-02
-0.21877567E-02
-0.13116626E-02
-0.10982629E-02
-0.16649791E-03
 0.59124425E-03
 0.15088551E-02
 0.19291662E-02
 0.25101277E-02
 0.33491712E-02
 0.38765549E-02
 0.49191324E-02
 0.55053992E-02
 0.60767443E-02
 0.80291879E-02
 0.81945543E-02
 0.10122874E-01
 0.10355029E-01
 0.11049561E-01
 0.12792705E-01
 0.13926011E-01
 0.14792900E-01
 0.15235105E-01
 0.15310154E-01
 0.16298436E-01
 0.17086410E-01
 0.18392244E-01
 0.19084824E-01
 0.20287420E-01
 0.20467306E-01
 0.21150619E-01
 0.21671877E-01
 0.22449865E-01
 0.23165490E-01
 0.25249507E-01
 0.26390742E-01
 0.27130716E-01
 0.28021125E-01
 0.29198679E-01
 0.30399399E-01
 0.31833900E-01
 0.32683330E-01
 0.33090351E-01
 0.34649914E-01
 0.35035020E-01
 0.36802886E-01
 0.37128039E-01
 0.37553622E-01
 0.38389277E-01
 0.38984912E-01
 0.41683274E-01
 0.41865821E-01
 0.42612947E-01
 0.43614530E-01
 0.44768029E-01
 0.45236802E-01
 0.46404792E-01
 0.47384341E-01
 0.48705740E-01
 0.50477399E-01
 0.51308715E-01
 0.51611474E-01
 0.51730028E-01
 0.53320112E-01
 0.54174795E-01
 0.55468205E-01
 0.56958324E-01
 0.57154131E-01
 0.58232281E-01
 0.59007982E-01
 0.59835453E-01
 0.60242543E-01
 0.61517536E-01
 0.63121713E-01
 0.63902635E-01
 0.64690296E-01
 0.65538241E-01
 0.65794677E-01
 0.67525135E-01
 0.68142506E-01
 0.69075080E-01
 0.69949728E-01
 0.70446215E-01
 0.71181333E-01
 0.71722788E-01
 0.73031740E-01
 0.73388395E-01
 0.73985915E-01
 0.74155451E-01
 0.75424201E-01
 0.76461629E-01
 0.77559591E-01
 0.78058470E-01
 0.78560857E-01
 0.79200453E-01
 0.79756594E-01
 0.80990293E-01
 0.81560686E-01
 0.82197723E-01
 0.83380653E-01
 0.83738050E-01
 0.84199263E-01
 0.84688857E-01
 0.85741202E-01
 0.86195795E-01
 0.88085442E-01
 0.88190701E-01
 0.89735882E-01
 0.90210849E-01
 0.91527378E-01
 0.91592625E-01
 0.92265370E-01
 0.92581140E-01
 0.93549111E-01
 0.94583542E-01
 0.94648111E-01
 0.95408764E-01
 0.96410166E-01
 0.96806145E-01
 0.98181306E-01
 0.98921427E-01
 0.99757659E-01
 0.10145812E+00
 0.10213009E+00
 0.10236469E+00
 0.10385266E+00
 0.10499080E+00
 0.10544125E+00
 0.10606779E+00
 0.10659847E+00
 0.10724728E+00
 0.10815633E+00
 0.10918389E+00
 0.11008762E+00
 0.11059889E+00
 0.11148354E+00
 0.11190423E+00
 0.11248217E+00
 0.11439271E+00
 0.11510250E+00
 0.11586344E+00
 0.11624903E+00
 0.11660326E+00
 0.11859480E+00
 0.11942273E+00
 0.11982280E+00
 0.12042900E+00
 0.12081875E+00
 0.12223173E+00
 0.12322200E+00
 0.12400257E+00
 0.12470305E+00
 0.12529263E+00
 0.12656073E+00
 0.12687994E+00
 0.12852015E+00
 0.12863833E+00
 0.12909003E+00
 0.13003672E+00
 0.13043209E+00
 0.13138184E+00
 0.13264101E+00
 0.13329021E+00
 0.13422077E+00
 0.13456883E+00
 0.13595055E+00
 0.13647747E+00
 0.13774035E+00
 0.13840651E+00
 0.13879414E+00
 0.13939404E+00
 0.14022621E+00
 0.14071856E+00
 0.14104537E+00
 0.14179229E+00
 0.14268388E+00
 0.14315510E+00
 0.14359469E+00
 0.14386827E+00
 0.14568460E+00
 0.14632276E+00
 0.14779421E+00
 0.14854290E+00
 0.14890725E+00
 0.14905527E+00
 0.14932955E+00
 0.15036363E+00
 0.15100399E+00
 0.15139484E+00
 0.15233520E+00
 0.15310435E+00
 0.15426544E+00
 0.15464262E+00
 0.15582152E+00
 0.15619410E+00
 0.15669333E+00
 0.15692036E+00
 0.15753546E+00
 0.15787347E+00
 0.15842137E+00
 0.15932721E+00
 0.15980993E+00
 0.16086494E+00
 0.16102028E+00
 0.16159996E+00
 0.16220418E+00
 0.16308032E+00
 0.16354482E+00
 0.16448002E+00
 0.16490907E+00
 0.16527814E+00
 0.16617831E+00
 0.16672896E+00
 0.16799935E+00
 0.16833026E+00
 0.16918808E+00
 0.16969324E+00
 0.17014024E+00
 0.17021318E+00
 0.17229111E+00
 0.17260759E+00
 0.17414678E+00
 0.17468073E+00
 0.17505131E+00
 0.17583218E+00
 0.17703160E+00
 0.17730862E+00
 0.17762121E+00
 0.17855902E+00
 0.17947553E+00
 0.18019923E+00
 0.18063631E+00
 0.18083766E+00
 0.18162539E+00
 0.18215469E+00
 0.18286722E+00
 0.18325127E+00
 0.18373313E+00
 0.18428157E+00
 0.18511045E+00
 0.18534396E+00
 0.18609455E+00
 0.18635725E+00
 0.18785043E+00
 0.18858448E+00
 0.18925795E+00
 0.18958719E+00
 0.18979889E+00
 0.19096395E+00
 0.19121363E+00
 0.19195634E+00
 0.19245180E+00
 0.19271328E+00
 0.19350522E+00
 0.19417806E+00
 0.19460653E+00
 0.19556202E+00
 0.19604759E+00
 0.19704056E+00
 0.19805930E+00
 0.19824608E+00
 0.19919883E+00
 0.19936845E+00
 0.19999728E+00
 0.20045297E+00
 0.20170980E+00
 0.20329235E+00
 0.20400185E+00
 0.20462824E+00
 0.20542584E+00
 0.20610134E+00
 0.20668053E+00
 0.20775721E+00
 0.20791353E+00
 0.20846816E+00
 0.20874070E+00
 0.21033038E+00
 0.21038993E+00
 0.21151288E+00
 0.21265155E+00
 0.21378528E+00
 0.21410647E+00
 0.21485520E+00
 0.21552422E+00
 0.21604334E+00
 0.21657279E+00
 0.21703764E+00
 0.21782268E+00
 0.21850284E+00
 0.21903225E+00
 0.22047382E+00
 0.22136896E+00
 0.22161254E+00
 0.22210437E+00
 0.22240803E+00
 0.22338110E+00
 0.22367863E+00
 0.22432454E+00
 0.22468126E+00
 0.22597769E+00
 0.22653141E+00
 0.22691776E+00
 0.22792850E+00
 0.22824703E+00
 0.22894785E+00
 0.22916763E+00
 0.23043843E+00
 0.23144251E+00
 0.23184953E+00
 0.23268004E+00
 0.23399005E+00
 0.23454724E+00
 0.23489246E+00
 0.23517807E+00
 0.23654830E+00
 0.23732958E+00
 0.23835274E+00
 0.23872002E+00
 0.23987687E+00
 0.24057935E+00
 0.24108563E+00
 0.24158369E+00
 0.24212994E+00
 0.24260825E+00
 0.24307928E+00
 0.24407533E+00
 0.24471907E+00
 0.24488579E+00
 0.24571014E+00
 0.24683201E+00
 0.24745621E+00
 0.24780723E+00
 0.24947518E+00
 0.24974944E+00
 0.24981035E+00
 0.25032427E+00
 0.25126007E+00
 0.25136012E+00
 0.25237545E+00
 0.25329828E+00
 0.25409875E+00
 0.25447006E+00
 0.25494199E+00
 0.25539388E+00
 0.25597874E+00
 0.25693152E+00
 0.25793697E+00
 0.25838670E+00
 0.25878345E+00
 0.25963894E+00
 0.26021453E+00
 0.26093411E+00
 0.26157041E+00
 0.26169087E+00
 0.26231836E+00
 0.26351924E+00
 0.26380944E+00
 0.26433051E+00
 0.26482488E+00
 0.26574431E+00
 0.26653649E+00
 0.26701851E+00
 0.26749866E+00
 0.26889586E+00
 0.26920951E+00
 0.27019286E+00
 0.27069127E+00
 0.27108610E+00
 0.27199688E+00
 0.27265330E+00
 0.27287425E+00
 0.27363053E+00
 0.27478047E+00
 0.27532639E+00
 0.27548766E+00
 0.27577701E+00
 0.27633679E+00
 0.27751179E+00
 0.27802601E+00
 0.27878807E+00
 0.27930780E+00
 0.27994913E+00
 0.28040433E+00
 0.28095930E+00
 0.28140518E+00
 0.28206707E+00
 0.28305241E+00
 0.28368104E+00
 0.28500942E+00
 0.28614623E+00
 0.28658659E+00
 0.28719000E+00
 0.28794822E+00
 0.28842135E+00
 0.28916232E+00
 0.28950616E+00
 0.29061035E+00
 0.29124826E+00
 0.29160628E+00
 0.29298687E+00
 0.29320719E+00
 0.29466145E+00
 0.29515905E+00
 0.29581783E+00
 0.29615741E+00
 0.29662954E+00
 0.29789116E+00
 0.29819243E+00
 0.29856274E+00
 0.29942138E+00
 0.30065730E+00
 0.30199210E+00
 0.30221565E+00
 0.30254078E+00
 0.30373746E+00
 0.30407623E+00
 0.30544475E+00
 0.30587716E+00
 0.30619622E+00
 0.30755986E+00
 0.30799586E+00
 0.30878426E+00
 0.30935858E+00
 0.31002206E+00
 0.31074851E+00
 0.31085023E+00
 0.31097310E+00
 0.31270146E+00
 0.31327265E+00
 0.31444800E+00
 0.31482309E+00
 0.31582527E+00
 0.31689668E+00
 0.31785207E+00
 0.31893378E+00
 0.31958265E+00
 0.31999855E+00
 0.32108825E+00
 0.32201486E+00
 0.32222155E+00
 0.32345708E+00
 0.32414090E+00
 0.32429070E+00
 0.32477115E+00
 0.32507447E+00
 0.32588262E+00
 0.32627579E+00
 0.32688034E+00
 0.32822140E+00
 0.32843159E+00
 0.32962006E+00
 0.32978025E+00
 0.33024882E+00
 0.33117635E+00
 0.33216542E+00
 0.33232507E+00
 0.33280440E+00
 0.33365809E+00
 0.33412495E+00
 0.33482325E+00
 0.33531385E+00
 0.33642058E+00
 0.33682886E+00
 0.33762127E+00
 0.33808724E+00
 0.33961833E+00
 0.34026925E+00
 0.34116715E+00
 0.34130665E+00
 0.34254875E+00
 0.34290392E+00
 0.34475420E+00
 0.34518197E+00
 0.34572093E+00
 0.34690593E+00
 0.34788657E+00
 0.34875132E+00
 0.34964874E+00
 0.35086070E+00
 0.35122915E+00
 0.35200912E+00
 0.35303585E+00
 0.35383431E+00
 0.35550627E+00
 0.35561411E+00
 0.35687497E+00
 0.35729402E+00
 0.35812541E+00
 0.35878725E+00
 0.35962524E+00
 0.36015221E+00
 0.36146340E+00
 0.36210183E+00
 0.36230800E+00
 0.36315494E+00
 0.36536118E+00
 0.36558557E+00
 0.36677821E+00
 0.36714731E+00
 0.36791110E+00
 0.36903393E+00
 0.36965859E+00
 0.36998133E+00
 0.37095258E+00
 0.37171859E+00
 0.37190807E+00
 0.37281652E+00
 0.37358239E+00
 0.37447462E+00
 0.37604854E+00
 0.37683837E+00
 0.37727281E+00
 0.37834123E+00
 0.37886092E+00
 0.37940611E+00
 0.38058857E+00
 0.38183901E+00
 0.38304933E+00
 0.38431343E+00
 0.38504057E+00
 0.38601102E+00
 0.38647349E+00
 0.38714982E+00
 0.38756910E+00
 0.38851547E+00
 0.38909682E+00
 0.39102152E+00
 0.39179048E+00
 0.39215817E+00
 0.39281218E+00
 0.39356944E+00
 0.39504543E+00
 0.39554437E+00
 0.39584433E+00
 0.39632383E+00
 0.39829758E+00
 0.39894737E+00
 0.39983836E+00
 0.40043176E+00
 0.40177276E+00
 0.40243589E+00
 0.40391035E+00
 0.40479611E+00
 0.40641843E+00
 0.40732111E+00
 0.40850974E+00
 0.40919885E+00
 0.40991388E+00
 0.41069222E+00
 0.41126046E+00
 0.41258123E+00
 0.41329980E+00
 0.41459668E+00
 0.41553351E+00
 0.41710499E+00
 0.41816760E+00
 0.41950570E+00
 0.42030237E+00
 0.42038382E+00
 0.42155467E+00
 0.42167507E+00
 0.42348032E+00
 0.42461646E+00
 0.42617459E+00
 0.42781559E+00
 0.42890002E+00
 0.42959758E+00
 0.43115859E+00
 0.43302964E+00
 0.43357986E+00
 0.43412219E+00
 0.43527006E+00
 0.43603004E+00
 0.43695511E+00
 0.43947984E+00
 0.44040561E+00
 0.44138431E+00
 0.44296308E+00
 0.44387456E+00
 0.44554919E+00
 0.44619107E+00
 0.44793947E+00
 0.44930572E+00
 0.45054177E+00
 0.45167831E+00
 0.45332379E+00
 0.45358408E+00
 0.45472129E+00
 0.45754467E+00
 0.45809372E+00
 0.45825591E+00
 0.46018861E+00
 0.46199798E+00
 0.46296514E+00
 0.46363610E+00
 0.46561210E+00
 0.46693563E+00
 0.46803515E+00
 0.46867576E+00
 0.47043709E+00
 0.47148061E+00
 0.47199180E+00
 0.47369221E+00
 0.47469021E+00
 0.47679668E+00
 0.47827525E+00
 0.48004897E+00
 0.48107945E+00
 0.48212715E+00
 0.48374631E+00
 0.48461183E+00
 0.48593722E+00
 0.48724933E+00
 0.48814799E+00
 0.49039933E+00
 0.49064550E+00
 0.49181987E+00
 0.49476005E+00
 0.49577110E+00
 0.49822569E+00
 0.49929433E+00
 0.50051245E+00
 0.50231616E+00
 0.50356359E+00
 0.50486687E+00
 0.50709022E+00
 0.50878191E+00
 0.50979250E+00
 0.51225679E+00
 0.51394841E+00
 0.51462996E+00
 0.51673479E+00
 0.51789478E+00
 0.52116852E+00
 0.52190399E+00
 0.52286859E+00
 0.52425051E+00
 0.52674735E+00
 0.52814950E+00
 0.53050773E+00
 0.53156846E+00
 0.53220812E+00
 0.53445706E+00
 0.53477198E+00
 0.53623951E+00
 0.53675704E+00
 0.53999644E+00
 0.54119071E+00
 0.54469215E+00
 0.54531244E+00
 0.54756211E+00
 0.54894459E+00
 0.54975835E+00
 0.55543516E+00
 0.55723876E+00
 0.55982206E+00
 0.56264021E+00
 0.56364235E+00
 0.56527457E+00
 0.56697435E+00
 0.56908455E+00
 0.57149930E+00
 0.57377251E+00
 0.57671671E+00
 0.57701889E+00
 0.57872451E+00
 0.58279905E+00
 0.58504986E+00
 0.58871051E+00
 0.58977173E+00
 0.59261456E+00
 0.59467375E+00
 0.59501914E+00
 0.59827672E+00
 0.60143930E+00
 0.60346733E+00
 0.60585153E+00
 0.60794448E+00
 0.60984545E+00
 0.61505441E+00
 0.61767378E+00
 0.61808870E+00
 0.62360029E+00
 0.62597673E+00
 0.62602617E+00
 0.62770659E+00
 0.63219468E+00
 0.63284910E+00
 0.63613860E+00
 0.63661514E+00
 0.63931547E+00
 0.64018484E+00
 0.64251798E+00
 0.64466558E+00
 0.64573624E+00
 0.64588031E+00
 0.64599748E+00
 0.64767161E+00
 0.65059436E+00
 0.65175735E+00
 0.65260924E+00
 0.65504725E+00
 0.65675043E+00
 0.65832520E+00
 0.66007080E+00
 0.66059494E+00
 0.66177918E+00
 0.66393187E+00
 0.66543080E+00
 0.66673732E+00
 0.66915985E+00
 0.67063898E+00
 0.67280390E+00
 0.67490385E+00
 0.67607700E+00
 0.67822952E+00
 0.67905447E+00
 0.68043412E+00
 0.68266022E+00
 0.68300218E+00
 0.68363217E+00
 0.68470150E+00
 0.68648424E+00
 0.68670273E+00
 0.68778488E+00
 0.68991975E+00
 0.69056724E+00
 0.69276421E+00
 0.69391510E+00
 0.69624769E+00
 0.69751668E+00
 0.69840071E+00
 0.69912890E+00
 0.69998965E+00
 0.70153453E+00
 0.70163987E+00
 0.70629914E+00
 0.70720571E+00
 0.70896657E+00
 0.70981693E+00
 0.71059685E+00
 0.71219505E+00
 0.71349699E+00
 0.71391916E+00
 0.71566862E+00
 0.71584364E+00
 0.71715047E+00
 0.71986919E+00
 0.72012736E+00
 0.72144226E+00
 0.72156916E+00
 0.72280851E+00
 0.72411532E+00
 0.72495232E+00
 0.72606638E+00
 0.72744154E+00
 0.72825787E+00
 0.73029229E+00
 0.73115646E+00
 0.73204700E+00
 0.73288809E+00
 0.73450825E+00
 0.73516038E+00
 0.73598263E+00
 0.73712811E+00
 0.73778527E+00
 0.73868581E+00
 0.74019425E+00
 0.74210761E+00
 0.74277358E+00
 0.74359862E+00
 0.74530658E+00
 0.74627043E+00
 0.74744105E+00
 0.74850279E+00
 0.74946511E+00
 0.74992582E+00
 0.75342243E+00
 0.75391174E+00
 0.75580495E+00
 0.75665370E+00
 0.75752840E+00
 0.75971549E+00
 0.76245674E+00
 0.76318086E+00
 0.76445314E+00
 0.76476682E+00
 0.76565676E+00
 0.76764036E+00
 0.76820940E+00
 0.76912382E+00
 0.76947144E+00
 0.77059254E+00
 0.77217896E+00
 0.77336413E+00
 0.77487052E+00
 0.77628472E+00
 0.77736927E+00
 0.77815759E+00
 0.78004362E+00
 0.78072300E+00
 0.78146899E+00
 0.78408621E+00
 0.78488085E+00
 0.78516567E+00
 0.78678238E+00
 0.78714947E+00
 0.78966148E+00
 0.79112275E+00
 0.79282621E+00
 0.79389310E+00
 0.79500504E+00
 0.79850048E+00
 0.80036875E+00
 0.80238281E+00
 0.80574031E+00
 0.80753597E+00
 0.80787611E+00
 0.80845600E+00
 0.80923487E+00
 0.81078482E+00
 0.81188111E+00
 0.81372085E+00
 0.81446128E+00
 0.81555404E+00
 0.81770858E+00
 0.81843652E+00
 0.81890432E+00
 0.82092273E+00
 0.82234020E+00
 0.82345916E+00
 0.82602546E+00
 0.82727736E+00
 0.82859762E+00
 0.83110366E+00
 0.83188068E+00
 0.83541374E+00
 0.83612411E+00
 0.83865084E+00
 0.83960807E+00
 0.84018802E+00
 0.84113113E+00
 0.84189257E+00
 0.84307737E+00
 0.84550962E+00
 0.84776530E+00
 0.84811437E+00
 0.84863997E+00
 0.85006321E+00
 0.85224557E+00
 0.85285925E+00
 0.85401226E+00
 0.85483627E+00
 0.85684944E+00
 0.85736981E+00
 0.85957854E+00
 0.86006113E+00
 0.86139451E+00
 0.86234078E+00
 0.86311723E+00
 0.86540924E+00
 0.86668602E+00
 0.86817351E+00
 0.86968008E+00
 0.87189181E+00
 0.87333025E+00
 0.87549297E+00
 0.87681874E+00
 0.87745182E+00
 0.88003116E+00
 0.88178341E+00
 0.88232169E+00
 0.88454819E+00
 0.88539954E+00
 0.88628850E+00
 0.88762316E+00
 0.88866395E+00
 0.88999302E+00
 0.89203222E+00
 0.89483869E+00
 0.89703788E+00
 0.89847725E+00
 0.90006951E+00
 0.90409397E+00
 0.90584586E+00
 0.90653577E+00
 0.90807120E+00
 0.90827889E+00
 0.91106501E+00
 0.91122382E+00
 0.91225219E+00
 0.91399200E+00
 0.91641959E+00
 0.91732309E+00
 0.91816574E+00
 0.92149332E+00
 0.92389617E+00
 0.92526084E+00
 0.92647938E+00
 0.92707245E+00
 0.92983106E+00
 0.93424458E+00
 0.93479866E+00
 0.93659282E+00
 0.93864219E+00
 0.94077794E+00
 0.94214839E+00
 0.94375135E+00
 0.94538375E+00
 0.94688593E+00
 0.94755064E+00
 0.94986769E+00
 0.95102992E+00
 0.95286321E+00
 0.95306983E+00
 0.95491659E+00
 0.95645799E+00
 0.95937571E+00
 0.96120814E+00
 0.96265647E+00
 0.96367238E+00
 0.96632161E+00
 0.96735398E+00
 0.96912081E+00
 0.97067028E+00
 0.97226038E+00
 0.97373244E+00
 0.97587573E+00
 0.97680814E+00
 0.97776071E+00
 0.97975241E+00
 0.98037069E+00
 0.98308439E+00
 0.98562792E+00
 0.98682470E+00
 0.98753023E+00
 0.98893296E+00
 0.98958849E+00
 0.99117272E+00
 0.99142791E+00
 0.99453784E+00
 0.99599130E+00
 0.99658520E+00
 0.99953761E+00
 0.10004181E+01
 0.10021987E+01
 0.10029757E+01
 0.10043735E+01
 0.10046783E+01
 0.10054857E+01
 0.10064915E+01
 0.10093640E+01
 0.10102711E+01
 0.10109781E+01
 0.10129489E+01
 0.10148838E+01
 0.10155890E+01
 0.10175238E+01
 0.10196800E+01
 0.10215176E+01
 0.10235168E+01
 0.10246964E+01
 0.10264090E+01
 0.10268110E+01
 0.10278406E+01
 0.10315642E+01
 0.10329096E+01
 0.10342735E+01
 0.10363166E+01
 0.10365497E+01
 0.10395485E+01
 0.10398257E+01
 0.10418195E+01
 0.10432365E+01
 0.10438096E+01
 0.10456595E+01
 0.10470251E+01
 0.10482132E+01
 0.10505629E+01
 0.10516071E+01
 0.10529870E+01
 0.10567287E+01
 0.10588150E+01
 0.10594418E+01
 0.10601114E+01
 0.10631676E+01
 0.10636998E+01
 0.10667991E+01
 0.10674043E+01
 0.10685751E+01
 0.10703249E+01
 0.10714849E+01
 0.10730962E+01
 0.10741699E+01
 0.10758108E+01
 0.10766383E+01
 0.10800052E+01
 0.10812333E+01
 0.10825575E+01
 0.10836701E+01
 0.10857890E+01
 0.10864618E+01
 0.10888905E+01
 0.10910079E+01
 0.10921840E+01
 0.10946050E+01
 0.10952739E+01
 0.10968982E+01
 0.10987679E+01
 0.11007650E+01
 0.11021507E+01
 0.11025188E+01
 0.11039069E+01
 0.11058809E+01
 0.11078231E+01
 0.11099124E+01
 0.11118985E+01
 0.11134368E+01
 0.11151795E+01
 0.11176896E+01
 0.11188573E+01
 0.11194719E+01
 0.11231113E+01
 0.11240704E+01
 0.11262101E+01
 0.11275531E+01
 0.11301045E+01
 0.11301674E+01
 0.11316638E+01
 0.11330259E+01
 0.11340858E+01
 0.11355568E+01
 0.11384391E+01
 0.11410727E+01
 0.11432390E+01
 0.11444575E+01
 0.11457049E+01
 0.11471959E+01
 0.11473546E+01
 0.11483233E+01
 0.11520178E+01
 0.11527592E+01
 0.11546958E+01
 0.11556831E+01
 0.11564359E+01
 0.11570254E+01
 0.11586664E+01
 0.11606239E+01
 0.11622588E+01
 0.11635771E+01
 0.11642148E+01
 0.11648513E+01
 0.11670981E+01
 0.11689547E+01
 0.11711040E+01
 0.11735300E+01
 0.11742274E+01
 0.11747652E+01
 0.11785009E+01
 0.11799023E+01
 0.11812686E+01
 0.11826253E+01
 0.11840094E+01
 0.11880654E+01
 0.11898285E+01
 0.11919381E+01
 0.11925625E+01
 0.11935908E+01
 0.11942042E+01
 0.11969912E+01
 0.11986661E+01
 0.11997174E+01
 0.12013588E+01
 0.12019517E+01
 0.12054783E+01
 0.12066966E+01
 0.12083733E+01
 0.12088914E+01
 0.12126837E+01
 0.12128828E+01
 0.12146092E+01
 0.12152765E+01
 0.12180697E+01
 0.12200188E+01
 0.12223289E+01
 0.12237726E+01
 0.12272255E+01
 0.12272935E+01
 0.12287244E+01
 0.12306314E+01
 0.12314217E+01
 0.12322977E+01
 0.12338690E+01
 0.12369402E+01
 0.12394050E+01
 0.12399505E+01
 0.12413288E+01
 0.12439325E+01
 0.12443198E+01
 0.12452934E+01
 0.12468907E+01
 0.12475782E+01
 0.12499102E+01
 0.12505592E+01
 0.12518526E+01
 0.12532815E+01
 0.12549168E+01
 0.12558089E+01
 0.12577129E+01
 0.12601241E+01
 0.12610461E+01
 0.12632390E+01
 0.12658315E+01
 0.12665797E+01
 0.12672366E+01
 0.12680702E+01
 0.12690769E+01
 0.12700241E+01
 0.12709825E+01
 0.12739021E+01
 0.12744504E+01
 0.12763115E+01
 0.12774562E+01
 0.12789467E+01
 0.12794098E+01
 0.12799056E+01
 0.12817251E+01
 0.12835687E+01
 0.12845464E+01
 0.12859366E+01
 0.12877331E+01
 0.12884970E+01
 0.12891166E+01
 0.12907933E+01
 0.12915622E+01
 0.12925579E+01
 0.12933157E+01
 0.12940095E+01
 0.12964121E+01
 0.12973701E+01
 0.12997856E+01
 0.13009485E+01
 0.13019502E+01
 0.13027404E+01
 0.13038871E+01
 0.13051927E+01
 0.13060232E+01
 0.13083862E+01
 0.13098724E+01
 0.13108513E+01
 0.13122160E+01
 0.13146356E+01
 0.13148805E+01
 0.13167932E+01
 0.13176884E+01
 0.13196576E+01
 0.13209859E+01
 0.13215016E+01
 0.13228510E+01
 0.13249366E+01
 0.13259999E+01
 0.13276386E+01
 0.13293254E+01
 0.13313899E+01
 0.13320768E+01
 0.13343919E+01
 0.13359854E+01
 0.13371547E+01
 0.13379503E+01
 0.13393376E+01
 0.13398252E+01
 0.13405680E+01
 0.13423407E+01
 0.13432829E+01
 0.13447614E+01
 0.13468842E+01
 0.13484351E+01
 0.13518443E+01
 0.13532029E+01
 0.13535319E+01
 0.13550326E+01
 0.13564186E+01
 0.13572480E+01
 0.13583755E+01
 0.13611093E+01
 0.13614677E+01
 0.13635078E+01
 0.13662238E+01
 0.13682149E+01
 0.13687528E+01
 0.13690766E+01
 0.13699821E+01
 0.13735702E+01
 0.13755624E+01
 0.13763301E+01
 0.13797458E+01
 0.13807600E+01
 0.13816109E+01
 0.13838250E+01
 0.13868673E+01
 0.13878587E+01
 0.13890171E+01
 0.13900179E+01
 0.13915289E+01
 0.13931248E+01
 0.13948062E+01
 0.13988524E+01
 0.14007743E+01
 0.14026970E+01
 0.14040695E+01
 0.14082565E+01
 0.14097767E+01
 0.14110092E+01
 0.14136744E+01
 0.14157312E+01
 0.14190000E+01
 0.14217524E+01
 0.14243534E+01
 0.14251579E+01
 0.14273403E+01
 0.14291626E+01
 0.14351810E+01
 0.14373665E+01
 0.14409640E+01
 0.14423903E+01
 0.14441913E+01
 0.14457787E+01
 0.14488504E+01
 0.14528564E+01
 0.14534959E+01
 0.14544816E+01
 0.14570978E+01
 0.14589565E+01
 0.14599999E+01
 0.14621366E+01
 0.14630059E+01
 0.14638192E+01
 0.14673385E+01
 0.14711704E+01
 0.14726590E+01
 0.14755482E+01
 0.14776338E+01
 0.14804988E+01
 0.14816521E+01
 0.14869061E+01
 0.14902268E+01
 0.14923702E+01
 0.14938738E+01
 0.14950628E+01
 0.14976519E+01
 0.14991701E+01
 0.15004208E+01
 0.15027831E+01
 0.15033808E+01
 0.15064103E+01
 0.15105431E+01
 0.15128897E+01
 0.15143759E+01
 0.15150412E+01
 0.15190228E+01
 0.15207938E+01
 0.15216705E+01
 0.15234694E+01
 0.15254677E+01
 0.15285311E+01
 0.15288625E+01
 0.15352624E+01
 0.15373838E+01
 0.15386809E+01
 0.15395801E+01
 0.15423672E+01
 0.15448450E+01
 0.15476923E+01
 0.15501516E+01
 0.15513746E+01
 0.15548042E+01
 0.15580178E+01
 0.15618179E+01
 0.15638894E+01
 0.15654673E+01
 0.15665540E+01
 0.15683466E+01
 0.15707145E+01
 0.15713144E+01
 0.15757639E+01
 0.15780709E+01
 0.15820018E+01
 0.15848939E+01
 0.15860430E+01
 0.15868817E+01
 0.15889024E+01
 0.15899739E+01
 0.15917629E+01
 0.15947151E+01
 0.15964149E+01
 0.15975178E+01
 0.15980442E+01
 0.16040387E+01
 0.16053994E+01
 0.16073226E+01
 0.16110524E+01
 0.16116245E+01
 0.16158214E+01
 0.16160527E+01
 0.16204173E+01
 0.16234843E+01
 0.16251599E+01
 0.16285244E+01
 0.16325567E+01
 0.16343151E+01
 0.16380413E+01
 0.16399803E+01
 0.16417763E+01
 0.16419303E+01
 0.16433980E+01
 0.16434462E+01
 0.16455979E+01
 0.16465023E+01
 0.16468308E+01
 0.16492716E+01
 0.16520645E+01
 0.16526161E+01
 0.16546556E+01
 0.16566362E+01
 0.16596522E+01
 0.16606374E+01
 0.16635628E+01
 0.16656504E+01
 0.16662362E+01
 0.16674469E+01
 0.16704289E+01
 0.16729289E+01
 0.16738190E+01
 0.16764790E+01
 0.16790745E+01
 0.16798926E+01
 0.16832273E+01
 0.16865053E+01
 0.16887458E+01
 0.16898634E+01
 0.16903505E+01
 0.16916227E+01
 0.16955755E+01
 0.16973369E+01
 0.16991794E+01
 0.17010426E+01
 0.17028745E+01
 0.17039387E+01
 0.17053420E+01
 0.17071780E+01
 0.17091826E+01
 0.17104827E+01
 0.17113926E+01
 0.17152361E+01
 0.17172952E+01
 0.17173428E+01
 0.17201540E+01
 0.17214216E+01
 0.17228484E+01
 0.17241130E+01
 0.17250663E+01
 0.17285979E+01
 0.17302301E+01
 0.17306858E+01
 0.17313301E+01
 0.17320159E+01
 0.17337516E+01
 0.17346524E+01
 0.17378204E+01
 0.17392722E+01
 0.17423310E+01
 0.17434714E+01
 0.17460372E+01
 0.17461694E+01
 0.17465465E+01
 0.17497478E+01
 0.17501493E+01
 0.17503761E+01
 0.17510019E+01
 0.17543522E+01
 0.17551963E+01
 0.17558488E+01
 0.17568104E+01
 0.17581044E+01
 0.17591021E+01
 0.17619175E+01
 0.17630831E+01
 0.17667155E+01
 0.17672331E+01
 0.17689830E+01
 0.17694542E+01
 0.17700217E+01
 0.17722510E+01
 0.17731236E+01
 0.17737707E+01
 0.17741012E+01
 0.17748941E+01
 0.17754455E+01
 0.17788979E+01
 0.17809579E+01
 0.17829556E+01
 0.17853512E+01
 0.17861669E+01
 0.17879703E+01
 0.17896137E+01
 0.17902744E+01
 0.17922942E+01
 0.17933081E+01
 0.17940079E+01
 0.17960514E+01
 0.17968750E+01
 0.17981366E+01
 0.17992393E+01
 0.18001176E+01
 0.18013248E+01
 0.18031699E+01
 0.18035063E+01
 0.18068103E+01
 0.18070775E+01
 0.18086358E+01
 0.18101230E+01
 0.18124283E+01
 0.18136528E+01
 0.18138929E+01
 0.18177111E+01
 0.18188896E+01
 0.18206657E+01
 0.18215444E+01
 0.18232160E+01
 0.18253363E+01
 0.18253728E+01
 0.18261746E+01
 0.18289206E+01
 0.18302535E+01
 0.18312157E+01
 0.18326353E+01
 0.18342735E+01
 0.18350173E+01
 0.18365204E+01
 0.18379368E+01
 0.18401202E+01
 0.18421147E+01
 0.18431975E+01
 0.18448843E+01
 0.18464253E+01
 0.18474716E+01
 0.18499201E+01
 0.18521037E+01
 0.18563897E+01
 0.18573646E+01
 0.18588088E+01
 0.18591206E+01
 0.18609968E+01
 0.18626208E+01
 0.18631141E+01
 0.18656968E+01
 0.18672904E+01
 0.18685115E+01
 0.18701067E+01
 0.18708012E+01
 0.18718616E+01
 0.18739255E+01
 0.18744657E+01
 0.18767428E+01
 0.18798754E+01
 0.18803533E+01
 0.18829266E+01
 0.18849746E+01
 0.18857422E+01
 0.18864011E+01
 0.18879607E+01
 0.18900856E+01
 0.18922875E+01
 0.18944473E+01
 0.18975702E+01
 0.19000181E+01
 0.19022037E+01
 0.19055454E+01
 0.19061072E+01
 0.19091048E+01
 0.19101892E+01
 0.19113428E+01
 0.19119328E+01
 0.19131397E+01
 0.19160273E+01
 0.19197969E+01
 0.19216567E+01
 0.19229344E+01
 0.19246670E+01
 0.19262671E+01
 0.19265465E+01
 0.19286166E+01
 0.19310933E+01
 0.19329635E+01
 0.19357386E+01
 0.19370775E+01
 0.19429502E+01
 0.19453725E+01
 0.19463020E+01
 0.19517833E+01
 0.19535705E+01
 0.19557610E+01
 0.19588289E+01
 0.19609573E+01
 0.19635661E+01
 0.19650601E+01
 0.19682074E+01
 0.19694985E+01
 0.19711072E+01
 0.19737499E+01
 0.19750653E+01
 0.19779226E+01
 0.19809725E+01
 0.19816129E+01
 0.19833682E+01
 0.19840998E+01
 0.19868220E+01
 0.19894943E+01
 0.19913513E+01
 0.19936234E+01
 0.19940391E+01
 0.19964003E+01
 0.19981332E+01
 0.20001526E+01
 0.20034743E+01
 0.20044765E+01
 0.20059018E+01
 0.20098874E+01
 0.20105164E+01
 0.20115487E+01
 0.20122758E+01
 0.20146272E+01
 0.20189071E+01
 0.20231941E+01
 0.20291052E+01
 0.20314889E+01
 0.20340573E+01
 0.20351213E+01
 0.20356987E+01
 0.20367671E+01
 0.20390406E+01
 0.20410535E+01
 0.20423641E+01
 0.20429256E+01
 0.20439631E+01
 0.20457364E+01
 0.20480501E+01
 0.20503907E+01
 0.20534167E+01
 0.20551476E+01
 0.20559470E+01
 0.20575480E+01
 0.20593613E+01
 0.20612888E+01
 0.20628277E+01
 0.20638457E+01
 0.20661160E+01
 0.20694813E+01
 0.20713397E+01
 0.20723171E+01
 0.20732814E+01
 0.20761368E+01
 0.20785077E+01
 0.20802961E+01
 0.20814873E+01
 0.20849473E+01
 0.20884266E+01
 0.20890403E+01
 0.20893152E+01
 0.20946764E+01
 0.20973009E+01
 0.20990057E+01
 0.21007908E+01
 0.21035456E+01
 0.21047643E+01
 0.21061490E+01
 0.21079133E+01
 0.21090423E+01
 0.21100112E+01
 0.21127411E+01
 0.21139168E+01
 0.21163967E+01
 0.21167874E+01
 0.21189646E+01
 0.21198389E+01
 0.21211064E+01
 0.21233484E+01
 0.21255118E+01
 0.21279752E+01
 0.21285168E+01
 0.21299243E+01
 0.21334659E+01
 0.21338764E+01
 0.21350410E+01
 0.21375954E+01
 0.21411491E+01
 0.21421817E+01
 0.21445678E+01
 0.21454539E+01
 0.21468280E+01
 0.21481728E+01
 0.21487673E+01
 0.21555006E+01
 0.21566883E+01
 0.21598032E+01
 0.21621041E+01
 0.21644444E+01
 0.21667815E+01
 0.21683268E+01
 0.21709594E+01
 0.21716216E+01
 0.21724840E+01
 0.21746169E+01
 0.21784505E+01
 0.21806757E+01
 0.21834577E+01
 0.21849119E+01
 0.21876716E+01
 0.21885988E+01
 0.21913416E+01
 0.21922288E+01
 0.21948258E+01
 0.21971506E+01
 0.21996325E+01
 0.22021407E+01
 0.22054090E+01
 0.22064634E+01
 0.22092997E+01
 0.22120397E+01
 0.22148733E+01
 0.22185815E+01
 0.22218196E+01
 0.22231032E+01
 0.22243189E+01
 0.22262480E+01
 0.22271279E+01
 0.22313530E+01
 0.22332393E+01
 0.22362845E+01
 0.22368312E+01
 0.22396538E+01
 0.22423497E+01
 0.22431082E+01
 0.22443602E+01
 0.22483921E+01
 0.22512007E+01
 0.22530440E+01
 0.22565954E+01
 0.22568996E+01
 0.22598071E+01
 0.22616097E+01
 0.22631209E+01
 0.22653497E+01
 0.22671252E+01
 0.22685799E+01
 0.22735155E+01
 0.22743707E+01
 0.22764311E+01
 0.22801132E+01
 0.22817266E+01
 0.22843079E+01
 0.22874433E+01
 0.22922584E+01
 0.22941144E+01
 0.22978387E+01
 0.23039721E+01
 0.23086678E+01
 0.23090821E+01
 0.23117853E+01
 0.23164110E+01
 0.23198556E+01
 0.23210913E+01
 0.23232397E+01
 0.23258242E+01
 0.23275943E+01
 0.23316686E+01
 0.23322482E+01
 0.23340245E+01
 0.23362285E+01
 0.23371368E+01
 0.23393248E+01
 0.23396105E+01
 0.23427730E+01
 0.23447086E+01
 0.23466416E+01
 0.23475665E+01
 0.23477425E+01
 0.23504440E+01
 0.23527725E+01
 0.23548598E+01
 0.23569083E+01
 0.23608002E+01
 0.23643622E+01
 0.23657067E+01
 0.23675543E+01
 0.23679989E+01
 0.23724968E+01
 0.23745129E+01
 0.23769277E+01
 0.23777059E+01
 0.23817193E+01
 0.23827509E+01
 0.23852990E+01
 0.23871087E+01
 0.23887765E+01
 0.23949498E+01
 0.23956829E+01
 0.24004069E+01
 0.24014006E+01
 0.24022068E+01
 0.24079464E+01
 0.24086441E+01
 0.24089697E+01
 0.24117932E+01
 0.24139675E+01
 0.24163716E+01
 0.24170633E+01
 0.24207158E+01
 0.24233009E+01
 0.24261703E+01
 0.24268979E+01
 0.24295361E+01
 0.24326715E+01
 0.24351057E+01
 0.24372497E+01
 0.24389045E+01
 0.24410632E+01
 0.24449025E+01
 0.24460982E+01
 0.24478032E+01
 0.24525734E+01
 0.24554809E+01
 0.24568248E+01
 0.24597683E+01
 0.24626215E+01
 0.24653243E+01
 0.24660421E+01
 0.24684858E+01
 0.24718473E+01
 0.24734723E+01
 0.24827648E+01
 0.24838813E+01
 0.24845298E+01
 0.24871170E+01
 0.24902123E+01
 0.24944331E+01
 0.24952287E+01
 0.24991084E+01
 0.25018505E+01
 0.25031218E+01
 0.25064005E+01
 0.25087114E+01
 0.25125875E+01
 0.25171006E+01
 0.25201264E+01
 0.25240231E+01
 0.25290006E+01
 0.25299274E+01
 0.25331651E+01
 0.25360731E+01
 0.25388515E+01
 0.25396230E+01
 0.25413802E+01
 0.25426046E+01
 0.25443077E+01
 0.25468348E+01
 0.25499084E+01
 0.25548574E+01
 0.25568630E+01
 0.25595352E+01
 0.25646231E+01
 0.25670873E+01
 0.25695304E+01
 0.25719255E+01
 0.25739427E+01
 0.25767777E+01
 0.25779301E+01
 0.25846027E+01
 0.25876296E+01
 0.25907899E+01
 0.25929829E+01
 0.25944549E+01
 0.25967803E+01
 0.26007810E+01
 0.26022657E+01
 0.26048185E+01
 0.26097902E+01
 0.26130308E+01
 0.26148249E+01
 0.26190453E+01
 0.26284976E+01
 0.26303971E+01
 0.26317229E+01
 0.26334030E+01
 0.26347172E+01
 0.26427258E+01
 0.26479047E+01
 0.26504128E+01
 0.26516772E+01
 0.26547642E+01
 0.26583424E+01
 0.26621028E+01
 0.26637997E+01
 0.26682037E+01
 0.26707551E+01
 0.26716721E+01
 0.26732640E+01
 0.26785632E+01
 0.26810872E+01
 0.26826591E+01
 0.26862340E+01
 0.26871497E+01
 0.26897514E+01
 0.26926674E+01
 0.26937985E+01
 0.26964977E+01
 0.26980450E+01
 0.26983593E+01
 0.27024473E+01
 0.27042201E+01
 0.27068431E+01
 0.27112424E+01
 0.27117696E+01
 0.27139086E+01
 0.27146273E+01
 0.27162526E+01
 0.27177772E+01
 0.27198135E+01
 0.27205249E+01
 0.27245362E+01
 0.27261358E+01
 0.27306965E+01
 0.27343823E+01
 0.27366851E+01
 0.27404978E+01
 0.27433392E+01
 0.27495373E+01
 0.27526193E+01
 0.27535633E+01
 0.27615361E+01
 0.27658373E+01
 0.27688638E+01
 0.27718677E+01
 0.27775956E+01
 0.27781072E+01
 0.27809002E+01
 0.27832730E+01
 0.27909830E+01
 0.27957434E+01
 0.28030492E+01
 0.28050517E+01
 0.28071185E+01
 0.28093626E+01
 0.28130517E+01
 0.28175275E+01
 0.28190084E+01
 0.28198964E+01
 0.28218330E+01
 0.28233933E+01
 0.28241598E+01
 0.28248301E+01
 0.28307727E+01
 0.28326417E+01
 0.28343272E+01
 0.28368743E+01
 0.28398424E+01
 0.28411247E+01
 0.28434072E+01
 0.28481309E+01
 0.28523019E+01
 0.28535238E+01
 0.28567314E+01
 0.28600200E+01
 0.28615683E+01
 0.28699938E+01
 0.28745034E+01
 0.28760256E+01
 0.28817670E+01
 0.28870072E+01
 0.28888131E+01
 0.28920562E+01
 0.28932976E+01
 0.28964482E+01
 0.28983115E+01
 0.28989517E+01
 0.29013947E+01
 0.29046276E+01
 0.29055413E+01
 0.29086797E+01
 0.29133968E+01
 0.29179729E+01
 0.29217733E+01
 0.29232893E+01
 0.29253222E+01
 0.29301488E+01
 0.29356339E+01
 0.29411118E+01
 0.29432244E+01
 0.29466151E+01
 0.29520399E+01
 0.29557369E+01
 0.29587536E+01
 0.29619906E+01
 0.29642216E+01
 0.29668937E+01
 0.29681009E+01
 0.29707740E+01
 0.29786040E+01
 0.29813710E+01
 0.29851560E+01
 0.29870517E+01
 0.29890834E+01
 0.29963822E+01
 0.30003831E+01
 0.30058486E+01
 0.30139368E+01
 0.30175897E+01
 0.30210704E+01
 0.30283867E+01
 0.30324558E+01
 0.30376009E+01
 0.30423437E+01
 0.30433924E+01
 0.30452224E+01
 0.30542932E+01
 0.30586746E+01
 0.30603467E+01
 0.30617099E+01
 0.30670427E+01
 0.30752945E+01
 0.30797858E+01
 0.30825124E+01
 0.30898625E+01
 0.30990373E+01
 0.31049318E+01
 0.31077476E+01
 0.31115139E+01
 0.31167982E+01
 0.31303795E+01
 0.31343713E+01
 0.31394065E+01
 0.31443080E+01
 0.31499355E+01
 0.31519125E+01
 0.31592425E+01
 0.31655159E+01
 0.31675953E+01
 0.31740076E+01
 0.31834495E+01
 0.31867269E+01
 0.31943541E+01
 0.31971000E+01
 0.32028815E+01
 0.32029800E+01
 0.32119835E+01
 0.32141043E+01
 0.32230438E+01
 0.32254583E+01
 0.32273386E+01
 0.32354152E+01
 0.32358132E+01
 0.32444364E+01
 0.32454912E+01
 0.32476588E+01
 0.32564213E+01
 0.32626156E+01
 0.32710199E+01
 0.32715499E+01
 0.32743418E+01
 0.32765481E+01
 0.32848850E+01
 0.32955025E+01
 0.33008286E+01
 0.33032543E+01
 0.33041214E+01
 0.33085540E+01
 0.33254883E+01
 0.33320739E+01
 0.33358024E+01
 0.33414333E+01
 0.33447894E+01
 0.33470931E+01
 0.33495666E+01
 0.33520584E+01
 0.33589137E+01
 0.33635178E+01
 0.33706084E+01
 0.33742892E+01
 0.33770176E+01
 0.33825840E+01
 0.33962240E+01
 0.33995889E+01
 0.34040640E+01
 0.34149159E+01
 0.34213784E+01
 0.34339622E+01
 0.34368322E+01
 0.34397068E+01
 0.34411253E+01
 0.34613200E+01
 0.34696937E+01
 0.34750646E+01
 0.34778374E+01
 0.34861892E+01
 0.34886906E+01
 0.34909359E+01
 0.34913616E+01
 0.34916585E+01
 0.34948243E+01
 0.35011935E+01
 0.35139554E+01
 0.35142887E+01
 0.35260734E+01
 0.35274532E+01
 0.35280781E+01
 0.35311721E+01
 0.35343359E+01
 0.35402932E+01
 0.35495609E+01
 0.35644118E+01
 0.35803969E+01
 0.35833656E+01
 0.35843669E+01
 0.35887529E+01
 0.36015477E+01
 0.36330989E+01
 0.39171579E+01
 0.39195421E+01
 0.39202046E+01
 0.39237033E+01
 0.39335854E+01
 0.39444583E+01
 0.39490437E+01
 0.39679359E+01
 0.39909397E+01
 0.39949900E+01
 0.40108684E+01
 0.40151778E+01
 0.40159448E+01
 0.40183251E+01
 0.40183778E+01
 0.40223675E+01
 0.40320503E+01
 0.40465240E+01
 0.40500241E+01
 0.40592265E+01
 0.40659358E+01
 0.40901519E+01
 0.42314624E+01
 0.42461352E+01
 0.42469819E+01
 0.42570084E+01
 0.42645185E+01
 0.42838380E+01
 0.42963681E+01
 0.42993216E+01
 0.43079153E+01
 0.43128262E+01
 0.43131251E+01
 0.43189101E+01
 0.43205740E+01
 0.43288245E+01
 0.43366136E+01
 0.43385480E+01
 0.43520607E+01
 0.43521171E+01
 0.43546125E+01
 0.43658038E+01
 0.43703455E+01
 0.43713729E+01
 0.43745236E+01
 0.43810564E+01
 0.43980262E+01
 0.44008233E+01
 0.44027773E+01
 0.44090046E+01
 0.44101904E+01
 0.44103218E+01
 0.44135127E+01
 0.44255169E+01
 0.44302272E+01
 0.44362145E+01
 0.44416607E+01
 0.44446333E+01
 0.44489691E+01
 0.44544913E+01
 0.44653316E+01
 0.44712398E+01
 0.44731262E+01
 0.44754073E+01
 0.44785964E+01
 0.44795806E+01
 0.44830107E+01
 0.44856036E+01
 0.44934162E+01
 0.44988020E+01
 0.45028409E+01
 0.45085872E+01
 0.45160645E+01
 0.45247420E+01
 0.45276126E+01
 0.45347986E+01
 0.45353782E+01
 0.45389118E+01
 0.45441638E+01
 0.45470854E+01
 0.45530696E+01
 0.45609016E+01
 0.45647579E+01
 0.45662884E+01
 0.45714488E+01
 0.45752358E+01
 0.45870720E+01
 0.45984905E+01
 0.46033296E+01
 0.46033988E+01
 0.46108800E+01
 0.46179152E+01
 0.46250042E+01
 0.46302444E+01
 0.46392674E+01
 0.46431661E+01
 0.46478887E+01
 0.46509562E+01
 0.46551514E+01
 0.46605395E+01
 0.46635486E+01
 0.46727960E+01
 0.46756198E+01
 0.46762146E+01
 0.46824587E+01
 0.46938769E+01
 0.46989822E+01
 0.47047578E+01
 0.47118372E+01
 0.47154165E+01
 0.47276587E+01
 0.47321451E+01
 0.47491283E+01
 0.47563796E+01
 0.47601035E+01
 0.47641627E+01
 0.47784137E+01
 0.47874656E+01
 0.47957523E+01
 0.48007672E+01
 0.48112231E+01
 0.48260715E+01
 0.48377831E+01
 0.48483909E+01
 0.48672996E+01
 0.48808143E+01
 0.48999010E+01
 0.49397341E+01
 0.49612170E+01
 0.49615837E+01
 0.49700957E+01
 0.49886509E+01
 0.49901720E+01
 0.50155986E+01
 0.50745032E+01
 0.51234945E+01
 0.51378867E+01
 0.52499936E+01
 0.56444252E+01
 0.57092696E+01
 0.65251181E+01
 0.68564653E+01
 0.68962299E+01
 0.71171587E+01
 0.73510318E+01
 0.76301785E+01
