-0.88984323E+02
-0.88984032E+02
-0.88935956E+02
-0.88935839E+02
-0.88935371E+02
-0.88935345E+02
-0.88934919E+02
-0.88934677E+02
-0.88923244E+02
-0.88922804E+02
-0.24760747E+02
-0.24760493E+02
-0.24756212E+02
-0.24756179E+02
-0.24751338E+02
-0.24751298E+02
-0.24748842E+02
-0.24748618E+02
-0.19159674E+02
-0.19159646E+02
-0.19159350E+02
-0.19159186E+02
-0.14422266E+02
-0.14419394E+02
-0.14418912E+02
-0.14415941E+02
-0.14381954E+02
-0.14381323E+02
-0.14381118E+02
-0.14381093E+02
-0.14377489E+02
-0.14377477E+02
-0.14372154E+02
-0.14372070E+02
-0.14370805E+02
-0.14370670E+02
-0.14369436E+02
-0.14369260E+02
-0.10319380E+02
-0.10319138E+02
-0.10317823E+02
-0.10317524E+02
-0.10308698E+02
-0.10308586E+02
-0.10304528E+02
-0.10304338E+02
-0.10297060E+02
-0.10296597E+02
-0.10292960E+02
-0.10292725E+02
-0.10282448E+02
-0.10282201E+02
-0.10281389E+02
-0.10281097E+02
-0.10278724E+02
-0.10278508E+02
-0.10273594E+02
-0.10273584E+02
-0.10270543E+02
-0.10270471E+02
-0.10269876E+02
-0.10269276E+02
-0.10268406E+02
-0.10268259E+02
-0.10267635E+02
-0.10267537E+02
-0.10266290E+02
-0.10266173E+02
-0.10264789E+02
-0.10264664E+02
-0.10263656E+02
-0.10261312E+02
-0.10258511E+02
-0.10257843E+02
-0.10257479E+02
-0.10256948E+02
-0.10254866E+02
-0.10254685E+02
-0.10254240E+02
-0.10254159E+02
-0.10254067E+02
-0.10253812E+02
-0.10253719E+02
-0.10253495E+02
-0.10253319E+02
-0.10253247E+02
-0.10248341E+02
-0.10247924E+02
-0.10247756E+02
-0.10245529E+02
-0.10245488E+02
-0.10245254E+02
-0.10245102E+02
-0.10245089E+02
-0.10244945E+02
-0.10244882E+02
-0.10244784E+02
-0.10244367E+02
-0.10241025E+02
-0.10240732E+02
-0.10239478E+02
-0.10239058E+02
-0.10238568E+02
-0.10238344E+02
-0.10236329E+02
-0.10236219E+02
-0.10236191E+02
-0.10236066E+02
-0.10235980E+02
-0.10235880E+02
-0.10235735E+02
-0.10232339E+02
-0.10232024E+02
-0.10231287E+02
-0.10231062E+02
-0.10229955E+02
-0.10227965E+02
-0.10227185E+02
-0.10226895E+02
-0.10226843E+02
-0.10226614E+02
-0.10226115E+02
-0.10226046E+02
-0.10225998E+02
-0.10223229E+02
-0.10223073E+02
-0.10219050E+02
-0.10218883E+02
-0.10216238E+02
-0.10216068E+02
-0.10207451E+02
-0.10207180E+02
-0.10206523E+02
-0.10206201E+02
-0.80319608E+01
-0.80316969E+01
-0.79884067E+01
-0.79880084E+01
-0.79878711E+01
-0.79870341E+01
-0.79858753E+01
-0.79851805E+01
-0.79762788E+01
-0.79758706E+01
-0.59987003E+01
-0.59984314E+01
-0.59928523E+01
-0.59925838E+01
-0.59912236E+01
-0.59909649E+01
-0.59545564E+01
-0.59540517E+01
-0.59540139E+01
-0.59530714E+01
-0.59518299E+01
-0.59511284E+01
-0.59509476E+01
-0.59504047E+01
-0.59500463E+01
-0.59490606E+01
-0.59483725E+01
-0.59476694E+01
-0.59457927E+01
-0.59457294E+01
-0.59451989E+01
-0.59448357E+01
-0.59436581E+01
-0.59429760E+01
-0.59423139E+01
-0.59419016E+01
-0.59389689E+01
-0.59385541E+01
-0.59334714E+01
-0.59330690E+01
-0.12755492E+01
-0.12754818E+01
-0.12721003E+01
-0.12720615E+01
-0.12585890E+01
-0.12584243E+01
-0.12457792E+01
-0.12453721E+01
-0.10437955E+01
-0.10436418E+01
-0.10435688E+01
-0.10430212E+01
-0.10326589E+01
-0.10325440E+01
-0.10163178E+01
-0.10151313E+01
-0.10033297E+01
-0.10020715E+01
-0.95015536E+00
-0.94989264E+00
-0.94699096E+00
-0.94679118E+00
-0.94423849E+00
-0.94330554E+00
-0.93899958E+00
-0.93822483E+00
-0.92894220E+00
-0.92851445E+00
-0.92754440E+00
-0.92737388E+00
-0.92355614E+00
-0.92328904E+00
-0.90989248E+00
-0.90965329E+00
-0.89607065E+00
-0.89560840E+00
-0.89325748E+00
-0.89319708E+00
-0.88881402E+00
-0.88859792E+00
-0.88297362E+00
-0.88270890E+00
-0.87487352E+00
-0.87451290E+00
-0.87293065E+00
-0.87226520E+00
-0.84027408E+00
-0.84006981E+00
-0.83866448E+00
-0.83845119E+00
-0.82571869E+00
-0.82546912E+00
-0.81786417E+00
-0.81726196E+00
-0.81377652E+00
-0.81367357E+00
-0.80932508E+00
-0.80892592E+00
-0.80738707E+00
-0.80684168E+00
-0.80556465E+00
-0.80522724E+00
-0.80091792E+00
-0.80062397E+00
-0.79568274E+00
-0.79473186E+00
-0.77470325E+00
-0.77453624E+00
-0.75923932E+00
-0.75802074E+00
-0.75148835E+00
-0.75004012E+00
-0.74663575E+00
-0.74639866E+00
-0.72824460E+00
-0.72801522E+00
-0.72175295E+00
-0.72020521E+00
-0.71800986E+00
-0.71606411E+00
-0.71119456E+00
-0.71075873E+00
-0.70813623E+00
-0.70798472E+00
-0.70534629E+00
-0.70516828E+00
-0.70474426E+00
-0.70413021E+00
-0.69356472E+00
-0.69335859E+00
-0.68298959E+00
-0.68295601E+00
-0.66646887E+00
-0.66643514E+00
-0.65332087E+00
-0.65299637E+00
-0.64604527E+00
-0.64593093E+00
-0.64464500E+00
-0.64442559E+00
-0.64252221E+00
-0.64235979E+00
-0.63434984E+00
-0.63428394E+00
-0.62732345E+00
-0.62727464E+00
-0.61837755E+00
-0.61833906E+00
-0.60922329E+00
-0.60903208E+00
-0.60089143E+00
-0.60075346E+00
-0.59290326E+00
-0.59257272E+00
-0.58645465E+00
-0.58612169E+00
-0.58550981E+00
-0.58515267E+00
-0.57877754E+00
-0.57874604E+00
-0.57294207E+00
-0.57275383E+00
-0.56858043E+00
-0.56775682E+00
-0.56635642E+00
-0.56612676E+00
-0.56235849E+00
-0.56195734E+00
-0.56032946E+00
-0.56006483E+00
-0.55241490E+00
-0.55238252E+00
-0.54547976E+00
-0.54543000E+00
-0.53582981E+00
-0.53543303E+00
-0.53297314E+00
-0.53269566E+00
-0.52650320E+00
-0.52635943E+00
-0.52450307E+00
-0.52349246E+00
-0.52078531E+00
-0.52071524E+00
-0.52017071E+00
-0.51973752E+00
-0.51889529E+00
-0.51811783E+00
-0.51568826E+00
-0.51537857E+00
-0.51449959E+00
-0.51356094E+00
-0.51046148E+00
-0.50986564E+00
-0.50589425E+00
-0.50528086E+00
-0.50495869E+00
-0.50418663E+00
-0.49627781E+00
-0.49515988E+00
-0.48509103E+00
-0.48504187E+00
-0.48454856E+00
-0.48411445E+00
-0.48372225E+00
-0.48220174E+00
-0.47869262E+00
-0.47813644E+00
-0.47737553E+00
-0.47715250E+00
-0.47479183E+00
-0.47435508E+00
-0.47094660E+00
-0.47070636E+00
-0.46927466E+00
-0.46847857E+00
-0.46643795E+00
-0.46630420E+00
-0.46442732E+00
-0.46378859E+00
-0.46344334E+00
-0.46253775E+00
-0.46120331E+00
-0.46014970E+00
-0.45883458E+00
-0.45831523E+00
-0.45786348E+00
-0.45701101E+00
-0.45551669E+00
-0.45487069E+00
-0.45075782E+00
-0.45045147E+00
-0.44402941E+00
-0.44394277E+00
-0.44196165E+00
-0.44180034E+00
-0.43882448E+00
-0.43852966E+00
-0.43648501E+00
-0.43587596E+00
-0.43525602E+00
-0.43470204E+00
-0.43204469E+00
-0.43062941E+00
-0.43004527E+00
-0.42946866E+00
-0.42872598E+00
-0.42833480E+00
-0.42757003E+00
-0.42715638E+00
-0.42645294E+00
-0.42621127E+00
-0.42571250E+00
-0.42541606E+00
-0.42438719E+00
-0.42414952E+00
-0.41970081E+00
-0.41965984E+00
-0.41911434E+00
-0.41766296E+00
-0.41327019E+00
-0.41297248E+00
-0.41144493E+00
-0.41108678E+00
-0.41057475E+00
-0.41041162E+00
-0.40657198E+00
-0.40641728E+00
-0.40574904E+00
-0.40547324E+00
-0.40093916E+00
-0.40064303E+00
-0.39752842E+00
-0.39751267E+00
-0.39733055E+00
-0.39730361E+00
-0.39678700E+00
-0.39678485E+00
-0.39625238E+00
-0.39624105E+00
-0.39160538E+00
-0.38874953E+00
-0.38867118E+00
-0.38827748E+00
-0.38753188E+00
-0.38673610E+00
-0.38656870E+00
-0.38635139E+00
-0.38476902E+00
-0.38454833E+00
-0.38361761E+00
-0.38326816E+00
-0.37867350E+00
-0.37846274E+00
-0.37251357E+00
-0.37128155E+00
-0.36743635E+00
-0.36730285E+00
-0.36664223E+00
-0.36610421E+00
-0.36538530E+00
-0.36443525E+00
-0.36279129E+00
-0.36277306E+00
-0.35664621E+00
-0.35646742E+00
-0.35468352E+00
-0.35443509E+00
-0.35310479E+00
-0.35289883E+00
-0.35188763E+00
-0.35182422E+00
-0.35128981E+00
-0.35120668E+00
-0.34586560E+00
-0.34585825E+00
-0.34469861E+00
-0.34367580E+00
-0.34075594E+00
-0.34029241E+00
-0.34005663E+00
-0.33905168E+00
-0.33667218E+00
-0.33497349E+00
-0.33472064E+00
-0.33430524E+00
-0.31459889E+00
-0.31434950E+00
-0.31064342E+00
-0.31052181E+00
-0.30817574E+00
-0.30797160E+00
-0.29754209E+00
-0.29752984E+00
-0.29593702E+00
-0.29588321E+00
-0.29180704E+00
-0.29135334E+00
-0.27933423E+00
-0.27885406E+00
-0.27205729E+00
-0.27181661E+00
-0.27149736E+00
-0.27139035E+00
-0.27114166E+00
-0.27105092E+00
-0.26851836E+00
-0.26835031E+00
-0.26595662E+00
-0.26586708E+00
-0.25999424E+00
-0.25982387E+00
-0.24090877E+00
-0.24040545E+00
-0.23893056E+00
-0.23824501E+00
-0.22435710E+00
-0.22404389E+00
-0.20683347E+00
-0.20682751E+00
-0.13133538E+00
-0.13107423E+00
-0.12084140E+00
-0.12067190E+00
-0.10987695E+00
-0.10982447E+00
-0.10634518E+00
-0.10617555E+00
-0.87011723E-01
-0.86540251E-01
-0.56611705E-01
-0.56510932E-01
-0.49439083E-01
-0.49070878E-01
-0.37972612E-01
-0.37859758E-01
-0.34196008E-01
-0.34129028E-01
-0.26430124E-01
-0.26198907E-01
-0.17668162E-01
-0.17592747E-01
-0.13901829E-01
-0.12208441E-01
-0.96350341E-02
-0.83923734E-02
-0.72427643E-02
-0.65592338E-02
-0.49046895E-02
-0.43997271E-02
-0.31927387E-02
-0.29666505E-02
-0.25327590E-02
-0.22875912E-02
-0.10736174E-02
-0.92539113E-03
 0.21088834E-03
 0.77089447E-03
 0.15162704E-02
 0.19249159E-02
 0.26308377E-02
 0.27398385E-02
 0.33298436E-02
 0.37810732E-02
 0.46805833E-02
 0.51428696E-02
 0.82238191E-02
 0.85319187E-02
 0.10570681E-01
 0.10827377E-01
 0.11683862E-01
 0.11735639E-01
 0.13221678E-01
 0.13437612E-01
 0.13743872E-01
 0.14195621E-01
 0.15028899E-01
 0.15448835E-01
 0.17652500E-01
 0.18417618E-01
 0.18717316E-01
 0.20044024E-01
 0.21167012E-01
 0.21524155E-01
 0.22501593E-01
 0.23346566E-01
 0.24055430E-01
 0.25541170E-01
 0.26206397E-01
 0.26980833E-01
 0.27867218E-01
 0.28175470E-01
 0.28577504E-01
 0.28805468E-01
 0.31217370E-01
 0.31600178E-01
 0.34295618E-01
 0.36317717E-01
 0.36352251E-01
 0.37381011E-01
 0.37722129E-01
 0.37818979E-01
 0.38644731E-01
 0.38896194E-01
 0.39136146E-01
 0.39497023E-01
 0.40451003E-01
 0.40915289E-01
 0.41021241E-01
 0.43912992E-01
 0.44543496E-01
 0.44761959E-01
 0.44979719E-01
 0.45897958E-01
 0.47962050E-01
 0.48126832E-01
 0.49203760E-01
 0.49418955E-01
 0.51813423E-01
 0.52031420E-01
 0.53369220E-01
 0.54792790E-01
 0.55094511E-01
 0.55653530E-01
 0.56272707E-01
 0.56566519E-01
 0.57258691E-01
 0.57951837E-01
 0.60012605E-01
 0.60948921E-01
 0.61684236E-01
 0.62420244E-01
 0.63091257E-01
 0.63596245E-01
 0.64091275E-01
 0.64668833E-01
 0.65083379E-01
 0.65748874E-01
 0.66490232E-01
 0.67082409E-01
 0.67599324E-01
 0.68833611E-01
 0.69858712E-01
 0.70940092E-01
 0.71569449E-01
 0.72031471E-01
 0.72523026E-01
 0.73226747E-01
 0.73801655E-01
 0.74358524E-01
 0.74774677E-01
 0.74996093E-01
 0.75310389E-01
 0.75721166E-01
 0.76824528E-01
 0.77521050E-01
 0.78424437E-01
 0.79008169E-01
 0.79509117E-01
 0.80263521E-01
 0.81131019E-01
 0.81820661E-01
 0.81990363E-01
 0.83124876E-01
 0.83915570E-01
 0.84842975E-01
 0.85548144E-01
 0.85833952E-01
 0.86577623E-01
 0.86635331E-01
 0.88999918E-01
 0.89082222E-01
 0.89710047E-01
 0.91091983E-01
 0.91478161E-01
 0.92895554E-01
 0.93718353E-01
 0.93947520E-01
 0.94019422E-01
 0.95370463E-01
 0.95829267E-01
 0.96748230E-01
 0.96925355E-01
 0.97922170E-01
 0.98087774E-01
 0.98698656E-01
 0.99434648E-01
 0.10021137E+00
 0.10161524E+00
 0.10215724E+00
 0.10283951E+00
 0.10409806E+00
 0.10451115E+00
 0.10477817E+00
 0.10551534E+00
 0.10562952E+00
 0.10738475E+00
 0.10780035E+00
 0.10801913E+00
 0.10874010E+00
 0.11054447E+00
 0.11083935E+00
 0.11343895E+00
 0.11447080E+00
 0.11561025E+00
 0.11607768E+00
 0.11655913E+00
 0.11722143E+00
 0.11877066E+00
 0.11896742E+00
 0.11925245E+00
 0.11986988E+00
 0.12051224E+00
 0.12096841E+00
 0.12157223E+00
 0.12230189E+00
 0.12348973E+00
 0.12372592E+00
 0.12445669E+00
 0.12502666E+00
 0.12550056E+00
 0.12613690E+00
 0.12636779E+00
 0.12680177E+00
 0.12772603E+00
 0.12794854E+00
 0.12938648E+00
 0.13022262E+00
 0.13047410E+00
 0.13191466E+00
 0.13227380E+00
 0.13377837E+00
 0.13400481E+00
 0.13432554E+00
 0.13460141E+00
 0.13509377E+00
 0.13540658E+00
 0.13598696E+00
 0.13746760E+00
 0.13831068E+00
 0.13930203E+00
 0.13948514E+00
 0.14027422E+00
 0.14112812E+00
 0.14180777E+00
 0.14219795E+00
 0.14311212E+00
 0.14340754E+00
 0.14462327E+00
 0.14500548E+00
 0.14536680E+00
 0.14628861E+00
 0.14722622E+00
 0.14760617E+00
 0.14802744E+00
 0.14837764E+00
 0.14992560E+00
 0.15032654E+00
 0.15118142E+00
 0.15143276E+00
 0.15263701E+00
 0.15346450E+00
 0.15407020E+00
 0.15462712E+00
 0.15505687E+00
 0.15596086E+00
 0.15612770E+00
 0.15696984E+00
 0.15748819E+00
 0.15814727E+00
 0.15818412E+00
 0.15911209E+00
 0.15930220E+00
 0.16027443E+00
 0.16051671E+00
 0.16229305E+00
 0.16240513E+00
 0.16330838E+00
 0.16337275E+00
 0.16447031E+00
 0.16510282E+00
 0.16541385E+00
 0.16606188E+00
 0.16661561E+00
 0.16681574E+00
 0.16733409E+00
 0.16859033E+00
 0.16914482E+00
 0.16939233E+00
 0.16992910E+00
 0.17033908E+00
 0.17134852E+00
 0.17193713E+00
 0.17277846E+00
 0.17301410E+00
 0.17429727E+00
 0.17459602E+00
 0.17513256E+00
 0.17554043E+00
 0.17599383E+00
 0.17618317E+00
 0.17698390E+00
 0.17740737E+00
 0.17770771E+00
 0.17858540E+00
 0.17885330E+00
 0.17898790E+00
 0.17939013E+00
 0.18040370E+00
 0.18122320E+00
 0.18187361E+00
 0.18262245E+00
 0.18292290E+00
 0.18360557E+00
 0.18381275E+00
 0.18424657E+00
 0.18499725E+00
 0.18574280E+00
 0.18615924E+00
 0.18692543E+00
 0.18707191E+00
 0.18721719E+00
 0.18795678E+00
 0.18832429E+00
 0.19044467E+00
 0.19092150E+00
 0.19108258E+00
 0.19135829E+00
 0.19179909E+00
 0.19269345E+00
 0.19307156E+00
 0.19354296E+00
 0.19360405E+00
 0.19434418E+00
 0.19480240E+00
 0.19597241E+00
 0.19662957E+00
 0.19694884E+00
 0.19866786E+00
 0.19909659E+00
 0.19938853E+00
 0.19997078E+00
 0.20074728E+00
 0.20191379E+00
 0.20248586E+00
 0.20395287E+00
 0.20581879E+00
 0.20609735E+00
 0.20687064E+00
 0.20744615E+00
 0.20767866E+00
 0.20842811E+00
 0.20918239E+00
 0.20957646E+00
 0.21016222E+00
 0.21090058E+00
 0.21128506E+00
 0.21225596E+00
 0.21358239E+00
 0.21404631E+00
 0.21430377E+00
 0.21471529E+00
 0.21589857E+00
 0.21635107E+00
 0.21697476E+00
 0.21741391E+00
 0.21830887E+00
 0.21853204E+00
 0.21971424E+00
 0.22013786E+00
 0.22162297E+00
 0.22178239E+00
 0.22221188E+00
 0.22307929E+00
 0.22373605E+00
 0.22416233E+00
 0.22441249E+00
 0.22468547E+00
 0.22507138E+00
 0.22554018E+00
 0.22584660E+00
 0.22704095E+00
 0.22740210E+00
 0.22772682E+00
 0.22799730E+00
 0.22865508E+00
 0.22969547E+00
 0.23002236E+00
 0.23119123E+00
 0.23140203E+00
 0.23210956E+00
 0.23326719E+00
 0.23408968E+00
 0.23505037E+00
 0.23533148E+00
 0.23565305E+00
 0.23628993E+00
 0.23704745E+00
 0.23768536E+00
 0.23798327E+00
 0.23871451E+00
 0.23872375E+00
 0.24010247E+00
 0.24098329E+00
 0.24145740E+00
 0.24186343E+00
 0.24285074E+00
 0.24307396E+00
 0.24348604E+00
 0.24362456E+00
 0.24438680E+00
 0.24527036E+00
 0.24568781E+00
 0.24621125E+00
 0.24728857E+00
 0.24775117E+00
 0.24780744E+00
 0.24858628E+00
 0.24998410E+00
 0.25081732E+00
 0.25122241E+00
 0.25175109E+00
 0.25305058E+00
 0.25364879E+00
 0.25388852E+00
 0.25480011E+00
 0.25539885E+00
 0.25595372E+00
 0.25616257E+00
 0.25648902E+00
 0.25706281E+00
 0.25743566E+00
 0.25803221E+00
 0.25856939E+00
 0.25882995E+00
 0.25921805E+00
 0.26057398E+00
 0.26205008E+00
 0.26243442E+00
 0.26289118E+00
 0.26435563E+00
 0.26531126E+00
 0.26579521E+00
 0.26605635E+00
 0.26671027E+00
 0.26687272E+00
 0.26710205E+00
 0.26744370E+00
 0.26843965E+00
 0.26970403E+00
 0.26982633E+00
 0.27115531E+00
 0.27152562E+00
 0.27181205E+00
 0.27287673E+00
 0.27370888E+00
 0.27407576E+00
 0.27432795E+00
 0.27503925E+00
 0.27536301E+00
 0.27625780E+00
 0.27717175E+00
 0.27793173E+00
 0.27812042E+00
 0.27908524E+00
 0.27936424E+00
 0.27957684E+00
 0.27976109E+00
 0.28094923E+00
 0.28162345E+00
 0.28169839E+00
 0.28276525E+00
 0.28308438E+00
 0.28366618E+00
 0.28429158E+00
 0.28459404E+00
 0.28558368E+00
 0.28614834E+00
 0.28670703E+00
 0.28747603E+00
 0.28873583E+00
 0.28929335E+00
 0.28978264E+00
 0.29110269E+00
 0.29214645E+00
 0.29248846E+00
 0.29305396E+00
 0.29355243E+00
 0.29467626E+00
 0.29494802E+00
 0.29583182E+00
 0.29675794E+00
 0.29742160E+00
 0.29878280E+00
 0.29956302E+00
 0.29967595E+00
 0.30182364E+00
 0.30224236E+00
 0.30283684E+00
 0.30316548E+00
 0.30380706E+00
 0.30475080E+00
 0.30541768E+00
 0.30584377E+00
 0.30698481E+00
 0.30729445E+00
 0.30766242E+00
 0.30867176E+00
 0.30949229E+00
 0.31068553E+00
 0.31080500E+00
 0.31086776E+00
 0.31161424E+00
 0.31227124E+00
 0.31248399E+00
 0.31380058E+00
 0.31411861E+00
 0.31440133E+00
 0.31459898E+00
 0.31564661E+00
 0.31611845E+00
 0.31745946E+00
 0.31846818E+00
 0.31903151E+00
 0.31975225E+00
 0.32058667E+00
 0.32098816E+00
 0.32165522E+00
 0.32253635E+00
 0.32325795E+00
 0.32468304E+00
 0.32498849E+00
 0.32574915E+00
 0.32621007E+00
 0.32668813E+00
 0.32701788E+00
 0.32782079E+00
 0.32812140E+00
 0.32871235E+00
 0.32929618E+00
 0.32954437E+00
 0.33024433E+00
 0.33071347E+00
 0.33181107E+00
 0.33248613E+00
 0.33322171E+00
 0.33346299E+00
 0.33398960E+00
 0.33427477E+00
 0.33630519E+00
 0.33646247E+00
 0.33652059E+00
 0.33777495E+00
 0.33805247E+00
 0.33956999E+00
 0.33993303E+00
 0.34057665E+00
 0.34147419E+00
 0.34267688E+00
 0.34360472E+00
 0.34491209E+00
 0.34500956E+00
 0.34639881E+00
 0.34712895E+00
 0.34815273E+00
 0.34880786E+00
 0.34933987E+00
 0.34968119E+00
 0.35013785E+00
 0.35265585E+00
 0.35339200E+00
 0.35366476E+00
 0.35604940E+00
 0.35662192E+00
 0.35682739E+00
 0.35757175E+00
 0.35821415E+00
 0.35912075E+00
 0.35993409E+00
 0.36144270E+00
 0.36233888E+00
 0.36282924E+00
 0.36398572E+00
 0.36470417E+00
 0.36616462E+00
 0.36703975E+00
 0.36838545E+00
 0.36860534E+00
 0.37012975E+00
 0.37054041E+00
 0.37145020E+00
 0.37171118E+00
 0.37202803E+00
 0.37329606E+00
 0.37394638E+00
 0.37520824E+00
 0.37526669E+00
 0.37573233E+00
 0.37736498E+00
 0.37800421E+00
 0.37880480E+00
 0.38015359E+00
 0.38125584E+00
 0.38199231E+00
 0.38311905E+00
 0.38470084E+00
 0.38592504E+00
 0.38701590E+00
 0.38726911E+00
 0.38886551E+00
 0.39008585E+00
 0.39051317E+00
 0.39074655E+00
 0.39094950E+00
 0.39149497E+00
 0.39196225E+00
 0.39374283E+00
 0.39494456E+00
 0.39584149E+00
 0.39652135E+00
 0.39686045E+00
 0.39861957E+00
 0.40009807E+00
 0.40140169E+00
 0.40207727E+00
 0.40258862E+00
 0.40310892E+00
 0.40360059E+00
 0.40537801E+00
 0.40718808E+00
 0.40759077E+00
 0.41002846E+00
 0.41044998E+00
 0.41153237E+00
 0.41207790E+00
 0.41244387E+00
 0.41496453E+00
 0.41639113E+00
 0.41815175E+00
 0.41857877E+00
 0.41926875E+00
 0.42106749E+00
 0.42133508E+00
 0.42322020E+00
 0.42390191E+00
 0.42576532E+00
 0.42670252E+00
 0.42800347E+00
 0.43056503E+00
 0.43186316E+00
 0.43362083E+00
 0.43435353E+00
 0.43574189E+00
 0.43716598E+00
 0.43864190E+00
 0.43951652E+00
 0.43987037E+00
 0.44007525E+00
 0.44588767E+00
 0.44727454E+00
 0.44975184E+00
 0.45020672E+00
 0.45173491E+00
 0.45307900E+00
 0.45488618E+00
 0.45683627E+00
 0.45797109E+00
 0.45852590E+00
 0.46000977E+00
 0.46057660E+00
 0.46243358E+00
 0.46488769E+00
 0.46713794E+00
 0.46748949E+00
 0.46830524E+00
 0.46985693E+00
 0.47269974E+00
 0.47292348E+00
 0.47391215E+00
 0.47555110E+00
 0.47673904E+00
 0.47733509E+00
 0.47960442E+00
 0.48244224E+00
 0.48575174E+00
 0.48589640E+00
 0.48791646E+00
 0.48860637E+00
 0.48894202E+00
 0.49011367E+00
 0.49054836E+00
 0.49377879E+00
 0.49479353E+00
 0.49817559E+00
 0.50186615E+00
 0.50411556E+00
 0.50455991E+00
 0.50589075E+00
 0.50706447E+00
 0.50784195E+00
 0.50863849E+00
 0.51094589E+00
 0.51243669E+00
 0.51419833E+00
 0.51593987E+00
 0.51674545E+00
 0.52022743E+00
 0.52163075E+00
 0.52225100E+00
 0.52366006E+00
 0.52440566E+00
 0.52533921E+00
 0.52612183E+00
 0.52668983E+00
 0.52744013E+00
 0.52839061E+00
 0.53041331E+00
 0.53312590E+00
 0.53636953E+00
 0.53665815E+00
 0.53842899E+00
 0.54043887E+00
 0.54466030E+00
 0.54530949E+00
 0.54562118E+00
 0.54705266E+00
 0.54796508E+00
 0.54875329E+00
 0.54996897E+00
 0.55349750E+00
 0.55407549E+00
 0.55518224E+00
 0.56012662E+00
 0.56268093E+00
 0.56609210E+00
 0.56679004E+00
 0.57494566E+00
 0.57634304E+00
 0.58606265E+00
 0.58755339E+00
 0.59005178E+00
 0.59049389E+00
 0.59176234E+00
 0.59244607E+00
 0.60009880E+00
 0.60060614E+00
 0.60784938E+00
 0.60822008E+00
 0.62037009E+00
 0.62155655E+00
 0.62174431E+00
 0.62223115E+00
 0.62673972E+00
 0.62733782E+00
 0.62830560E+00
 0.62915550E+00
 0.62949052E+00
 0.63096996E+00
 0.63227824E+00
 0.63250566E+00
 0.63565455E+00
 0.63646759E+00
 0.63843685E+00
 0.63875299E+00
 0.64010152E+00
 0.64171099E+00
 0.64293493E+00
 0.64324975E+00
 0.64443209E+00
 0.64606070E+00
 0.64636460E+00
 0.64750849E+00
 0.64813889E+00
 0.64873608E+00
 0.64975058E+00
 0.65001278E+00
 0.65157942E+00
 0.65200546E+00
 0.65381379E+00
 0.65474240E+00
 0.65549891E+00
 0.65748203E+00
 0.65962881E+00
 0.66043915E+00
 0.66250469E+00
 0.66338651E+00
 0.66520207E+00
 0.66571648E+00
 0.66782056E+00
 0.66820316E+00
 0.67114503E+00
 0.67135839E+00
 0.67255833E+00
 0.67475773E+00
 0.67752103E+00
 0.67755262E+00
 0.67860786E+00
 0.67952584E+00
 0.68028460E+00
 0.68080632E+00
 0.68126830E+00
 0.68159121E+00
 0.68279921E+00
 0.68407267E+00
 0.68468117E+00
 0.68591443E+00
 0.68675234E+00
 0.68854930E+00
 0.68873802E+00
 0.68943958E+00
 0.69234375E+00
 0.69266921E+00
 0.69338498E+00
 0.69382302E+00
 0.69478958E+00
 0.69548195E+00
 0.69642541E+00
 0.69732472E+00
 0.69854021E+00
 0.69969897E+00
 0.70055707E+00
 0.70116978E+00
 0.70289729E+00
 0.70393816E+00
 0.70579673E+00
 0.70895510E+00
 0.71032238E+00
 0.71116961E+00
 0.71239804E+00
 0.71278253E+00
 0.71609966E+00
 0.71651070E+00
 0.71732829E+00
 0.71795959E+00
 0.71830248E+00
 0.71849885E+00
 0.71888229E+00
 0.71922610E+00
 0.72041330E+00
 0.72065200E+00
 0.72129750E+00
 0.72282640E+00
 0.72420480E+00
 0.72501843E+00
 0.72677573E+00
 0.72760079E+00
 0.72928112E+00
 0.73015555E+00
 0.73121396E+00
 0.73154685E+00
 0.73257165E+00
 0.73333594E+00
 0.73384592E+00
 0.73426044E+00
 0.73472399E+00
 0.73521811E+00
 0.73578827E+00
 0.73917106E+00
 0.73964807E+00
 0.74025569E+00
 0.74053183E+00
 0.74143865E+00
 0.74197996E+00
 0.74325382E+00
 0.74523574E+00
 0.74702217E+00
 0.74809119E+00
 0.75130479E+00
 0.75252496E+00
 0.75394238E+00
 0.75638751E+00
 0.75699607E+00
 0.75706924E+00
 0.75902134E+00
 0.75928971E+00
 0.76322151E+00
 0.76499320E+00
 0.76531305E+00
 0.76669832E+00
 0.76742966E+00
 0.76752059E+00
 0.76952165E+00
 0.77180761E+00
 0.77201717E+00
 0.77246868E+00
 0.77319204E+00
 0.77405316E+00
 0.77609195E+00
 0.77685860E+00
 0.77730227E+00
 0.77836275E+00
 0.78029486E+00
 0.78130622E+00
 0.78275632E+00
 0.78345038E+00
 0.78506731E+00
 0.78579140E+00
 0.78594644E+00
 0.78658160E+00
 0.78808801E+00
 0.78880141E+00
 0.79372918E+00
 0.79765795E+00
 0.79862221E+00
 0.80023912E+00
 0.80144510E+00
 0.80246123E+00
 0.80274083E+00
 0.80355074E+00
 0.80535704E+00
 0.80866538E+00
 0.80926163E+00
 0.81019764E+00
 0.81238259E+00
 0.81379332E+00
 0.81454591E+00
 0.81494651E+00
 0.81566644E+00
 0.81926215E+00
 0.82071650E+00
 0.82139642E+00
 0.82367779E+00
 0.82492281E+00
 0.82546891E+00
 0.82718545E+00
 0.83046440E+00
 0.83275671E+00
 0.83308688E+00
 0.83673708E+00
 0.83740378E+00
 0.83795955E+00
 0.83855678E+00
 0.83920969E+00
 0.83965345E+00
 0.84132178E+00
 0.84153298E+00
 0.84241718E+00
 0.84342151E+00
 0.84437252E+00
 0.84514594E+00
 0.84693423E+00
 0.84779226E+00
 0.84930533E+00
 0.85024104E+00
 0.85170779E+00
 0.85328843E+00
 0.85765419E+00
 0.85815335E+00
 0.85907778E+00
 0.86091350E+00
 0.86505640E+00
 0.86907125E+00
 0.86973715E+00
 0.86986288E+00
 0.87303077E+00
 0.87608790E+00
 0.87792767E+00
 0.87806287E+00
 0.87891539E+00
 0.88120902E+00
 0.88282924E+00
 0.88425262E+00
 0.88659323E+00
 0.88975488E+00
 0.89696147E+00
 0.89772783E+00
 0.89905750E+00
 0.90091756E+00
 0.90189123E+00
 0.90456581E+00
 0.90477945E+00
 0.90883443E+00
 0.90965800E+00
 0.91024823E+00
 0.91195262E+00
 0.91414394E+00
 0.91794630E+00
 0.91880114E+00
 0.92194810E+00
 0.92210023E+00
 0.92988669E+00
 0.93061179E+00
 0.93333058E+00
 0.93447009E+00
 0.93503043E+00
 0.93634259E+00
 0.93701318E+00
 0.93784017E+00
 0.94109763E+00
 0.94272294E+00
 0.94556380E+00
 0.94584796E+00
 0.94758799E+00
 0.94830636E+00
 0.95044416E+00
 0.95146300E+00
 0.95386631E+00
 0.95572573E+00
 0.95737767E+00
 0.95821809E+00
 0.95932764E+00
 0.96125385E+00
 0.96210450E+00
 0.96371713E+00
 0.96418721E+00
 0.96577239E+00
 0.96776429E+00
 0.97081796E+00
 0.97189370E+00
 0.97271195E+00
 0.97396978E+00
 0.97538790E+00
 0.97978720E+00
 0.98044553E+00
 0.98208137E+00
 0.98309793E+00
 0.98560502E+00
 0.98814389E+00
 0.98941770E+00
 0.99042043E+00
 0.99267192E+00
 0.99369158E+00
 0.99610300E+00
 0.99778959E+00
 0.99831449E+00
 0.99909940E+00
 0.99946332E+00
 0.10003831E+01
 0.10018364E+01
 0.10032258E+01
 0.10040825E+01
 0.10061832E+01
 0.10078086E+01
 0.10086003E+01
 0.10095340E+01
 0.10101458E+01
 0.10108839E+01
 0.10114019E+01
 0.10132456E+01
 0.10139432E+01
 0.10155152E+01
 0.10167664E+01
 0.10177418E+01
 0.10201333E+01
 0.10205029E+01
 0.10213098E+01
 0.10235165E+01
 0.10260621E+01
 0.10277928E+01
 0.10291321E+01
 0.10303472E+01
 0.10317192E+01
 0.10321830E+01
 0.10340327E+01
 0.10388980E+01
 0.10397636E+01
 0.10408750E+01
 0.10420093E+01
 0.10423692E+01
 0.10431942E+01
 0.10462478E+01
 0.10472293E+01
 0.10490005E+01
 0.10495575E+01
 0.10526701E+01
 0.10547010E+01
 0.10564992E+01
 0.10585873E+01
 0.10589246E+01
 0.10594967E+01
 0.10622354E+01
 0.10661076E+01
 0.10674553E+01
 0.10692553E+01
 0.10712458E+01
 0.10712595E+01
 0.10734655E+01
 0.10742278E+01
 0.10744821E+01
 0.10757212E+01
 0.10766732E+01
 0.10769466E+01
 0.10795097E+01
 0.10813175E+01
 0.10816420E+01
 0.10831486E+01
 0.10834787E+01
 0.10858263E+01
 0.10860885E+01
 0.10873427E+01
 0.10935565E+01
 0.10965927E+01
 0.10979663E+01
 0.10987578E+01
 0.11011922E+01
 0.11017914E+01
 0.11038967E+01
 0.11060684E+01
 0.11067744E+01
 0.11085670E+01
 0.11104704E+01
 0.11132475E+01
 0.11165888E+01
 0.11176034E+01
 0.11184007E+01
 0.11207639E+01
 0.11212948E+01
 0.11264648E+01
 0.11275011E+01
 0.11281568E+01
 0.11287022E+01
 0.11295559E+01
 0.11315498E+01
 0.11322011E+01
 0.11326546E+01
 0.11360601E+01
 0.11370290E+01
 0.11381030E+01
 0.11396564E+01
 0.11410520E+01
 0.11416423E+01
 0.11441738E+01
 0.11443176E+01
 0.11445975E+01
 0.11462473E+01
 0.11485753E+01
 0.11492076E+01
 0.11501598E+01
 0.11506979E+01
 0.11530041E+01
 0.11547221E+01
 0.11565497E+01
 0.11582930E+01
 0.11585455E+01
 0.11615393E+01
 0.11628420E+01
 0.11645826E+01
 0.11655507E+01
 0.11668729E+01
 0.11682890E+01
 0.11686770E+01
 0.11693795E+01
 0.11694853E+01
 0.11745165E+01
 0.11748865E+01
 0.11791756E+01
 0.11798445E+01
 0.11841627E+01
 0.11850234E+01
 0.11866755E+01
 0.11884986E+01
 0.11899820E+01
 0.11923699E+01
 0.11931268E+01
 0.11952224E+01
 0.11957383E+01
 0.11982885E+01
 0.12002093E+01
 0.12016887E+01
 0.12058452E+01
 0.12113717E+01
 0.12131756E+01
 0.12145151E+01
 0.12179606E+01
 0.12194261E+01
 0.12200164E+01
 0.12216057E+01
 0.12223872E+01
 0.12226153E+01
 0.12237005E+01
 0.12249094E+01
 0.12290323E+01
 0.12298123E+01
 0.12307520E+01
 0.12319866E+01
 0.12335535E+01
 0.12345075E+01
 0.12369617E+01
 0.12381624E+01
 0.12414433E+01
 0.12428464E+01
 0.12431889E+01
 0.12445037E+01
 0.12445473E+01
 0.12462918E+01
 0.12480897E+01
 0.12485945E+01
 0.12490310E+01
 0.12498606E+01
 0.12518210E+01
 0.12529409E+01
 0.12538740E+01
 0.12552268E+01
 0.12559031E+01
 0.12568528E+01
 0.12577336E+01
 0.12589301E+01
 0.12601181E+01
 0.12620590E+01
 0.12628166E+01
 0.12634998E+01
 0.12642870E+01
 0.12657553E+01
 0.12659845E+01
 0.12665039E+01
 0.12687596E+01
 0.12692314E+01
 0.12700365E+01
 0.12723552E+01
 0.12724134E+01
 0.12741028E+01
 0.12742787E+01
 0.12767234E+01
 0.12786478E+01
 0.12791801E+01
 0.12804484E+01
 0.12810846E+01
 0.12819519E+01
 0.12828988E+01
 0.12835776E+01
 0.12837339E+01
 0.12858747E+01
 0.12869050E+01
 0.12874406E+01
 0.12903036E+01
 0.12908172E+01
 0.12912967E+01
 0.12916041E+01
 0.12938685E+01
 0.12948733E+01
 0.12965831E+01
 0.12969712E+01
 0.12990154E+01
 0.12993754E+01
 0.13026363E+01
 0.13027620E+01
 0.13059004E+01
 0.13063921E+01
 0.13074900E+01
 0.13089759E+01
 0.13146750E+01
 0.13153930E+01
 0.13166656E+01
 0.13179250E+01
 0.13186461E+01
 0.13191232E+01
 0.13238032E+01
 0.13250984E+01
 0.13270839E+01
 0.13291682E+01
 0.13294898E+01
 0.13297696E+01
 0.13322958E+01
 0.13328333E+01
 0.13359743E+01
 0.13371856E+01
 0.13378113E+01
 0.13386114E+01
 0.13397228E+01
 0.13414787E+01
 0.13416557E+01
 0.13455782E+01
 0.13465272E+01
 0.13492442E+01
 0.13504687E+01
 0.13512680E+01
 0.13513207E+01
 0.13523194E+01
 0.13548559E+01
 0.13569930E+01
 0.13573544E+01
 0.13574701E+01
 0.13638779E+01
 0.13644943E+01
 0.13650179E+01
 0.13657494E+01
 0.13668255E+01
 0.13695962E+01
 0.13758456E+01
 0.13777621E+01
 0.13808578E+01
 0.13827452E+01
 0.13835287E+01
 0.13853595E+01
 0.13861759E+01
 0.13877997E+01
 0.13887377E+01
 0.13919487E+01
 0.13968383E+01
 0.13981612E+01
 0.13995183E+01
 0.14012179E+01
 0.14035900E+01
 0.14046565E+01
 0.14058707E+01
 0.14078327E+01
 0.14137326E+01
 0.14144297E+01
 0.14175493E+01
 0.14179116E+01
 0.14235546E+01
 0.14243338E+01
 0.14411503E+01
 0.14430895E+01
 0.14439787E+01
 0.14448317E+01
 0.14465100E+01
 0.14478556E+01
 0.14495639E+01
 0.14533106E+01
 0.14544503E+01
 0.14545438E+01
 0.14622432E+01
 0.14626876E+01
 0.14691106E+01
 0.14699853E+01
 0.14730003E+01
 0.14733247E+01
 0.14792242E+01
 0.14792875E+01
 0.14806688E+01
 0.14827921E+01
 0.14868202E+01
 0.14886879E+01
 0.14890776E+01
 0.14931784E+01
 0.15035577E+01
 0.15045889E+01
 0.15082840E+01
 0.15085913E+01
 0.15098944E+01
 0.15108119E+01
 0.15117895E+01
 0.15121595E+01
 0.15131613E+01
 0.15142568E+01
 0.15177146E+01
 0.15227023E+01
 0.15235439E+01
 0.15269426E+01
 0.15272411E+01
 0.15353944E+01
 0.15357289E+01
 0.15372943E+01
 0.15375307E+01
 0.15418337E+01
 0.15439625E+01
 0.15457938E+01
 0.15492689E+01
 0.15528118E+01
 0.15544341E+01
 0.15673193E+01
 0.15680564E+01
 0.15700835E+01
 0.15719082E+01
 0.15773202E+01
 0.15791775E+01
 0.15817305E+01
 0.15868559E+01
 0.15875382E+01
 0.15884334E+01
 0.15892191E+01
 0.15914743E+01
 0.15929417E+01
 0.15951995E+01
 0.15967362E+01
 0.15977366E+01
 0.16019742E+01
 0.16021280E+01
 0.16050203E+01
 0.16064963E+01
 0.16067800E+01
 0.16069252E+01
 0.16092739E+01
 0.16098871E+01
 0.16138359E+01
 0.16153018E+01
 0.16188176E+01
 0.16360703E+01
 0.16362274E+01
 0.16389841E+01
 0.16412934E+01
 0.16414545E+01
 0.16428605E+01
 0.16429456E+01
 0.16438862E+01
 0.16440921E+01
 0.16443626E+01
 0.16447657E+01
 0.16455107E+01
 0.16460546E+01
 0.16468752E+01
 0.16478924E+01
 0.16494790E+01
 0.16495777E+01
 0.16538875E+01
 0.16575319E+01
 0.16582132E+01
 0.16613578E+01
 0.16621027E+01
 0.16673104E+01
 0.16675947E+01
 0.16700799E+01
 0.16710294E+01
 0.16718157E+01
 0.16736518E+01
 0.16741495E+01
 0.16772071E+01
 0.16784064E+01
 0.16790991E+01
 0.16826709E+01
 0.16865059E+01
 0.16925704E+01
 0.16947505E+01
 0.16979161E+01
 0.17021869E+01
 0.17044766E+01
 0.17049054E+01
 0.17066005E+01
 0.17072515E+01
 0.17080780E+01
 0.17087807E+01
 0.17094215E+01
 0.17099312E+01
 0.17136203E+01
 0.17137025E+01
 0.17146771E+01
 0.17148986E+01
 0.17155598E+01
 0.17158392E+01
 0.17180128E+01
 0.17185146E+01
 0.17250428E+01
 0.17258513E+01
 0.17283931E+01
 0.17295771E+01
 0.17303267E+01
 0.17305885E+01
 0.17317066E+01
 0.17321854E+01
 0.17342577E+01
 0.17354101E+01
 0.17368138E+01
 0.17376411E+01
 0.17445985E+01
 0.17455874E+01
 0.17461842E+01
 0.17466376E+01
 0.17505468E+01
 0.17513653E+01
 0.17531647E+01
 0.17533081E+01
 0.17567280E+01
 0.17577764E+01
 0.17577793E+01
 0.17587888E+01
 0.17621990E+01
 0.17622775E+01
 0.17628323E+01
 0.17637241E+01
 0.17648811E+01
 0.17668488E+01
 0.17691311E+01
 0.17692483E+01
 0.17711767E+01
 0.17713926E+01
 0.17774123E+01
 0.17784989E+01
 0.17785617E+01
 0.17798643E+01
 0.17800094E+01
 0.17824448E+01
 0.17841123E+01
 0.17845376E+01
 0.17879891E+01
 0.17918942E+01
 0.17927689E+01
 0.17932254E+01
 0.17943367E+01
 0.17945380E+01
 0.17952772E+01
 0.17953680E+01
 0.17966185E+01
 0.17970252E+01
 0.17987404E+01
 0.17989192E+01
 0.17998194E+01
 0.18002788E+01
 0.18006490E+01
 0.18008150E+01
 0.18040942E+01
 0.18074764E+01
 0.18075272E+01
 0.18077497E+01
 0.18089710E+01
 0.18092697E+01
 0.18102138E+01
 0.18104637E+01
 0.18123986E+01
 0.18126583E+01
 0.18148498E+01
 0.18164570E+01
 0.18168948E+01
 0.18188160E+01
 0.18204277E+01
 0.18207591E+01
 0.18262492E+01
 0.18265086E+01
 0.18278310E+01
 0.18324377E+01
 0.18327192E+01
 0.18357048E+01
 0.18399160E+01
 0.18407390E+01
 0.18422244E+01
 0.18433406E+01
 0.18448688E+01
 0.18460327E+01
 0.18497202E+01
 0.18508047E+01
 0.18539451E+01
 0.18574257E+01
 0.18578523E+01
 0.18588543E+01
 0.18614736E+01
 0.18617118E+01
 0.18651911E+01
 0.18682083E+01
 0.18700802E+01
 0.18708444E+01
 0.18710227E+01
 0.18743480E+01
 0.18786737E+01
 0.18791428E+01
 0.18805724E+01
 0.18819860E+01
 0.18840001E+01
 0.18852168E+01
 0.18860146E+01
 0.18862676E+01
 0.18914810E+01
 0.18963208E+01
 0.18968481E+01
 0.18973369E+01
 0.19004507E+01
 0.19029458E+01
 0.19034826E+01
 0.19035554E+01
 0.19047105E+01
 0.19065243E+01
 0.19068138E+01
 0.19074926E+01
 0.19092790E+01
 0.19095717E+01
 0.19119254E+01
 0.19134934E+01
 0.19184866E+01
 0.19222853E+01
 0.19236173E+01
 0.19251010E+01
 0.19284870E+01
 0.19290378E+01
 0.19335460E+01
 0.19364718E+01
 0.19423274E+01
 0.19473395E+01
 0.19487298E+01
 0.19506713E+01
 0.19542511E+01
 0.19573707E+01
 0.19598626E+01
 0.19620257E+01
 0.19656558E+01
 0.19660935E+01
 0.19681238E+01
 0.19710124E+01
 0.19759208E+01
 0.19780767E+01
 0.19801485E+01
 0.19806554E+01
 0.19821019E+01
 0.19831329E+01
 0.19832004E+01
 0.19895339E+01
 0.19933552E+01
 0.19940674E+01
 0.19964978E+01
 0.19966368E+01
 0.20018564E+01
 0.20028593E+01
 0.20062276E+01
 0.20084993E+01
 0.20100212E+01
 0.20116889E+01
 0.20132234E+01
 0.20142355E+01
 0.20150506E+01
 0.20170756E+01
 0.20224745E+01
 0.20256652E+01
 0.20274459E+01
 0.20291270E+01
 0.20300716E+01
 0.20306428E+01
 0.20318314E+01
 0.20327405E+01
 0.20333714E+01
 0.20352365E+01
 0.20354760E+01
 0.20366130E+01
 0.20387065E+01
 0.20398838E+01
 0.20456859E+01
 0.20476619E+01
 0.20477519E+01
 0.20485290E+01
 0.20499027E+01
 0.20524439E+01
 0.20540260E+01
 0.20555482E+01
 0.20618615E+01
 0.20641837E+01
 0.20694197E+01
 0.20702767E+01
 0.20746698E+01
 0.20748571E+01
 0.20761134E+01
 0.20771373E+01
 0.20784862E+01
 0.20786716E+01
 0.20829500E+01
 0.20831568E+01
 0.20836638E+01
 0.20842186E+01
 0.20855312E+01
 0.20858565E+01
 0.20887890E+01
 0.20940117E+01
 0.20969455E+01
 0.20971623E+01
 0.20974272E+01
 0.20982547E+01
 0.20987164E+01
 0.21006595E+01
 0.21018363E+01
 0.21020305E+01
 0.21053533E+01
 0.21069320E+01
 0.21111664E+01
 0.21116194E+01
 0.21131645E+01
 0.21143886E+01
 0.21173886E+01
 0.21181964E+01
 0.21198020E+01
 0.21236869E+01
 0.21253822E+01
 0.21269717E+01
 0.21289026E+01
 0.21313998E+01
 0.21349371E+01
 0.21352336E+01
 0.21367564E+01
 0.21374198E+01
 0.21394326E+01
 0.21419410E+01
 0.21440009E+01
 0.21504297E+01
 0.21509699E+01
 0.21510409E+01
 0.21526284E+01
 0.21527981E+01
 0.21580904E+01
 0.21587655E+01
 0.21613171E+01
 0.21642409E+01
 0.21692347E+01
 0.21694842E+01
 0.21708980E+01
 0.21714155E+01
 0.21720572E+01
 0.21739665E+01
 0.21785417E+01
 0.21803725E+01
 0.21903234E+01
 0.21903794E+01
 0.21943629E+01
 0.21984610E+01
 0.21999000E+01
 0.22008816E+01
 0.22021547E+01
 0.22086825E+01
 0.22106055E+01
 0.22128793E+01
 0.22134723E+01
 0.22181442E+01
 0.22199505E+01
 0.22202448E+01
 0.22240749E+01
 0.22268372E+01
 0.22283747E+01
 0.22299385E+01
 0.22348011E+01
 0.22373918E+01
 0.22376625E+01
 0.22393174E+01
 0.22397315E+01
 0.22405599E+01
 0.22406199E+01
 0.22479603E+01
 0.22483895E+01
 0.22494049E+01
 0.22497887E+01
 0.22546529E+01
 0.22560074E+01
 0.22564835E+01
 0.22582653E+01
 0.22586701E+01
 0.22640247E+01
 0.22649531E+01
 0.22728392E+01
 0.22736278E+01
 0.22768592E+01
 0.22794760E+01
 0.22864920E+01
 0.22905835E+01
 0.22990370E+01
 0.22999567E+01
 0.23082909E+01
 0.23100912E+01
 0.23124489E+01
 0.23135983E+01
 0.23159606E+01
 0.23159817E+01
 0.23173298E+01
 0.23178564E+01
 0.23186057E+01
 0.23196961E+01
 0.23221708E+01
 0.23226754E+01
 0.23232333E+01
 0.23236854E+01
 0.23297341E+01
 0.23338481E+01
 0.23341647E+01
 0.23363042E+01
 0.23366470E+01
 0.23378425E+01
 0.23406491E+01
 0.23422356E+01
 0.23427690E+01
 0.23461841E+01
 0.23465912E+01
 0.23481731E+01
 0.23548610E+01
 0.23548997E+01
 0.23600655E+01
 0.23600845E+01
 0.23699684E+01
 0.23732774E+01
 0.23742119E+01
 0.23744252E+01
 0.23783187E+01
 0.23785187E+01
 0.23823983E+01
 0.23826369E+01
 0.23847871E+01
 0.23851298E+01
 0.23900443E+01
 0.23920441E+01
 0.23942291E+01
 0.23948735E+01
 0.23978790E+01
 0.23983488E+01
 0.23984907E+01
 0.23988244E+01
 0.23996810E+01
 0.23997369E+01
 0.24097041E+01
 0.24116371E+01
 0.24135709E+01
 0.24143709E+01
 0.24181719E+01
 0.24187921E+01
 0.24205037E+01
 0.24220818E+01
 0.24225971E+01
 0.24266398E+01
 0.24334785E+01
 0.24358166E+01
 0.24377158E+01
 0.24382059E+01
 0.24447012E+01
 0.24459244E+01
 0.24487332E+01
 0.24510560E+01
 0.24535727E+01
 0.24573752E+01
 0.24577279E+01
 0.24618059E+01
 0.24650491E+01
 0.24774922E+01
 0.24790574E+01
 0.24814211E+01
 0.24821580E+01
 0.24824079E+01
 0.24854690E+01
 0.24884558E+01
 0.24943460E+01
 0.24961649E+01
 0.24963910E+01
 0.24992239E+01
 0.25034519E+01
 0.25060997E+01
 0.25124757E+01
 0.25128753E+01
 0.25171550E+01
 0.25193606E+01
 0.25214940E+01
 0.25236539E+01
 0.25279285E+01
 0.25280498E+01
 0.25298181E+01
 0.25303041E+01
 0.25338395E+01
 0.25383942E+01
 0.25418295E+01
 0.25430927E+01
 0.25432687E+01
 0.25477737E+01
 0.25519999E+01
 0.25551432E+01
 0.25601484E+01
 0.25625959E+01
 0.25636803E+01
 0.25652653E+01
 0.25747754E+01
 0.25761883E+01
 0.25775461E+01
 0.25829901E+01
 0.25860951E+01
 0.25882452E+01
 0.25920910E+01
 0.25928704E+01
 0.25967156E+01
 0.25996986E+01
 0.25999770E+01
 0.26006738E+01
 0.26007640E+01
 0.26024100E+01
 0.26200511E+01
 0.26212602E+01
 0.26271492E+01
 0.26281031E+01
 0.26316502E+01
 0.26377688E+01
 0.26417177E+01
 0.26430668E+01
 0.26479823E+01
 0.26498959E+01
 0.26522678E+01
 0.26539249E+01
 0.26605135E+01
 0.26611150E+01
 0.26633699E+01
 0.26664522E+01
 0.26727968E+01
 0.26749963E+01
 0.26766685E+01
 0.26771119E+01
 0.26836941E+01
 0.26842298E+01
 0.26850715E+01
 0.26855191E+01
 0.26881954E+01
 0.26900368E+01
 0.26912706E+01
 0.26964562E+01
 0.26968068E+01
 0.26986313E+01
 0.27008146E+01
 0.27017006E+01
 0.27048325E+01
 0.27099410E+01
 0.27110195E+01
 0.27119528E+01
 0.27140083E+01
 0.27142358E+01
 0.27170302E+01
 0.27174391E+01
 0.27238371E+01
 0.27293305E+01
 0.27310775E+01
 0.27328353E+01
 0.27333092E+01
 0.27385941E+01
 0.27395565E+01
 0.27409603E+01
 0.27519872E+01
 0.27558566E+01
 0.27640935E+01
 0.27656761E+01
 0.27679415E+01
 0.27692569E+01
 0.27713287E+01
 0.27717900E+01
 0.27770688E+01
 0.27776807E+01
 0.27824238E+01
 0.27835518E+01
 0.27886893E+01
 0.27894509E+01
 0.27939892E+01
 0.27946509E+01
 0.28016464E+01
 0.28046887E+01
 0.28121116E+01
 0.28136126E+01
 0.28169022E+01
 0.28170640E+01
 0.28206820E+01
 0.28215264E+01
 0.28237624E+01
 0.28241401E+01
 0.28276520E+01
 0.28295910E+01
 0.28305327E+01
 0.28317316E+01
 0.28333696E+01
 0.28349779E+01
 0.28381260E+01
 0.28454170E+01
 0.28456591E+01
 0.28494633E+01
 0.28503864E+01
 0.28514082E+01
 0.28514844E+01
 0.28556731E+01
 0.28705189E+01
 0.28796748E+01
 0.28871868E+01
 0.28889318E+01
 0.28914078E+01
 0.28917744E+01
 0.28929076E+01
 0.28951698E+01
 0.28963619E+01
 0.28975317E+01
 0.29016212E+01
 0.29017394E+01
 0.29100022E+01
 0.29116555E+01
 0.29216718E+01
 0.29257664E+01
 0.29260156E+01
 0.29301196E+01
 0.29319019E+01
 0.29342571E+01
 0.29387698E+01
 0.29413990E+01
 0.29482698E+01
 0.29496567E+01
 0.29573499E+01
 0.29584960E+01
 0.29659601E+01
 0.29664876E+01
 0.29687366E+01
 0.29692337E+01
 0.29832591E+01
 0.29843876E+01
 0.29853224E+01
 0.29868440E+01
 0.29984036E+01
 0.29997098E+01
 0.30023427E+01
 0.30039027E+01
 0.30090356E+01
 0.30130749E+01
 0.30160061E+01
 0.30248071E+01
 0.30264493E+01
 0.30309638E+01
 0.30329226E+01
 0.30369626E+01
 0.30546892E+01
 0.30567115E+01
 0.30616513E+01
 0.30621877E+01
 0.30662070E+01
 0.30665800E+01
 0.30681468E+01
 0.30683439E+01
 0.30842317E+01
 0.30843466E+01
 0.30916132E+01
 0.30929266E+01
 0.30980638E+01
 0.31064052E+01
 0.31297891E+01
 0.31311953E+01
 0.31329457E+01
 0.31352215E+01
 0.31511727E+01
 0.31543977E+01
 0.31576805E+01
 0.31578164E+01
 0.31706687E+01
 0.31709925E+01
 0.31736221E+01
 0.31746684E+01
 0.31974593E+01
 0.31977297E+01
 0.32023352E+01
 0.32026239E+01
 0.32075197E+01
 0.32080493E+01
 0.32124084E+01
 0.32124193E+01
 0.32238162E+01
 0.32246418E+01
 0.32388023E+01
 0.32388896E+01
 0.32449729E+01
 0.32457037E+01
 0.32584935E+01
 0.32587124E+01
 0.32679567E+01
 0.32685283E+01
 0.32750136E+01
 0.32753446E+01
 0.32822739E+01
 0.32836803E+01
 0.32848925E+01
 0.32865498E+01
 0.33060441E+01
 0.33126683E+01
 0.33217970E+01
 0.33231821E+01
 0.33263765E+01
 0.33317558E+01
 0.33352042E+01
 0.33386792E+01
 0.33399391E+01
 0.33459954E+01
 0.33463820E+01
 0.33664930E+01
 0.33809922E+01
 0.33812325E+01
 0.33844443E+01
 0.33848699E+01
 0.34024506E+01
 0.34029604E+01
 0.34134044E+01
 0.34156156E+01
 0.34245706E+01
 0.34247154E+01
 0.34395928E+01
 0.34399582E+01
 0.34466478E+01
 0.34653769E+01
 0.34686264E+01
 0.34690548E+01
 0.34702324E+01
 0.34708156E+01
 0.34801685E+01
 0.34805168E+01
 0.34898664E+01
 0.34900965E+01
 0.34904187E+01
 0.34937047E+01
 0.35190658E+01
 0.35208444E+01
 0.35217056E+01
 0.35244173E+01
 0.35244963E+01
 0.35402481E+01
 0.35583037E+01
 0.35584168E+01
 0.35681777E+01
 0.35726839E+01
 0.35804755E+01
 0.35811968E+01
 0.35918035E+01
 0.36140367E+01
 0.39081342E+01
 0.39106213E+01
 0.39213977E+01
 0.39232254E+01
 0.39290862E+01
 0.39324309E+01
 0.39414473E+01
 0.39444141E+01
 0.39722986E+01
 0.39734363E+01
 0.39774493E+01
 0.39781207E+01
 0.39798026E+01
 0.39803958E+01
 0.40078158E+01
 0.40091159E+01
 0.40128530E+01
 0.40133296E+01
 0.40159628E+01
 0.40171300E+01
 0.40494540E+01
 0.40506503E+01
 0.41237493E+01
 0.41244414E+01
 0.42307102E+01
 0.42310627E+01
 0.42405319E+01
 0.42407524E+01
 0.42460707E+01
 0.42463247E+01
 0.42512674E+01
 0.42513908E+01
 0.42582074E+01
 0.42589770E+01
 0.42604116E+01
 0.42607655E+01
 0.42732603E+01
 0.42738889E+01
 0.42823830E+01
 0.42838397E+01
 0.42878280E+01
 0.42887754E+01
 0.42955333E+01
 0.42960177E+01
 0.42972275E+01
 0.42975053E+01
 0.43023820E+01
 0.43039625E+01
 0.43090935E+01
 0.43109182E+01
 0.43146942E+01
 0.43163080E+01
 0.43292489E+01
 0.43294986E+01
 0.43451117E+01
 0.43459174E+01
 0.43477522E+01
 0.43481922E+01
 0.43500810E+01
 0.43503301E+01
 0.43539066E+01
 0.43541813E+01
 0.43577863E+01
 0.43599873E+01
 0.43678160E+01
 0.43689168E+01
 0.43707372E+01
 0.43719507E+01
 0.43799092E+01
 0.43838545E+01
 0.43859515E+01
 0.43868649E+01
 0.44004019E+01
 0.44037620E+01
 0.44190328E+01
 0.44204199E+01
 0.44414877E+01
 0.44436317E+01
 0.44545846E+01
 0.44566414E+01
 0.44621244E+01
 0.44640411E+01
 0.44688271E+01
 0.44708661E+01
 0.44809345E+01
 0.44816344E+01
 0.44988712E+01
 0.44992943E+01
 0.45115297E+01
 0.45130397E+01
 0.45310206E+01
 0.45315790E+01
 0.45440798E+01
 0.45448917E+01
 0.45537392E+01
 0.45539684E+01
 0.45636175E+01
 0.45643875E+01
 0.45823326E+01
 0.45833168E+01
 0.45961761E+01
 0.45974025E+01
 0.46134055E+01
 0.46205308E+01
 0.46350038E+01
 0.46400550E+01
 0.46404315E+01
 0.46460590E+01
 0.46467907E+01
 0.46507213E+01
 0.46509422E+01
 0.46573876E+01
 0.46592237E+01
 0.46769871E+01
 0.46847357E+01
 0.46881221E+01
 0.46991752E+01
 0.47025912E+01
 0.47393645E+01
 0.47407559E+01
 0.47778757E+01
 0.47785617E+01
 0.47847915E+01
 0.47918391E+01
 0.47942634E+01
 0.47950361E+01
 0.48040010E+01
 0.48082790E+01
 0.49359168E+01
 0.49360388E+01
 0.49617998E+01
 0.49619905E+01
 0.49692289E+01
 0.49696548E+01
 0.49858839E+01
 0.49886271E+01
 0.50107103E+01
 0.50108595E+01
 0.56472106E+01
 0.56485425E+01
 0.56616249E+01
 0.56618248E+01
 0.68555351E+01
 0.68570283E+01
 0.69597333E+01
 0.69619625E+01
