     245    495       -0.00010
     248    495       -0.00018
     264    495        0.00018
     267    495       -0.00012
     434    495        0.00010
     447    495       -0.00043
     447    498       -0.00022
     457    495       -0.00014
     459    495        0.00023
     462    495       -0.00021
     464    495        0.00098
     464    498        0.00043
     464    500       -0.00012
     468    495       -0.00021
     468    498       -0.00010
     469    495        0.00058
     469    498        0.00021
     469    501        0.00010
     471    495       -0.00025
     473    495       -0.00054
     473    498       -0.00028
     473    500        0.00023
     473    501        0.00015
     473    507        0.00013
     475    495        0.00089
     475    498        0.00047
     475    500       -0.00034
     475    501       -0.00019
     475    503        0.00012
     475    506        0.00013
     475    507       -0.00019
     478    495       -0.00060
     478    498       -0.00036
     478    500        0.00024
     478    501        0.00011
     478    507        0.00013
     480    495       -0.00027
     482    495       -0.00155
     482    498       -0.00106
     482    500        0.00083
     482    501        0.00048
     482    503       -0.00029
     482    506       -0.00031
     482    507        0.00043
     483    495        0.00056
     483    498        0.00048
     483    500       -0.00057
     483    501       -0.00049
     483    503        0.00013
     483    506        0.00020
     483    507       -0.00034
     486    495        0.00350
     486    498        0.00192
     486    500       -0.00107
     486    501       -0.00034
     486    503        0.00035
     486    506        0.00037
     486    507       -0.00043
     486    513        0.00012
     488    495       -0.00151
     488    498        0.00077
     488    500       -0.00081
     488    501       -0.00048
     488    503        0.00024
     488    506        0.00024
     488    507       -0.00026
     488    513        0.00014
     489    495       -0.01762
     489    498       -0.00136
     489    500       -0.00148
     489    501       -0.00180
     489    503        0.00023
     489    506        0.00048
     489    507       -0.00065
     489    528       -0.00010
     489    530        0.00026
     489    531        0.00021
     489    535       -0.00014
     492    495       -0.02307
     492    498       -0.00303
     492    500       -0.00049
     492    501       -0.00133
     492    503       -0.00011
     492    506        0.00011
     492    507       -0.00018
     492    530        0.00020
     492    531        0.00016
     492    535       -0.00010
     493    495        0.70171
     493    496       -0.00043
     493    497        0.00012
     493    498        0.07763
     493    500       -0.01423
     493    501        0.00190
     493    503        0.00310
     493    506        0.00155
     493    507       -0.00192
     493    513        0.00116
     493    514        0.00021
     493    516       -0.00078
     493    528       -0.00014
     493    529       -0.00010
     493    530        0.00031
     493    531        0.00027
     493    532       -0.00011
     493    535       -0.00040
     493    562        0.00013
     493    598        0.00013
     493    606       -0.00011
     493    614       -0.00015
     493   1024        0.00011
     494    495       -0.02138
     494    498       -0.00235
     494    500        0.00043
