     251    495        0.00011
     254    495        0.00015
     259    495        0.00019
     261    495        0.00015
     427    495        0.00011
     434    495       -0.00014
     436    495        0.00022
     438    495        0.00022
     438    498        0.00011
     441    495        0.00011
     444    495        0.00028
     445    495        0.00022
     447    495       -0.00013
     452    495       -0.00039
     452    498       -0.00017
     456    495        0.00084
     456    498        0.00031
     456    507        0.00013
     456    513        0.00016
     457    495       -0.00082
     457    498       -0.00022
     459    495        0.00058
     459    498        0.00016
     462    495       -0.00011
     464    495        0.00059
     465    495       -0.00047
     465    498       -0.00017
     468    495       -0.00029
     469    495       -0.00118
     469    498       -0.00047
     469    500        0.00026
     469    501        0.00010
     469    507        0.00011
     471    495       -0.00028
     473    495       -0.00171
     473    498       -0.00010
     473    500       -0.00025
     473    501       -0.00030
     473    506        0.00010
     473    507       -0.00016
     475    495        0.00074
     478    500        0.00010
     478    501        0.00010
     480    495        0.00031
     482    495       -0.00213
     482    498       -0.00061
     482    500        0.00036
     482    501        0.00023
     482    506       -0.00011
     482    507        0.00020
     483    495        0.00210
     483    500        0.00048
     483    501        0.00053
     483    506       -0.00016
     483    507        0.00028
     486    495        0.00400
     486    498        0.00035
     486    500        0.00018
     486    501        0.00020
     488    495       -0.02463
     488    498       -0.00383
     488    500       -0.00011
     488    501       -0.00126
     488    503       -0.00027
     488    528       -0.00011
     488    530        0.00024
     488    531        0.00019
     488    535       -0.00014
     489    495       -0.00550
     489    498       -0.00252
     489    500        0.00171
     489    501        0.00102
     489    503       -0.00031
     489    506       -0.00034
     489    507        0.00047
     491    495        0.00022
     492    495        0.70098
     492    496       -0.00059
     492    497        0.00012
     492    498        0.08301
     492    499       -0.00012
     492    500       -0.01837
     492    501       -0.00095
     492    503        0.00388
     492    506        0.00240
     492    507       -0.00317
     492    513        0.00105
     492    514        0.00019
     492    516       -0.00080
     492    525        0.00012
     492    528       -0.00017
     492    529       -0.00013
     492    530        0.00038
     492    531        0.00034
     492    532       -0.00013
     492    535       -0.00054
     492    548       -0.00014
     492    552        0.00012
     492    562        0.00017
     492    571        0.00018
     492    581        0.00011
     492    598        0.00017
     492    606       -0.00014
     492    614       -0.00015
     492   1024        0.00011
     493    495        0.02249
     493    498        0.00449
     493    500       -0.00891
     493    501       -0.00798
     493    506        0.00030
     493    507       -0.00046
     493    528       -0.00012
     493    530        0.00028
     493    531        0.00023
     493    535       -0.00016
     494    495       -0.00069
     494    498       -0.00016
     494    500        0.00029
     494    501        0.00025
