     253    496        0.00018
     262    496        0.00024
     399    496       -0.00013
     428    496        0.00013
     429    496       -0.00012
     435    496        0.00023
     437    496       -0.00022
     437    497        0.00012
     442    496        0.00010
     443    496        0.00026
     448    496        0.00018
     450    496        0.00023
     450    497       -0.00012
     451    496       -0.00047
     451    497        0.00021
     451    514       -0.00012
     453    496        0.00052
     453    497       -0.00021
     453    514        0.00010
     460    496       -0.00111
     460    497        0.00032
     463    496        0.00045
     466    496        0.00061
     466    497       -0.00023
     466    499        0.00011
     467    496        0.00023
     470    496       -0.00122
     470    497        0.00053
     470    499       -0.00027
     470    502       -0.00012
     470    508       -0.00012
     472    496       -0.00029
     474    496        0.00190
     474    497       -0.00015
     474    499       -0.00024
     474    502       -0.00035
     474    505        0.00010
     474    508       -0.00018
     476    496       -0.00090
     476    497        0.00013
     479    496        0.00016
     479    502        0.00011
     481    496       -0.00259
     481    497        0.00062
     481    499       -0.00024
     481    502       -0.00013
     481    508       -0.00013
     484    496        0.00141
     484    499       -0.00043
     484    502       -0.00053
     484    505        0.00015
     484    508       -0.00029
     485    496       -0.00410
     485    497        0.00022
     485    499        0.00030
     485    502        0.00030
     485    505       -0.00012
     485    508        0.00014
     487    496       -0.02241
     487    497        0.00455
     487    499       -0.00080
     487    502        0.00051
     487    504       -0.00038
     487    505        0.00018
     487    508       -0.00021
     487    530       -0.00014
     487    531        0.00015
     487    536       -0.00010
     490    496       -0.00766
     490    497       -0.00051
     490    499        0.00166
     490    502        0.00178
     490    504        0.00019
     490    505       -0.00032
     490    508        0.00050
     490    529       -0.00010
     490    530       -0.00017
     490    531        0.00018
     490    536       -0.00014
     491    495        0.00051
     491    496        0.70034
     491    497       -0.08829
     491    498        0.00011
     491    499        0.01867
     491    500       -0.00013
     491    502        0.00231
     491    504        0.00370
     491    505       -0.00223
     491    508        0.00324
     491    513       -0.00018
     491    514        0.00102
     491    515       -0.00084
     491    525        0.00014
     491    528        0.00019
     491    529       -0.00022
     491    530       -0.00036
     491    531        0.00042
     491    536       -0.00054
     491    549       -0.00015
     491    550       -0.00016
     491    552        0.00012
     491    561       -0.00016
     491    571       -0.00015
     491    581        0.00011
     491    596       -0.00017
     491    598        0.00013
     491    604        0.00014
     491    619       -0.00012
     491   1023       -0.00011
     491   1029        0.00012
     492    496       -0.00020
     493    496        0.00068
     493    499        0.00026
     493    502        0.00031
     494    496        0.02245
     494    497       -0.00297
     494    499        0.00994
     494    502        0.00978
     494    505       -0.00033
     494    508        0.00055
     494    515       -0.00010
     494    525        0.00011
     494    528        0.00014
     494    529       -0.00015
     494    530       -0.00025
     494    531        0.00027
     494    536       -0.00020
