     248    500       -0.00013
     248    501       -0.00014
     264    500        0.00013
     264    501        0.00015
     267    501       -0.00010
     438    500        0.00016
     440    501       -0.00015
     447    498        0.00012
     447    500       -0.00017
     447    501       -0.00030
     456    500        0.00023
     456    501        0.00011
     459    495       -0.00013
     459    500        0.00014
     459    501        0.00013
     462    500       -0.00014
     462    501       -0.00019
     464    498       -0.00021
     464    500        0.00061
     464    501        0.00086
     464    503        0.00012
     465    495        0.00014
     465    501        0.00018
     468    501       -0.00017
     469    495        0.00014
     469    498       -0.00011
     469    500        0.00055
     469    501        0.00071
     469    503        0.00014
     471    500       -0.00017
     471    501       -0.00015
     473    495        0.00040
     473    498        0.00032
     473    500       -0.00056
     473    501       -0.00068
     473    503       -0.00011
     475    495       -0.00064
     475    498       -0.00051
     475    500        0.00084
     475    501        0.00106
     475    503        0.00018
     478    495        0.00043
     478    498        0.00038
     478    500       -0.00055
     478    501       -0.00078
     478    503       -0.00015
     480    500       -0.00017
     480    501       -0.00020
     482    495        0.00172
     482    498        0.00126
     482    500       -0.00146
     482    501       -0.00214
     482    503       -0.00042
     482    506       -0.00017
     482    507        0.00021
     482    513       -0.00012
     483    495       -0.00152
     483    498       -0.00079
     483    500        0.00080
     483    501        0.00096
     483    503        0.00019
     483    507       -0.00012
     486    495       -0.00202
     486    498       -0.00193
     486    500        0.00254
     486    501        0.00388
     486    503        0.00050
     486    506        0.00022
     486    507       -0.00020
     486    513        0.00017
     488    495       -0.00518
     488    498       -0.00223
     488    500       -0.00144
     488    501        0.00028
     488    503        0.00028
     489    495       -0.01350
     489    498       -0.00385
     489    500       -0.01410
     489    501       -0.00903
     489    507       -0.00010
     489    548        0.00014
     489    549       -0.00011
     489    552       -0.00011
     489    571       -0.00010
     489    639        0.00010
     489    665        0.00011
     492    495        0.01017
     492    498        0.00183
     492    499       -0.00014
     492    500       -0.02002
     492    501       -0.01451
     492    503       -0.00041
     492    506       -0.00016
     493    495        0.00310
     493    498        0.07338
     493    499        0.00403
     493    500        0.60584
     493    501        0.35460
     493    502        0.00012
     493    503        0.00762
     493    506        0.00206
     493    507       -0.00041
     493    509        0.00012
     493    513        0.00097
     493    514        0.00018
     493    516       -0.00019
     493    517        0.00013
     493    522       -0.00014
     493    530       -0.00023
     493    531       -0.00015
     493    537        0.00016
     493    541       -0.00016
     493    544       -0.00012
     493    545        0.00013
     493    546       -0.00019
     493    614       -0.00013
     493    641        0.00012
     493    643       -0.00010
     493    662        0.00012
     493    669       -0.00011
     493    980        0.00011
     494    498       -0.00225
     494    499       -0.00012
     494    500       -0.01836
     494    501       -0.01084
     494    503       -0.00023
