     247    499        0.00010
     247    502        0.00013
     263    499       -0.00011
     263    502       -0.00015
     268    502       -0.00010
     437    499       -0.00018
     439    502       -0.00015
     448    497       -0.00011
     448    499        0.00011
     448    502        0.00029
     451    502       -0.00013
     453    499        0.00023
     453    502        0.00010
     458    496       -0.00012
     460    499       -0.00014
     460    502       -0.00014
     461    499       -0.00012
     461    502       -0.00019
     463    497       -0.00021
     463    499        0.00053
     463    502        0.00090
     463    504       -0.00012
     466    496        0.00013
     466    502       -0.00011
     467    502        0.00016
     470    496       -0.00013
     470    499        0.00048
     470    502        0.00073
     470    504       -0.00013
     472    499       -0.00017
     472    502       -0.00015
     474    496        0.00037
     474    497       -0.00028
     474    499        0.00045
     474    502        0.00063
     476    496       -0.00077
     476    497        0.00059
     476    499       -0.00082
     476    502       -0.00127
     476    504        0.00020
     476    508        0.00011
     477    496        0.00019
     477    497       -0.00022
     477    499        0.00042
     477    502        0.00062
     479    496        0.00032
     479    497       -0.00028
     479    499        0.00033
     479    502        0.00061
     479    504       -0.00011
     481    496       -0.00163
     481    497        0.00118
     481    499       -0.00121
     481    502       -0.00216
     481    504        0.00039
     481    505       -0.00015
     481    508        0.00019
     481    514        0.00012
     484    496        0.00145
     484    497       -0.00074
     484    499        0.00064
     484    502        0.00091
     484    504       -0.00018
     484    508       -0.00011
     485    496       -0.00206
     485    497        0.00190
     485    499       -0.00216
     485    502       -0.00405
     485    504        0.00047
     485    505       -0.00021
     485    508        0.00019
     485    514        0.00016
     487    496        0.00872
     487    497       -0.00326
     487    499       -0.00612
     487    502       -0.00272
     487    504       -0.00029
     487    508       -0.00012
     487    514       -0.00010
     490    496       -0.01035
     490    497        0.00249
     490    499        0.01268
     490    502        0.00921
     490    549        0.00012
     490    550        0.00013
     491    496       -0.01233
     491    497        0.00182
     491    499       -0.01921
     491    500        0.00012
     491    502       -0.01462
     491    504        0.00028
     491    505       -0.00011
     493    496       -0.00012
     493    497        0.00207
     493    499        0.01822
     493    500       -0.00013
     493    502        0.01108
     493    504       -0.00021
     494    496       -0.00398
     494    497        0.06924
     494    499        0.59766
     494    500       -0.00409
     494    502        0.36903
     494    504       -0.00681
     494    505        0.00182
     494    508       -0.00041
     494    510        0.00011
     494    513        0.00016
     494    514       -0.00089
     494    515        0.00023
     494    517        0.00013
     494    522        0.00017
     494    530       -0.00019
     494    531        0.00017
     494    538        0.00019
     494    542       -0.00016
     494    544       -0.00012
     494    545       -0.00021
     494    604       -0.00011
     494    630       -0.00011
     494    638        0.00012
     494    644       -0.00013
     494    661       -0.00014
     494    981        0.00013
