     246    496        0.00012
     247    496        0.00016
     263    496       -0.00017
     268    496       -0.00011
     432    496        0.00011
     446    496        0.00011
     448    496        0.00040
     448    497       -0.00022
     453    496        0.00012
     458    496       -0.00015
     460    496       -0.00024
     461    496       -0.00020
     463    496        0.00098
     463    497       -0.00045
     463    499        0.00013
     466    496        0.00010
     467    496        0.00021
     467    497       -0.00010
     470    496        0.00056
     470    497       -0.00022
     470    502       -0.00010
     472    496       -0.00025
     474    496        0.00047
     474    497       -0.00026
     474    499        0.00020
     474    502        0.00016
     474    508        0.00012
     476    496       -0.00098
     476    497        0.00057
     476    499       -0.00039
     476    502       -0.00026
     476    504       -0.00014
     476    505        0.00015
     476    508       -0.00023
     477    496        0.00058
     477    497       -0.00027
     477    499        0.00013
     479    496        0.00043
     479    497       -0.00029
     479    499        0.00018
     481    496       -0.00152
     481    497        0.00105
     481    499       -0.00077
     481    502       -0.00053
     481    504       -0.00027
     481    505        0.00028
     481    508       -0.00042
     484    496        0.00049
     484    497       -0.00044
     484    499        0.00050
     484    502        0.00051
     484    504        0.00012
     484    505       -0.00017
     484    508        0.00032
     485    496       -0.00352
     485    497        0.00199
     485    499       -0.00106
     485    502       -0.00043
     485    504       -0.00034
     485    505        0.00035
     485    508       -0.00044
     485    514       -0.00012
     487    496       -0.00720
     487    497       -0.00027
     487    499        0.00121
     487    502        0.00116
     487    504        0.00031
     487    505       -0.00039
     487    508        0.00049
     487    514        0.00016
     487    515       -0.00011
     487    530       -0.00013
     487    531        0.00014
     490    496        0.01626
     490    497       -0.00184
     490    499       -0.00088
     490    502       -0.00154
     490    504       -0.00010
     490    505        0.00032
     490    508       -0.00049
     490    529        0.00011
     490    530        0.00017
     490    531       -0.00019
     490    536        0.00014
     491    496       -0.02276
     491    497        0.00303
     491    499        0.00051
     491    502        0.00146
     491    505       -0.00015
     491    508        0.00024
     491    529       -0.00010
     491    530       -0.00017
     491    531        0.00019
     491    536       -0.00013
     493    496        0.02126
     493    497       -0.00253
     493    499        0.00045
     494    495        0.00074
     494    496        0.70110
     494    497       -0.08289
     494    499        0.01481
     494    500       -0.00011
     494    502       -0.00084
     494    504        0.00299
     494    505       -0.00145
     494    508        0.00198
     494    513       -0.00020
     494    514        0.00114
     494    515       -0.00082
     494    525        0.00011
     494    528        0.00015
     494    529       -0.00017
     494    530       -0.00028
     494    531        0.00033
     494    536       -0.00038
     494    538       -0.00011
     494    561       -0.00012
     494    596       -0.00013
     494    604        0.00012
     494    619       -0.00010
     494   1023       -0.00011
     494   1029        0.00011
