     437    496       -0.00014
     437    497       -0.00026
     439    496        0.00012
     439    497        0.00015
     448    496       -0.00022
     453    496        0.00011
     453    497        0.00028
     460    497       -0.00013
     463    496       -0.00042
     463    499       -0.00018
     463    502       -0.00021
     466    497        0.00025
     467    496       -0.00010
     470    496       -0.00019
     470    502       -0.00015
     472    497       -0.00015
     474    496       -0.00031
     474    499       -0.00015
     474    502       -0.00023
     476    496        0.00074
     476    499        0.00027
     476    502        0.00046
     476    508        0.00011
     477    496       -0.00031
     477    499       -0.00013
     477    502       -0.00017
     479    496       -0.00040
     479    499       -0.00012
     479    502       -0.00022
     481    496        0.00152
     481    497        0.00031
     481    499        0.00047
     481    502        0.00087
     481    508        0.00021
     484    496       -0.00070
     484    499       -0.00024
     484    502       -0.00049
     484    508       -0.00013
     485    496        0.00281
     485    497        0.00032
     485    499        0.00087
     485    502        0.00128
     485    508        0.00026
     487    496       -0.00407
     487    497       -0.00892
     487    499        0.00059
     487    502       -0.00094
     487    504        0.00024
     487    505       -0.00028
     487    508       -0.00030
     487    515        0.00011
     490    496        0.00237
     490    497        0.01416
     490    499       -0.00190
     490    502        0.00015
     490    504       -0.00041
     490    505        0.00041
     490    508        0.00027
     490    514       -0.00014
     491    496       -0.00086
     491    497       -0.01863
     491    499        0.00267
     491    502        0.00054
     491    504        0.00039
     491    505       -0.00036
     491    508       -0.00014
     491    514        0.00012
     493    496        0.00254
     493    497        0.02126
     493    499       -0.00187
     493    502       -0.00091
     493    504       -0.00014
     493    505        0.00012
     494    496        0.08383
     494    497        0.69791
     494    498       -0.00098
     494    499       -0.06193
     494    500        0.00039
     494    502       -0.02951
     494    504       -0.00464
     494    505        0.00400
     494    506        0.00012
     494    508       -0.00089
     494    511       -0.00013
     494    513        0.00020
     494    514       -0.00115
     494    515       -0.00034
     494    526       -0.00015
     494    527        0.00011
     494    528       -0.00011
     494    536        0.00011
     494    538       -0.00034
     494    539        0.00011
     494    540        0.00024
     494    561        0.00010
