     438    495       -0.00014
     438    498        0.00025
     440    495       -0.00012
     440    498        0.00015
     447    495       -0.00021
     456    495       -0.00013
     456    498        0.00027
     459    498        0.00012
     464    495        0.00041
     464    500       -0.00020
     464    501       -0.00021
     465    498       -0.00024
     468    495       -0.00010
     469    495        0.00020
     469    500       -0.00012
     469    501       -0.00016
     471    498       -0.00015
     473    495       -0.00036
     473    500        0.00019
     473    501        0.00025
     475    495        0.00062
     475    500       -0.00028
     475    501       -0.00038
     478    495       -0.00050
     478    500        0.00019
     478    501        0.00029
     482    495       -0.00158
     482    498        0.00037
     482    500        0.00056
     482    501        0.00089
     482    507        0.00022
     483    495        0.00077
     483    500       -0.00031
     483    501       -0.00052
     483    507       -0.00014
     486    495        0.00281
     486    498       -0.00041
     486    500       -0.00099
     486    501       -0.00126
     486    507       -0.00025
     488    495        0.00296
     488    498       -0.00367
     488    500       -0.00010
     488    501       -0.00076
     488    506       -0.00011
     488    507       -0.00018
     489    495        0.00402
     489    498       -0.01650
     489    500        0.00197
     489    501       -0.00062
     489    503       -0.00048
     489    506       -0.00047
     489    507       -0.00039
     489    513       -0.00015
     489    516       -0.00014
     492    495       -0.00084
     492    498       -0.01846
     492    500        0.00294
     492    501        0.00067
     492    503       -0.00038
     492    506       -0.00035
     492    507       -0.00012
     492    513       -0.00011
     493    495       -0.07859
     493    497        0.00087
     493    498        0.69807
     493    499       -0.00048
     493    500       -0.06730
     493    501       -0.02848
     493    503        0.00470
     493    505       -0.00013
     493    506        0.00403
     493    507       -0.00075
     493    512       -0.00013
     493    513        0.00112
     493    514        0.00020
     493    516        0.00040
     493    527       -0.00016
     493    530        0.00013
     493    533        0.00011
     493    537       -0.00027
     493    539       -0.00032
     494    495        0.00239
     494    498       -0.02117
     494    500        0.00206
     494    501        0.00085
     494    503       -0.00014
     494    506       -0.00012
