-0.88979345E+02
-0.88979263E+02
-0.88938159E+02
-0.88937405E+02
-0.88936240E+02
-0.88935710E+02
-0.88930176E+02
-0.88930130E+02
-0.88929826E+02
-0.88929747E+02
-0.24761883E+02
-0.24761744E+02
-0.24758462E+02
-0.24758364E+02
-0.24750702E+02
-0.24750504E+02
-0.24748146E+02
-0.24747957E+02
-0.19168361E+02
-0.19167920E+02
-0.19160074E+02
-0.19159797E+02
-0.14424634E+02
-0.14423001E+02
-0.14417297E+02
-0.14415568E+02
-0.14384551E+02
-0.14384245E+02
-0.14382910E+02
-0.14382633E+02
-0.14379249E+02
-0.14379082E+02
-0.14371832E+02
-0.14371681E+02
-0.14365257E+02
-0.14365242E+02
-0.14349781E+02
-0.14349609E+02
-0.10317754E+02
-0.10317482E+02
-0.10312412E+02
-0.10312305E+02
-0.10310191E+02
-0.10309975E+02
-0.10309526E+02
-0.10309347E+02
-0.10297348E+02
-0.10297099E+02
-0.10293992E+02
-0.10293953E+02
-0.10293723E+02
-0.10293650E+02
-0.10286965E+02
-0.10286691E+02
-0.10275425E+02
-0.10275216E+02
-0.10273369E+02
-0.10273169E+02
-0.10272802E+02
-0.10272577E+02
-0.10272528E+02
-0.10272511E+02
-0.10268275E+02
-0.10268105E+02
-0.10267836E+02
-0.10267674E+02
-0.10265065E+02
-0.10265042E+02
-0.10258465E+02
-0.10256909E+02
-0.10254882E+02
-0.10254474E+02
-0.10252442E+02
-0.10252283E+02
-0.10252103E+02
-0.10251776E+02
-0.10251473E+02
-0.10251448E+02
-0.10251389E+02
-0.10250893E+02
-0.10250587E+02
-0.10250473E+02
-0.10250404E+02
-0.10250382E+02
-0.10248685E+02
-0.10248303E+02
-0.10247868E+02
-0.10246959E+02
-0.10246316E+02
-0.10245139E+02
-0.10242833E+02
-0.10242654E+02
-0.10242405E+02
-0.10241799E+02
-0.10241794E+02
-0.10241666E+02
-0.10241313E+02
-0.10241153E+02
-0.10241011E+02
-0.10241004E+02
-0.10240926E+02
-0.10240527E+02
-0.10238461E+02
-0.10238025E+02
-0.10237184E+02
-0.10236998E+02
-0.10234077E+02
-0.10233721E+02
-0.10232102E+02
-0.10231865E+02
-0.10231344E+02
-0.10231101E+02
-0.10229446E+02
-0.10229147E+02
-0.10227535E+02
-0.10227226E+02
-0.10222463E+02
-0.10222317E+02
-0.10222272E+02
-0.10221289E+02
-0.10220700E+02
-0.10220515E+02
-0.10218970E+02
-0.10218746E+02
-0.10216698E+02
-0.10215825E+02
-0.10215223E+02
-0.10215207E+02
-0.10213946E+02
-0.10213841E+02
-0.10201429E+02
-0.10201123E+02
-0.10200353E+02
-0.10200029E+02
-0.80264083E+01
-0.80263263E+01
-0.79908493E+01
-0.79900651E+01
-0.79888379E+01
-0.79882632E+01
-0.79830490E+01
-0.79826732E+01
-0.79825809E+01
-0.79822478E+01
-0.59933535E+01
-0.59932687E+01
-0.59877629E+01
-0.59876822E+01
-0.59850964E+01
-0.59850153E+01
-0.59567916E+01
-0.59559991E+01
-0.59548386E+01
-0.59542565E+01
-0.59528138E+01
-0.59520189E+01
-0.59508683E+01
-0.59502880E+01
-0.59491511E+01
-0.59488663E+01
-0.59487721E+01
-0.59487669E+01
-0.59485291E+01
-0.59480002E+01
-0.59466645E+01
-0.59461075E+01
-0.59455568E+01
-0.59451823E+01
-0.59451288E+01
-0.59447913E+01
-0.59403722E+01
-0.59399976E+01
-0.59397744E+01
-0.59394472E+01
-0.12870454E+01
-0.12869064E+01
-0.12834860E+01
-0.12833935E+01
-0.12511472E+01
-0.12507346E+01
-0.12401365E+01
-0.12399768E+01
-0.10808579E+01
-0.10797541E+01
-0.10585249E+01
-0.10582397E+01
-0.10289043E+01
-0.10284690E+01
-0.10195740E+01
-0.10187639E+01
-0.10127525E+01
-0.10119571E+01
-0.96443691E+00
-0.96440395E+00
-0.95704695E+00
-0.95688572E+00
-0.95305459E+00
-0.95288660E+00
-0.94237742E+00
-0.94214788E+00
-0.93712574E+00
-0.93700282E+00
-0.93560512E+00
-0.93531795E+00
-0.92607159E+00
-0.92591654E+00
-0.92424609E+00
-0.92403594E+00
-0.89528033E+00
-0.89463140E+00
-0.88843204E+00
-0.88833092E+00
-0.88691279E+00
-0.88669504E+00
-0.88288706E+00
-0.88231496E+00
-0.87477985E+00
-0.87447828E+00
-0.86678983E+00
-0.86675140E+00
-0.83746379E+00
-0.83736617E+00
-0.83318227E+00
-0.83303658E+00
-0.82193764E+00
-0.82192638E+00
-0.81332020E+00
-0.81312662E+00
-0.81068590E+00
-0.81043800E+00
-0.80692769E+00
-0.80688074E+00
-0.80056090E+00
-0.80040269E+00
-0.79838226E+00
-0.79828838E+00
-0.79524743E+00
-0.79485333E+00
-0.79161599E+00
-0.79110815E+00
-0.76625166E+00
-0.76609349E+00
-0.75204638E+00
-0.75130007E+00
-0.74832840E+00
-0.74749220E+00
-0.74126918E+00
-0.74120221E+00
-0.72507189E+00
-0.72493734E+00
-0.72014616E+00
-0.71958625E+00
-0.71447850E+00
-0.71379146E+00
-0.70750200E+00
-0.70666906E+00
-0.69974751E+00
-0.69974337E+00
-0.69759972E+00
-0.69750614E+00
-0.69307601E+00
-0.69286250E+00
-0.69097990E+00
-0.69082941E+00
-0.67525733E+00
-0.67522870E+00
-0.66180406E+00
-0.66172246E+00
-0.65297243E+00
-0.65244081E+00
-0.64291671E+00
-0.64287586E+00
-0.64111511E+00
-0.64102801E+00
-0.63765163E+00
-0.63764664E+00
-0.63058813E+00
-0.63015630E+00
-0.62188202E+00
-0.62185051E+00
-0.60847665E+00
-0.60847361E+00
-0.59931524E+00
-0.59930065E+00
-0.59738633E+00
-0.59727626E+00
-0.59138032E+00
-0.59115524E+00
-0.58866296E+00
-0.58844160E+00
-0.58439662E+00
-0.58399651E+00
-0.57435918E+00
-0.57435559E+00
-0.57248033E+00
-0.57246655E+00
-0.56830935E+00
-0.56802922E+00
-0.56069887E+00
-0.56039629E+00
-0.55709714E+00
-0.55679924E+00
-0.55546323E+00
-0.55544386E+00
-0.55023688E+00
-0.55019393E+00
-0.54385885E+00
-0.54380113E+00
-0.53389228E+00
-0.53370036E+00
-0.52747084E+00
-0.52708206E+00
-0.52339985E+00
-0.52337341E+00
-0.52211128E+00
-0.52198930E+00
-0.52044056E+00
-0.52033488E+00
-0.51577855E+00
-0.51514070E+00
-0.51430978E+00
-0.51252255E+00
-0.50953515E+00
-0.50922853E+00
-0.50557698E+00
-0.50453029E+00
-0.50194266E+00
-0.50180595E+00
-0.50049329E+00
-0.50019802E+00
-0.49991361E+00
-0.49978177E+00
-0.49801116E+00
-0.49782766E+00
-0.48696686E+00
-0.48624040E+00
-0.48246671E+00
-0.48233509E+00
-0.48224117E+00
-0.48220432E+00
-0.47743136E+00
-0.47728877E+00
-0.47349458E+00
-0.47338456E+00
-0.47031600E+00
-0.46989698E+00
-0.46757817E+00
-0.46708568E+00
-0.46674381E+00
-0.46607370E+00
-0.46569509E+00
-0.46550872E+00
-0.46353106E+00
-0.46327415E+00
-0.46189651E+00
-0.46153747E+00
-0.45960248E+00
-0.45923730E+00
-0.45817833E+00
-0.45713082E+00
-0.45491498E+00
-0.45421252E+00
-0.45324952E+00
-0.45223852E+00
-0.45208144E+00
-0.45158659E+00
-0.44593191E+00
-0.44572961E+00
-0.43644442E+00
-0.43643653E+00
-0.43635093E+00
-0.43619396E+00
-0.43388312E+00
-0.43388245E+00
-0.43310246E+00
-0.43305178E+00
-0.43276654E+00
-0.43214466E+00
-0.43142496E+00
-0.43108202E+00
-0.42917720E+00
-0.42738434E+00
-0.42714371E+00
-0.42710080E+00
-0.42663842E+00
-0.42662362E+00
-0.42475923E+00
-0.42410196E+00
-0.42277106E+00
-0.42264701E+00
-0.42227089E+00
-0.42162850E+00
-0.41997808E+00
-0.41989469E+00
-0.41859209E+00
-0.41789965E+00
-0.41435344E+00
-0.41433358E+00
-0.40742209E+00
-0.40725065E+00
-0.40696623E+00
-0.40695363E+00
-0.40471183E+00
-0.40423854E+00
-0.40002156E+00
-0.39988052E+00
-0.39928729E+00
-0.39834583E+00
-0.39746242E+00
-0.39722879E+00
-0.39651766E+00
-0.39634469E+00
-0.39341352E+00
-0.39250095E+00
-0.38970801E+00
-0.38968802E+00
-0.38792399E+00
-0.38780312E+00
-0.38745392E+00
-0.38741440E+00
-0.38688647E+00
-0.38688604E+00
-0.38438428E+00
-0.38423407E+00
-0.38330745E+00
-0.38316840E+00
-0.38224540E+00
-0.38224370E+00
-0.38158993E+00
-0.38142968E+00
-0.37725518E+00
-0.37702997E+00
-0.37575092E+00
-0.37564447E+00
-0.37359258E+00
-0.37353811E+00
-0.36973050E+00
-0.36968846E+00
-0.36675615E+00
-0.36637967E+00
-0.36512843E+00
-0.36502050E+00
-0.36407929E+00
-0.36388317E+00
-0.35870419E+00
-0.35858666E+00
-0.35726383E+00
-0.35705437E+00
-0.35613106E+00
-0.35596414E+00
-0.34884676E+00
-0.34880816E+00
-0.34663753E+00
-0.34651932E+00
-0.34332414E+00
-0.34294616E+00
-0.33822594E+00
-0.33701780E+00
-0.33039389E+00
-0.32947047E+00
-0.31281719E+00
-0.31271884E+00
-0.31213571E+00
-0.31190138E+00
-0.30953869E+00
-0.30937320E+00
-0.29112942E+00
-0.29105880E+00
-0.28702137E+00
-0.28689206E+00
-0.28435211E+00
-0.28428075E+00
-0.27822333E+00
-0.27818023E+00
-0.27357378E+00
-0.27338596E+00
-0.27306922E+00
-0.27305811E+00
-0.27267484E+00
-0.27260886E+00
-0.26881888E+00
-0.26860091E+00
-0.26403689E+00
-0.26389540E+00
-0.25905094E+00
-0.25888105E+00
-0.23692386E+00
-0.23692268E+00
-0.23613770E+00
-0.23592982E+00
-0.22623422E+00
-0.22597304E+00
-0.20750866E+00
-0.20750199E+00
-0.11913897E+00
-0.11908929E+00
-0.11132609E+00
-0.11126159E+00
-0.94123882E-01
-0.94031075E-01
-0.93215930E-01
-0.93074827E-01
-0.89062133E-01
-0.89060096E-01
-0.53407953E-01
-0.53242532E-01
-0.45225154E-01
-0.45072973E-01
-0.31454075E-01
-0.31326486E-01
-0.27116056E-01
-0.26831604E-01
-0.23909369E-01
-0.23802589E-01
-0.15709886E-01
-0.15571591E-01
-0.12279783E-01
-0.10749786E-01
-0.99022593E-02
-0.96750767E-02
-0.65734721E-02
-0.61398877E-02
-0.57151742E-02
-0.55949251E-02
-0.12426676E-02
-0.10179534E-02
-0.10056108E-04
 0.31862224E-03
 0.53252892E-03
 0.93912956E-03
 0.24103575E-02
 0.24645751E-02
 0.29439756E-02
 0.36631926E-02
 0.51060761E-02
 0.52714263E-02
 0.76317792E-02
 0.76856084E-02
 0.86799134E-02
 0.91868744E-02
 0.10674275E-01
 0.10706945E-01
 0.11719286E-01
 0.12086356E-01
 0.15044047E-01
 0.15082858E-01
 0.16651055E-01
 0.17363927E-01
 0.17474161E-01
 0.17778995E-01
 0.19986830E-01
 0.20258823E-01
 0.20672357E-01
 0.20996091E-01
 0.22205981E-01
 0.22647949E-01
 0.23771222E-01
 0.23939609E-01
 0.24258246E-01
 0.24922461E-01
 0.26326542E-01
 0.28891276E-01
 0.29525951E-01
 0.30029965E-01
 0.30071729E-01
 0.30388236E-01
 0.31246732E-01
 0.31640674E-01
 0.35119203E-01
 0.35728959E-01
 0.36381822E-01
 0.36595996E-01
 0.37157798E-01
 0.37525634E-01
 0.37966246E-01
 0.38296643E-01
 0.40232593E-01
 0.40689355E-01
 0.40811874E-01
 0.41261025E-01
 0.41549860E-01
 0.42445096E-01
 0.42655935E-01
 0.43087783E-01
 0.45784778E-01
 0.46455713E-01
 0.47301986E-01
 0.47465945E-01
 0.48545312E-01
 0.48984363E-01
 0.49929801E-01
 0.51328309E-01
 0.51713165E-01
 0.53032383E-01
 0.53151809E-01
 0.53722784E-01
 0.53845428E-01
 0.54368776E-01
 0.55424079E-01
 0.56543557E-01
 0.56937364E-01
 0.57760518E-01
 0.59505229E-01
 0.59829440E-01
 0.60186888E-01
 0.61108155E-01
 0.61797472E-01
 0.62848298E-01
 0.63263772E-01
 0.64048380E-01
 0.66603231E-01
 0.66826144E-01
 0.67185535E-01
 0.67605780E-01
 0.67824201E-01
 0.68180880E-01
 0.69459516E-01
 0.70336114E-01
 0.70860808E-01
 0.71336434E-01
 0.71680245E-01
 0.72368066E-01
 0.73201520E-01
 0.73314471E-01
 0.73751662E-01
 0.74000045E-01
 0.74570379E-01
 0.74610709E-01
 0.75880742E-01
 0.76196252E-01
 0.77075880E-01
 0.77841070E-01
 0.79729286E-01
 0.80512859E-01
 0.81095187E-01
 0.81757032E-01
 0.81900139E-01
 0.82075133E-01
 0.83214034E-01
 0.83465532E-01
 0.84862566E-01
 0.85088729E-01
 0.86272432E-01
 0.86831307E-01
 0.86980978E-01
 0.87312551E-01
 0.90142422E-01
 0.90229093E-01
 0.90778077E-01
 0.91040225E-01
 0.92256564E-01
 0.92842594E-01
 0.93554983E-01
 0.94109200E-01
 0.94825304E-01
 0.95082033E-01
 0.96111798E-01
 0.97114245E-01
 0.98085965E-01
 0.98924441E-01
 0.99365478E-01
 0.99479955E-01
 0.10049885E+00
 0.10057261E+00
 0.10225248E+00
 0.10248172E+00
 0.10343915E+00
 0.10357643E+00
 0.10462175E+00
 0.10499627E+00
 0.10605944E+00
 0.10632861E+00
 0.10775344E+00
 0.10846272E+00
 0.10998851E+00
 0.11053122E+00
 0.11092343E+00
 0.11140747E+00
 0.11334786E+00
 0.11405922E+00
 0.11510371E+00
 0.11529081E+00
 0.11685083E+00
 0.11728503E+00
 0.11758286E+00
 0.11796601E+00
 0.11965940E+00
 0.12018477E+00
 0.12072655E+00
 0.12094680E+00
 0.12183899E+00
 0.12214454E+00
 0.12376291E+00
 0.12392913E+00
 0.12461259E+00
 0.12475433E+00
 0.12627718E+00
 0.12699152E+00
 0.12713559E+00
 0.12772244E+00
 0.12826177E+00
 0.12896754E+00
 0.13025180E+00
 0.13145136E+00
 0.13267704E+00
 0.13286624E+00
 0.13364102E+00
 0.13398703E+00
 0.13439069E+00
 0.13473348E+00
 0.13685287E+00
 0.13716838E+00
 0.13841261E+00
 0.13863410E+00
 0.13923860E+00
 0.13934829E+00
 0.14005596E+00
 0.14028483E+00
 0.14062125E+00
 0.14113419E+00
 0.14210280E+00
 0.14332486E+00
 0.14348829E+00
 0.14364240E+00
 0.14410534E+00
 0.14426065E+00
 0.14596689E+00
 0.14640165E+00
 0.14703836E+00
 0.14744070E+00
 0.14785263E+00
 0.14842912E+00
 0.14902130E+00
 0.14932798E+00
 0.14951302E+00
 0.15062546E+00
 0.15194667E+00
 0.15296150E+00
 0.15434683E+00
 0.15441477E+00
 0.15537891E+00
 0.15589158E+00
 0.15635739E+00
 0.15656586E+00
 0.15695853E+00
 0.15846554E+00
 0.15953344E+00
 0.16003052E+00
 0.16068388E+00
 0.16104059E+00
 0.16214503E+00
 0.16279479E+00
 0.16318422E+00
 0.16365533E+00
 0.16377322E+00
 0.16456236E+00
 0.16474260E+00
 0.16492488E+00
 0.16579655E+00
 0.16624471E+00
 0.16657396E+00
 0.16722617E+00
 0.16739887E+00
 0.16784970E+00
 0.16842925E+00
 0.16853779E+00
 0.16909653E+00
 0.16997225E+00
 0.17046151E+00
 0.17087542E+00
 0.17210229E+00
 0.17290067E+00
 0.17403534E+00
 0.17588881E+00
 0.17732434E+00
 0.17765611E+00
 0.17851869E+00
 0.17881106E+00
 0.17924446E+00
 0.17957551E+00
 0.17999382E+00
 0.18016765E+00
 0.18093836E+00
 0.18161885E+00
 0.18208994E+00
 0.18238084E+00
 0.18280958E+00
 0.18338970E+00
 0.18346363E+00
 0.18432821E+00
 0.18461200E+00
 0.18546885E+00
 0.18549959E+00
 0.18574431E+00
 0.18642432E+00
 0.18664815E+00
 0.18675762E+00
 0.18795623E+00
 0.18851020E+00
 0.18864608E+00
 0.19017239E+00
 0.19100698E+00
 0.19122012E+00
 0.19192115E+00
 0.19345100E+00
 0.19406211E+00
 0.19444830E+00
 0.19475342E+00
 0.19524926E+00
 0.19587891E+00
 0.19668596E+00
 0.19709163E+00
 0.19744441E+00
 0.19864134E+00
 0.19915024E+00
 0.20010727E+00
 0.20043563E+00
 0.20114666E+00
 0.20264488E+00
 0.20479594E+00
 0.20532808E+00
 0.20617686E+00
 0.20704658E+00
 0.20744240E+00
 0.20814079E+00
 0.20901401E+00
 0.20997447E+00
 0.21004936E+00
 0.21075440E+00
 0.21144638E+00
 0.21181583E+00
 0.21220880E+00
 0.21329284E+00
 0.21336985E+00
 0.21477445E+00
 0.21527928E+00
 0.21589904E+00
 0.21718996E+00
 0.21729941E+00
 0.21802312E+00
 0.21812858E+00
 0.21858379E+00
 0.21976845E+00
 0.22033275E+00
 0.22075405E+00
 0.22169709E+00
 0.22206467E+00
 0.22241604E+00
 0.22338755E+00
 0.22389481E+00
 0.22460948E+00
 0.22523543E+00
 0.22570168E+00
 0.22593959E+00
 0.22699918E+00
 0.22714671E+00
 0.22801276E+00
 0.22859734E+00
 0.22895338E+00
 0.22959481E+00
 0.22987380E+00
 0.23056079E+00
 0.23119023E+00
 0.23152715E+00
 0.23278482E+00
 0.23316557E+00
 0.23505728E+00
 0.23606811E+00
 0.23664278E+00
 0.23674907E+00
 0.23870225E+00
 0.23912512E+00
 0.23938554E+00
 0.24004148E+00
 0.24029120E+00
 0.24078244E+00
 0.24151606E+00
 0.24231969E+00
 0.24261395E+00
 0.24350816E+00
 0.24419996E+00
 0.24427055E+00
 0.24467782E+00
 0.24548651E+00
 0.24669710E+00
 0.24703799E+00
 0.24747206E+00
 0.24775348E+00
 0.24855521E+00
 0.24959546E+00
 0.25014470E+00
 0.25069526E+00
 0.25140096E+00
 0.25192575E+00
 0.25252994E+00
 0.25262452E+00
 0.25275828E+00
 0.25368639E+00
 0.25424533E+00
 0.25445729E+00
 0.25531457E+00
 0.25581725E+00
 0.25594204E+00
 0.25660084E+00
 0.25670597E+00
 0.25715733E+00
 0.25806587E+00
 0.25845168E+00
 0.25909286E+00
 0.26038823E+00
 0.26143214E+00
 0.26175867E+00
 0.26225134E+00
 0.26257598E+00
 0.26324140E+00
 0.26424735E+00
 0.26501495E+00
 0.26552428E+00
 0.26562391E+00
 0.26624371E+00
 0.26672780E+00
 0.26732208E+00
 0.26815863E+00
 0.26877137E+00
 0.26984288E+00
 0.27010446E+00
 0.27067643E+00
 0.27135687E+00
 0.27159781E+00
 0.27200836E+00
 0.27220466E+00
 0.27255258E+00
 0.27340482E+00
 0.27388836E+00
 0.27446062E+00
 0.27520996E+00
 0.27570352E+00
 0.27619801E+00
 0.27690669E+00
 0.27862967E+00
 0.27898417E+00
 0.28053950E+00
 0.28216587E+00
 0.28247935E+00
 0.28334745E+00
 0.28414809E+00
 0.28515989E+00
 0.28565416E+00
 0.28575574E+00
 0.28612589E+00
 0.28656263E+00
 0.28710201E+00
 0.28805368E+00
 0.28838924E+00
 0.28891254E+00
 0.28952627E+00
 0.28996228E+00
 0.29100107E+00
 0.29114279E+00
 0.29147014E+00
 0.29189062E+00
 0.29259930E+00
 0.29277948E+00
 0.29387472E+00
 0.29542010E+00
 0.29596463E+00
 0.29678318E+00
 0.29737549E+00
 0.29792955E+00
 0.29825149E+00
 0.29917605E+00
 0.29974452E+00
 0.30006653E+00
 0.30116007E+00
 0.30158582E+00
 0.30171425E+00
 0.30278121E+00
 0.30380745E+00
 0.30524752E+00
 0.30586108E+00
 0.30629568E+00
 0.30669206E+00
 0.30793073E+00
 0.30838039E+00
 0.30943418E+00
 0.30985085E+00
 0.31053718E+00
 0.31089015E+00
 0.31173040E+00
 0.31212438E+00
 0.31290534E+00
 0.31317027E+00
 0.31416167E+00
 0.31448571E+00
 0.31511297E+00
 0.31526414E+00
 0.31599897E+00
 0.31652616E+00
 0.31710584E+00
 0.31884960E+00
 0.32028393E+00
 0.32081463E+00
 0.32176269E+00
 0.32241309E+00
 0.32273444E+00
 0.32357407E+00
 0.32413869E+00
 0.32427455E+00
 0.32588466E+00
 0.32610693E+00
 0.32698777E+00
 0.32780092E+00
 0.32831648E+00
 0.32869979E+00
 0.32922951E+00
 0.32962363E+00
 0.33026410E+00
 0.33154508E+00
 0.33169919E+00
 0.33271533E+00
 0.33288478E+00
 0.33366660E+00
 0.33402580E+00
 0.33445690E+00
 0.33510866E+00
 0.33547443E+00
 0.33581265E+00
 0.33667270E+00
 0.33722637E+00
 0.33786159E+00
 0.33931998E+00
 0.33999821E+00
 0.34088994E+00
 0.34097898E+00
 0.34165269E+00
 0.34244427E+00
 0.34325878E+00
 0.34428067E+00
 0.34540383E+00
 0.34634675E+00
 0.34704512E+00
 0.34948659E+00
 0.35030757E+00
 0.35089881E+00
 0.35219294E+00
 0.35276391E+00
 0.35321334E+00
 0.35403458E+00
 0.35447879E+00
 0.35605357E+00
 0.35739712E+00
 0.35753025E+00
 0.35802590E+00
 0.35874780E+00
 0.35970235E+00
 0.36033699E+00
 0.36104089E+00
 0.36188504E+00
 0.36324661E+00
 0.36337522E+00
 0.36445041E+00
 0.36529149E+00
 0.36705740E+00
 0.36794795E+00
 0.36873244E+00
 0.36921561E+00
 0.37000566E+00
 0.37064715E+00
 0.37117423E+00
 0.37217008E+00
 0.37282325E+00
 0.37322521E+00
 0.37364679E+00
 0.37424293E+00
 0.37594419E+00
 0.37664631E+00
 0.37755379E+00
 0.37813341E+00
 0.37916286E+00
 0.37955575E+00
 0.37989555E+00
 0.38074381E+00
 0.38393566E+00
 0.38441727E+00
 0.38522254E+00
 0.38543290E+00
 0.38574368E+00
 0.38627119E+00
 0.38777126E+00
 0.38788695E+00
 0.38875965E+00
 0.38934916E+00
 0.38947603E+00
 0.39011202E+00
 0.39363330E+00
 0.39405207E+00
 0.39481228E+00
 0.39509209E+00
 0.40004543E+00
 0.40056262E+00
 0.40234272E+00
 0.40290244E+00
 0.40325615E+00
 0.40440713E+00
 0.40566149E+00
 0.40641793E+00
 0.40854569E+00
 0.40935879E+00
 0.41041165E+00
 0.41123432E+00
 0.41214671E+00
 0.41290477E+00
 0.41331491E+00
 0.41403609E+00
 0.41487254E+00
 0.41541283E+00
 0.42045746E+00
 0.42082377E+00
 0.42456495E+00
 0.42514475E+00
 0.42727474E+00
 0.42898739E+00
 0.42969565E+00
 0.43042118E+00
 0.43182455E+00
 0.43496341E+00
 0.43516870E+00
 0.43566017E+00
 0.43614192E+00
 0.43705503E+00
 0.43999956E+00
 0.44126464E+00
 0.44306085E+00
 0.44408752E+00
 0.44642312E+00
 0.44680844E+00
 0.44920633E+00
 0.45239856E+00
 0.45326136E+00
 0.45433221E+00
 0.45617166E+00
 0.45655255E+00
 0.45850458E+00
 0.45911352E+00
 0.46219968E+00
 0.46316478E+00
 0.46458459E+00
 0.46574806E+00
 0.46741406E+00
 0.46858107E+00
 0.46934931E+00
 0.47313280E+00
 0.47445339E+00
 0.47519146E+00
 0.47721932E+00
 0.47791593E+00
 0.47899414E+00
 0.48034255E+00
 0.48188933E+00
 0.48330707E+00
 0.48579252E+00
 0.48630598E+00
 0.48644956E+00
 0.48688495E+00
 0.49072700E+00
 0.49132636E+00
 0.49587404E+00
 0.49619053E+00
 0.49821164E+00
 0.49901579E+00
 0.50073985E+00
 0.50200612E+00
 0.50534331E+00
 0.50615367E+00
 0.50661661E+00
 0.50710727E+00
 0.51260306E+00
 0.51290533E+00
 0.51550655E+00
 0.51666583E+00
 0.51760440E+00
 0.51885224E+00
 0.51963314E+00
 0.52232011E+00
 0.52281233E+00
 0.52482352E+00
 0.52597157E+00
 0.52733710E+00
 0.52851068E+00
 0.52925230E+00
 0.53062032E+00
 0.53285454E+00
 0.53888520E+00
 0.53980325E+00
 0.54203192E+00
 0.54400491E+00
 0.54482813E+00
 0.54772952E+00
 0.54952331E+00
 0.54984466E+00
 0.55050709E+00
 0.55188095E+00
 0.55863643E+00
 0.55961072E+00
 0.56173915E+00
 0.56193752E+00
 0.56595425E+00
 0.56651554E+00
 0.57016512E+00
 0.57055139E+00
 0.57468925E+00
 0.57544030E+00
 0.58782643E+00
 0.58843673E+00
 0.59048311E+00
 0.59057704E+00
 0.59714250E+00
 0.59730044E+00
 0.60137662E+00
 0.60200806E+00
 0.60892258E+00
 0.60927578E+00
 0.61743330E+00
 0.61870001E+00
 0.62358796E+00
 0.62442899E+00
 0.62653228E+00
 0.62739002E+00
 0.63480090E+00
 0.63510932E+00
 0.63542730E+00
 0.63655683E+00
 0.63681503E+00
 0.63735342E+00
 0.63842937E+00
 0.63852402E+00
 0.63872878E+00
 0.63923977E+00
 0.64202618E+00
 0.64229551E+00
 0.64315202E+00
 0.64395852E+00
 0.64479949E+00
 0.64566052E+00
 0.64616670E+00
 0.64692962E+00
 0.64807007E+00
 0.64833636E+00
 0.64976215E+00
 0.65036747E+00
 0.65271173E+00
 0.65318594E+00
 0.65601954E+00
 0.65614557E+00
 0.65829869E+00
 0.65911682E+00
 0.65950810E+00
 0.66121288E+00
 0.66309247E+00
 0.66336814E+00
 0.66581436E+00
 0.66615586E+00
 0.66930917E+00
 0.66971796E+00
 0.67143614E+00
 0.67384370E+00
 0.67672829E+00
 0.67707123E+00
 0.67793391E+00
 0.67831108E+00
 0.67889476E+00
 0.67977582E+00
 0.68033953E+00
 0.68202916E+00
 0.68217864E+00
 0.68366422E+00
 0.68448599E+00
 0.68508453E+00
 0.68558989E+00
 0.68618887E+00
 0.68699698E+00
 0.68731512E+00
 0.68771097E+00
 0.68865821E+00
 0.69085085E+00
 0.69134345E+00
 0.69241386E+00
 0.69321773E+00
 0.69411035E+00
 0.69512510E+00
 0.69703590E+00
 0.69835992E+00
 0.69901894E+00
 0.69966230E+00
 0.70019797E+00
 0.70254805E+00
 0.70300466E+00
 0.70558717E+00
 0.70883584E+00
 0.71069992E+00
 0.71153268E+00
 0.71190589E+00
 0.71289487E+00
 0.71507807E+00
 0.71523711E+00
 0.71690408E+00
 0.71746288E+00
 0.71767007E+00
 0.71802686E+00
 0.71848841E+00
 0.71907572E+00
 0.72185301E+00
 0.72241606E+00
 0.72323678E+00
 0.72377310E+00
 0.72587066E+00
 0.72708172E+00
 0.72906147E+00
 0.73060849E+00
 0.73158492E+00
 0.73222111E+00
 0.73272485E+00
 0.73288491E+00
 0.73319151E+00
 0.73451103E+00
 0.73496436E+00
 0.73564108E+00
 0.73616544E+00
 0.73845875E+00
 0.74116377E+00
 0.74259778E+00
 0.74292954E+00
 0.74348209E+00
 0.74396576E+00
 0.74540277E+00
 0.74595883E+00
 0.74694802E+00
 0.74773519E+00
 0.74984617E+00
 0.75036233E+00
 0.75196453E+00
 0.75317263E+00
 0.75353252E+00
 0.75654369E+00
 0.75712448E+00
 0.75796085E+00
 0.76051102E+00
 0.76347590E+00
 0.76458152E+00
 0.76464896E+00
 0.76530653E+00
 0.76649555E+00
 0.76785330E+00
 0.76852487E+00
 0.76908280E+00
 0.77101575E+00
 0.77233742E+00
 0.77252721E+00
 0.77713321E+00
 0.77735301E+00
 0.77822155E+00
 0.77936932E+00
 0.77978002E+00
 0.78044061E+00
 0.78310597E+00
 0.78330229E+00
 0.78404394E+00
 0.78445755E+00
 0.78519636E+00
 0.78573005E+00
 0.78670093E+00
 0.78819780E+00
 0.79211683E+00
 0.79315017E+00
 0.79588057E+00
 0.79657644E+00
 0.80196382E+00
 0.80260771E+00
 0.80395108E+00
 0.80476856E+00
 0.80787221E+00
 0.80883722E+00
 0.80930408E+00
 0.80999099E+00
 0.81181549E+00
 0.81213739E+00
 0.81307247E+00
 0.81402685E+00
 0.81574118E+00
 0.81671108E+00
 0.81936956E+00
 0.81982351E+00
 0.82156272E+00
 0.82215088E+00
 0.82473531E+00
 0.82549913E+00
 0.82788163E+00
 0.82902391E+00
 0.83134953E+00
 0.83231063E+00
 0.83378329E+00
 0.83470041E+00
 0.83638986E+00
 0.83705830E+00
 0.83881695E+00
 0.83945155E+00
 0.84094175E+00
 0.84157909E+00
 0.84375734E+00
 0.84404640E+00
 0.84557292E+00
 0.84638793E+00
 0.84791473E+00
 0.84845374E+00
 0.84891248E+00
 0.84912174E+00
 0.85169803E+00
 0.85183235E+00
 0.85499363E+00
 0.85531709E+00
 0.85575350E+00
 0.85636954E+00
 0.85890510E+00
 0.86027868E+00
 0.86071388E+00
 0.86150888E+00
 0.87027841E+00
 0.87094437E+00
 0.87366745E+00
 0.87739510E+00
 0.87944551E+00
 0.88104663E+00
 0.88171569E+00
 0.88214628E+00
 0.88307443E+00
 0.88368006E+00
 0.89034179E+00
 0.89052969E+00
 0.89155999E+00
 0.89335641E+00
 0.89624498E+00
 0.89740248E+00
 0.89848158E+00
 0.90059767E+00
 0.90197919E+00
 0.90221456E+00
 0.90536392E+00
 0.90693075E+00
 0.90871091E+00
 0.90907637E+00
 0.91124493E+00
 0.91431481E+00
 0.91791712E+00
 0.91846403E+00
 0.93199704E+00
 0.93258735E+00
 0.93364683E+00
 0.93444356E+00
 0.93460666E+00
 0.93647492E+00
 0.93783946E+00
 0.93823466E+00
 0.94144765E+00
 0.94248989E+00
 0.94398344E+00
 0.94547838E+00
 0.94610859E+00
 0.94888906E+00
 0.95033725E+00
 0.95230060E+00
 0.95517765E+00
 0.95622489E+00
 0.95847162E+00
 0.95926274E+00
 0.96234171E+00
 0.96369629E+00
 0.96551832E+00
 0.96604917E+00
 0.96942442E+00
 0.97099387E+00
 0.97267921E+00
 0.97304984E+00
 0.97455311E+00
 0.97573796E+00
 0.97629202E+00
 0.97784483E+00
 0.97878829E+00
 0.97908755E+00
 0.98260497E+00
 0.98298274E+00
 0.98481605E+00
 0.98567725E+00
 0.98835727E+00
 0.98955817E+00
 0.99014599E+00
 0.99292825E+00
 0.99661340E+00
 0.99794576E+00
 0.99803957E+00
 0.99982145E+00
 0.10003146E+01
 0.10018045E+01
 0.10030345E+01
 0.10038230E+01
 0.10052895E+01
 0.10054346E+01
 0.10063945E+01
 0.10072745E+01
 0.10095420E+01
 0.10100126E+01
 0.10107530E+01
 0.10119927E+01
 0.10130018E+01
 0.10155032E+01
 0.10173000E+01
 0.10179622E+01
 0.10188589E+01
 0.10206568E+01
 0.10224759E+01
 0.10230684E+01
 0.10240679E+01
 0.10251652E+01
 0.10258612E+01
 0.10287134E+01
 0.10291846E+01
 0.10308050E+01
 0.10342637E+01
 0.10356521E+01
 0.10374716E+01
 0.10397130E+01
 0.10424806E+01
 0.10429343E+01
 0.10455186E+01
 0.10467041E+01
 0.10472366E+01
 0.10487497E+01
 0.10495822E+01
 0.10501042E+01
 0.10513677E+01
 0.10521809E+01
 0.10577532E+01
 0.10580480E+01
 0.10604427E+01
 0.10606888E+01
 0.10633812E+01
 0.10638928E+01
 0.10660785E+01
 0.10668319E+01
 0.10687432E+01
 0.10714223E+01
 0.10728347E+01
 0.10732826E+01
 0.10746070E+01
 0.10746970E+01
 0.10784798E+01
 0.10792263E+01
 0.10811525E+01
 0.10825514E+01
 0.10858091E+01
 0.10874056E+01
 0.10899930E+01
 0.10903173E+01
 0.10911085E+01
 0.10925678E+01
 0.10970883E+01
 0.10980024E+01
 0.10987228E+01
 0.11007041E+01
 0.11054751E+01
 0.11058370E+01
 0.11100396E+01
 0.11101281E+01
 0.11113275E+01
 0.11148138E+01
 0.11151967E+01
 0.11165245E+01
 0.11203638E+01
 0.11211647E+01
 0.11237772E+01
 0.11243508E+01
 0.11255109E+01
 0.11274076E+01
 0.11285441E+01
 0.11292772E+01
 0.11294371E+01
 0.11309899E+01
 0.11317614E+01
 0.11330019E+01
 0.11355977E+01
 0.11366431E+01
 0.11371169E+01
 0.11402010E+01
 0.11426950E+01
 0.11436804E+01
 0.11439840E+01
 0.11457575E+01
 0.11472630E+01
 0.11477996E+01
 0.11504038E+01
 0.11533084E+01
 0.11547857E+01
 0.11559040E+01
 0.11570832E+01
 0.11585822E+01
 0.11590317E+01
 0.11594585E+01
 0.11604588E+01
 0.11614243E+01
 0.11629210E+01
 0.11635436E+01
 0.11649055E+01
 0.11655354E+01
 0.11698752E+01
 0.11705402E+01
 0.11710146E+01
 0.11733237E+01
 0.11768680E+01
 0.11786318E+01
 0.11793280E+01
 0.11809589E+01
 0.11821491E+01
 0.11833121E+01
 0.11835706E+01
 0.11846669E+01
 0.11855112E+01
 0.11865610E+01
 0.11883180E+01
 0.11886585E+01
 0.11946011E+01
 0.11950891E+01
 0.11983154E+01
 0.11989421E+01
 0.12040006E+01
 0.12063233E+01
 0.12083150E+01
 0.12107134E+01
 0.12129384E+01
 0.12138087E+01
 0.12207322E+01
 0.12217710E+01
 0.12238605E+01
 0.12249370E+01
 0.12268200E+01
 0.12281312E+01
 0.12285525E+01
 0.12302245E+01
 0.12315590E+01
 0.12342032E+01
 0.12342881E+01
 0.12378942E+01
 0.12434807E+01
 0.12436195E+01
 0.12443927E+01
 0.12447102E+01
 0.12471290E+01
 0.12476417E+01
 0.12481249E+01
 0.12482472E+01
 0.12494418E+01
 0.12501674E+01
 0.12508859E+01
 0.12517777E+01
 0.12534184E+01
 0.12547305E+01
 0.12554741E+01
 0.12558598E+01
 0.12565378E+01
 0.12573202E+01
 0.12596870E+01
 0.12599879E+01
 0.12615355E+01
 0.12622496E+01
 0.12630991E+01
 0.12648304E+01
 0.12658968E+01
 0.12687992E+01
 0.12695671E+01
 0.12713816E+01
 0.12736904E+01
 0.12750118E+01
 0.12757290E+01
 0.12766067E+01
 0.12768653E+01
 0.12777122E+01
 0.12783994E+01
 0.12788266E+01
 0.12794176E+01
 0.12795682E+01
 0.12812582E+01
 0.12825867E+01
 0.12846106E+01
 0.12855311E+01
 0.12864575E+01
 0.12884011E+01
 0.12905473E+01
 0.12906846E+01
 0.12916184E+01
 0.12918311E+01
 0.12930953E+01
 0.12939022E+01
 0.12955597E+01
 0.12967145E+01
 0.12972880E+01
 0.12997087E+01
 0.13023175E+01
 0.13027238E+01
 0.13033854E+01
 0.13043946E+01
 0.13052266E+01
 0.13099435E+01
 0.13104129E+01
 0.13106593E+01
 0.13134133E+01
 0.13153231E+01
 0.13162236E+01
 0.13176936E+01
 0.13197455E+01
 0.13224567E+01
 0.13248681E+01
 0.13249680E+01
 0.13275859E+01
 0.13285074E+01
 0.13340026E+01
 0.13340657E+01
 0.13342535E+01
 0.13348472E+01
 0.13386824E+01
 0.13388653E+01
 0.13399452E+01
 0.13418107E+01
 0.13462287E+01
 0.13465396E+01
 0.13474241E+01
 0.13486621E+01
 0.13496417E+01
 0.13505830E+01
 0.13519112E+01
 0.13528022E+01
 0.13541179E+01
 0.13543127E+01
 0.13550743E+01
 0.13581022E+01
 0.13595285E+01
 0.13616566E+01
 0.13631610E+01
 0.13635439E+01
 0.13647516E+01
 0.13652190E+01
 0.13660489E+01
 0.13690761E+01
 0.13713386E+01
 0.13732572E+01
 0.13734290E+01
 0.13752698E+01
 0.13757707E+01
 0.13762256E+01
 0.13779605E+01
 0.13832796E+01
 0.13849442E+01
 0.13855782E+01
 0.13869907E+01
 0.13908753E+01
 0.13911582E+01
 0.13916909E+01
 0.13917559E+01
 0.13982064E+01
 0.14012315E+01
 0.14015728E+01
 0.14035718E+01
 0.14048500E+01
 0.14069371E+01
 0.14078128E+01
 0.14099985E+01
 0.14101179E+01
 0.14256186E+01
 0.14263779E+01
 0.14270789E+01
 0.14283724E+01
 0.14353667E+01
 0.14367162E+01
 0.14411939E+01
 0.14417973E+01
 0.14470953E+01
 0.14515083E+01
 0.14543761E+01
 0.14551183E+01
 0.14573784E+01
 0.14576264E+01
 0.14594728E+01
 0.14597780E+01
 0.14654177E+01
 0.14662320E+01
 0.14671115E+01
 0.14683522E+01
 0.14704331E+01
 0.14708864E+01
 0.14734653E+01
 0.14744273E+01
 0.14802397E+01
 0.14803564E+01
 0.14889164E+01
 0.14894762E+01
 0.14940262E+01
 0.14947955E+01
 0.14994147E+01
 0.14996720E+01
 0.15008057E+01
 0.15009866E+01
 0.15032980E+01
 0.15042817E+01
 0.15096506E+01
 0.15104936E+01
 0.15128346E+01
 0.15129247E+01
 0.15185189E+01
 0.15186214E+01
 0.15297301E+01
 0.15306324E+01
 0.15340916E+01
 0.15356215E+01
 0.15361822E+01
 0.15371191E+01
 0.15380729E+01
 0.15526500E+01
 0.15548495E+01
 0.15551960E+01
 0.15583031E+01
 0.15584708E+01
 0.15620590E+01
 0.15635018E+01
 0.15649253E+01
 0.15677877E+01
 0.15722749E+01
 0.15765434E+01
 0.15767373E+01
 0.15811137E+01
 0.15821773E+01
 0.15874797E+01
 0.15877652E+01
 0.15884317E+01
 0.15904714E+01
 0.15912066E+01
 0.15960449E+01
 0.15965658E+01
 0.15974373E+01
 0.15975544E+01
 0.15980998E+01
 0.15982321E+01
 0.16040197E+01
 0.16043857E+01
 0.16078414E+01
 0.16088393E+01
 0.16332702E+01
 0.16341902E+01
 0.16350690E+01
 0.16359236E+01
 0.16383194E+01
 0.16390305E+01
 0.16396187E+01
 0.16408887E+01
 0.16418435E+01
 0.16422343E+01
 0.16434000E+01
 0.16438193E+01
 0.16457330E+01
 0.16463449E+01
 0.16523415E+01
 0.16536479E+01
 0.16543349E+01
 0.16558734E+01
 0.16560925E+01
 0.16569865E+01
 0.16573840E+01
 0.16608451E+01
 0.16631436E+01
 0.16635074E+01
 0.16659005E+01
 0.16659252E+01
 0.16663322E+01
 0.16667079E+01
 0.16748935E+01
 0.16782785E+01
 0.16831940E+01
 0.16841096E+01
 0.16889155E+01
 0.16894420E+01
 0.16896393E+01
 0.16907677E+01
 0.16950742E+01
 0.16964354E+01
 0.17031149E+01
 0.17034747E+01
 0.17044302E+01
 0.17046108E+01
 0.17130420E+01
 0.17135662E+01
 0.17154239E+01
 0.17162486E+01
 0.17189154E+01
 0.17202269E+01
 0.17216339E+01
 0.17223639E+01
 0.17254651E+01
 0.17262692E+01
 0.17267943E+01
 0.17269154E+01
 0.17277899E+01
 0.17278556E+01
 0.17299505E+01
 0.17301728E+01
 0.17306165E+01
 0.17313207E+01
 0.17331844E+01
 0.17333015E+01
 0.17407900E+01
 0.17408892E+01
 0.17417216E+01
 0.17419861E+01
 0.17439724E+01
 0.17447234E+01
 0.17491736E+01
 0.17499474E+01
 0.17503604E+01
 0.17504562E+01
 0.17514916E+01
 0.17518312E+01
 0.17523124E+01
 0.17544715E+01
 0.17552818E+01
 0.17562969E+01
 0.17581684E+01
 0.17593213E+01
 0.17612330E+01
 0.17623493E+01
 0.17649813E+01
 0.17653166E+01
 0.17660544E+01
 0.17669227E+01
 0.17690368E+01
 0.17699173E+01
 0.17716096E+01
 0.17719285E+01
 0.17723265E+01
 0.17733272E+01
 0.17742214E+01
 0.17742919E+01
 0.17754822E+01
 0.17767879E+01
 0.17795274E+01
 0.17803284E+01
 0.17831597E+01
 0.17834111E+01
 0.17851472E+01
 0.17864165E+01
 0.17870355E+01
 0.17884083E+01
 0.17902214E+01
 0.17929858E+01
 0.17934815E+01
 0.17935062E+01
 0.17997288E+01
 0.17998716E+01
 0.18018433E+01
 0.18019375E+01
 0.18040632E+01
 0.18043138E+01
 0.18079090E+01
 0.18083637E+01
 0.18087930E+01
 0.18094375E+01
 0.18111743E+01
 0.18113555E+01
 0.18128531E+01
 0.18154925E+01
 0.18163238E+01
 0.18187867E+01
 0.18245938E+01
 0.18248820E+01
 0.18253121E+01
 0.18263257E+01
 0.18307565E+01
 0.18310921E+01
 0.18358051E+01
 0.18358916E+01
 0.18374382E+01
 0.18375233E+01
 0.18443387E+01
 0.18446407E+01
 0.18465416E+01
 0.18474944E+01
 0.18561076E+01
 0.18567334E+01
 0.18586030E+01
 0.18590447E+01
 0.18617031E+01
 0.18620283E+01
 0.18671137E+01
 0.18671440E+01
 0.18672975E+01
 0.18675750E+01
 0.18704883E+01
 0.18712657E+01
 0.18724115E+01
 0.18741692E+01
 0.18795186E+01
 0.18795223E+01
 0.18838441E+01
 0.18839388E+01
 0.18895682E+01
 0.18897135E+01
 0.18900667E+01
 0.18915802E+01
 0.18925209E+01
 0.18937858E+01
 0.18953117E+01
 0.18992406E+01
 0.19014987E+01
 0.19041480E+01
 0.19052326E+01
 0.19070467E+01
 0.19080773E+01
 0.19082600E+01
 0.19100948E+01
 0.19102603E+01
 0.19162588E+01
 0.19163506E+01
 0.19178671E+01
 0.19192550E+01
 0.19209989E+01
 0.19279760E+01
 0.19287376E+01
 0.19298225E+01
 0.19316493E+01
 0.19359597E+01
 0.19382438E+01
 0.19392242E+01
 0.19421133E+01
 0.19431770E+01
 0.19511092E+01
 0.19525859E+01
 0.19546034E+01
 0.19562965E+01
 0.19566271E+01
 0.19576434E+01
 0.19650802E+01
 0.19657856E+01
 0.19707024E+01
 0.19717177E+01
 0.19761151E+01
 0.19776236E+01
 0.19779761E+01
 0.19785652E+01
 0.19801295E+01
 0.19810792E+01
 0.19814976E+01
 0.19861892E+01
 0.19873760E+01
 0.19888180E+01
 0.19913639E+01
 0.19925063E+01
 0.19941169E+01
 0.19947706E+01
 0.19979268E+01
 0.20015633E+01
 0.20034024E+01
 0.20061550E+01
 0.20066642E+01
 0.20094198E+01
 0.20113586E+01
 0.20138750E+01
 0.20140785E+01
 0.20172900E+01
 0.20182212E+01
 0.20222894E+01
 0.20235812E+01
 0.20242609E+01
 0.20309676E+01
 0.20311740E+01
 0.20349940E+01
 0.20363582E+01
 0.20366608E+01
 0.20386160E+01
 0.20418253E+01
 0.20421002E+01
 0.20480746E+01
 0.20481707E+01
 0.20529291E+01
 0.20535671E+01
 0.20568970E+01
 0.20576307E+01
 0.20600266E+01
 0.20609998E+01
 0.20642423E+01
 0.20643804E+01
 0.20651799E+01
 0.20654518E+01
 0.20710919E+01
 0.20731177E+01
 0.20735243E+01
 0.20836574E+01
 0.20841518E+01
 0.20845458E+01
 0.20876365E+01
 0.20884815E+01
 0.20915523E+01
 0.20917716E+01
 0.20938032E+01
 0.20959234E+01
 0.20969529E+01
 0.21009901E+01
 0.21037847E+01
 0.21043373E+01
 0.21052134E+01
 0.21071201E+01
 0.21072082E+01
 0.21073071E+01
 0.21088723E+01
 0.21089372E+01
 0.21097957E+01
 0.21144477E+01
 0.21152766E+01
 0.21152994E+01
 0.21155365E+01
 0.21167100E+01
 0.21184725E+01
 0.21245411E+01
 0.21251665E+01
 0.21261495E+01
 0.21271357E+01
 0.21276193E+01
 0.21293316E+01
 0.21299219E+01
 0.21308666E+01
 0.21327528E+01
 0.21341303E+01
 0.21343434E+01
 0.21399334E+01
 0.21432291E+01
 0.21457332E+01
 0.21460550E+01
 0.21470211E+01
 0.21475420E+01
 0.21535297E+01
 0.21541259E+01
 0.21555349E+01
 0.21584528E+01
 0.21587306E+01
 0.21619685E+01
 0.21625992E+01
 0.21645625E+01
 0.21668574E+01
 0.21698159E+01
 0.21737864E+01
 0.21744478E+01
 0.21759702E+01
 0.21792279E+01
 0.21813554E+01
 0.21818108E+01
 0.21833743E+01
 0.21865466E+01
 0.21875353E+01
 0.21916928E+01
 0.21919647E+01
 0.21932037E+01
 0.21959517E+01
 0.21965309E+01
 0.21976685E+01
 0.21995217E+01
 0.22005103E+01
 0.22055837E+01
 0.22104691E+01
 0.22109534E+01
 0.22178778E+01
 0.22185966E+01
 0.22217670E+01
 0.22223934E+01
 0.22248491E+01
 0.22250330E+01
 0.22293371E+01
 0.22296993E+01
 0.22302479E+01
 0.22318773E+01
 0.22327402E+01
 0.22329981E+01
 0.22446179E+01
 0.22460215E+01
 0.22476944E+01
 0.22481387E+01
 0.22491762E+01
 0.22495578E+01
 0.22496012E+01
 0.22527007E+01
 0.22628163E+01
 0.22641388E+01
 0.22673505E+01
 0.22673556E+01
 0.22739858E+01
 0.22778524E+01
 0.22782996E+01
 0.22806649E+01
 0.22845740E+01
 0.22891587E+01
 0.22904020E+01
 0.22954328E+01
 0.22993242E+01
 0.23016177E+01
 0.23057912E+01
 0.23062222E+01
 0.23082208E+01
 0.23101257E+01
 0.23125039E+01
 0.23183545E+01
 0.23223391E+01
 0.23237398E+01
 0.23246854E+01
 0.23274795E+01
 0.23311022E+01
 0.23316114E+01
 0.23342999E+01
 0.23346303E+01
 0.23375065E+01
 0.23406621E+01
 0.23457013E+01
 0.23458018E+01
 0.23499830E+01
 0.23502279E+01
 0.23517134E+01
 0.23526804E+01
 0.23534130E+01
 0.23548311E+01
 0.23574279E+01
 0.23584437E+01
 0.23609957E+01
 0.23637936E+01
 0.23642173E+01
 0.23671002E+01
 0.23678540E+01
 0.23711789E+01
 0.23728450E+01
 0.23743493E+01
 0.23843737E+01
 0.23886858E+01
 0.23895130E+01
 0.23923466E+01
 0.23926049E+01
 0.23939233E+01
 0.23974013E+01
 0.23996487E+01
 0.24009977E+01
 0.24011821E+01
 0.24019335E+01
 0.24083418E+01
 0.24085520E+01
 0.24115880E+01
 0.24145385E+01
 0.24152959E+01
 0.24203674E+01
 0.24211972E+01
 0.24238914E+01
 0.24248945E+01
 0.24266109E+01
 0.24286565E+01
 0.24314393E+01
 0.24359220E+01
 0.24396718E+01
 0.24410876E+01
 0.24446374E+01
 0.24462899E+01
 0.24469206E+01
 0.24492271E+01
 0.24529403E+01
 0.24541958E+01
 0.24561531E+01
 0.24577824E+01
 0.24595730E+01
 0.24603236E+01
 0.24657809E+01
 0.24670597E+01
 0.24733785E+01
 0.24819170E+01
 0.24828968E+01
 0.24833628E+01
 0.24870710E+01
 0.24895544E+01
 0.24959161E+01
 0.25018264E+01
 0.25018691E+01
 0.25069260E+01
 0.25084496E+01
 0.25162714E+01
 0.25164285E+01
 0.25169945E+01
 0.25172937E+01
 0.25227365E+01
 0.25235156E+01
 0.25240316E+01
 0.25240896E+01
 0.25291616E+01
 0.25352246E+01
 0.25363675E+01
 0.25392465E+01
 0.25450498E+01
 0.25502650E+01
 0.25520892E+01
 0.25522740E+01
 0.25540323E+01
 0.25591759E+01
 0.25626349E+01
 0.25694301E+01
 0.25698517E+01
 0.25717214E+01
 0.25725280E+01
 0.25750834E+01
 0.25756229E+01
 0.25761309E+01
 0.25767189E+01
 0.25918969E+01
 0.25952815E+01
 0.26029773E+01
 0.26056922E+01
 0.26123429E+01
 0.26127848E+01
 0.26174998E+01
 0.26187864E+01
 0.26191769E+01
 0.26228943E+01
 0.26305277E+01
 0.26307779E+01
 0.26355505E+01
 0.26358074E+01
 0.26363055E+01
 0.26448630E+01
 0.26466018E+01
 0.26479142E+01
 0.26533013E+01
 0.26558021E+01
 0.26596652E+01
 0.26658130E+01
 0.26672783E+01
 0.26706249E+01
 0.26708078E+01
 0.26727292E+01
 0.26741732E+01
 0.26758153E+01
 0.26837055E+01
 0.26839153E+01
 0.26852171E+01
 0.26878302E+01
 0.26878782E+01
 0.26919809E+01
 0.26931001E+01
 0.26936773E+01
 0.26973587E+01
 0.26981246E+01
 0.27000979E+01
 0.27007128E+01
 0.27017329E+01
 0.27042991E+01
 0.27116862E+01
 0.27146108E+01
 0.27150294E+01
 0.27160667E+01
 0.27194253E+01
 0.27196249E+01
 0.27242028E+01
 0.27265986E+01
 0.27284233E+01
 0.27311064E+01
 0.27385252E+01
 0.27385874E+01
 0.27494164E+01
 0.27500633E+01
 0.27524133E+01
 0.27527487E+01
 0.27538982E+01
 0.27551265E+01
 0.27603363E+01
 0.27621330E+01
 0.27768415E+01
 0.27775462E+01
 0.27876557E+01
 0.27884133E+01
 0.27949475E+01
 0.28001474E+01
 0.28062246E+01
 0.28072137E+01
 0.28075519E+01
 0.28107218E+01
 0.28140994E+01
 0.28143352E+01
 0.28173966E+01
 0.28174856E+01
 0.28180108E+01
 0.28193616E+01
 0.28240522E+01
 0.28245050E+01
 0.28259727E+01
 0.28304799E+01
 0.28374163E+01
 0.28380738E+01
 0.28467646E+01
 0.28501598E+01
 0.28530559E+01
 0.28549619E+01
 0.28593988E+01
 0.28594405E+01
 0.28631172E+01
 0.28635455E+01
 0.28651495E+01
 0.28663109E+01
 0.28692430E+01
 0.28695033E+01
 0.28728371E+01
 0.28745725E+01
 0.28779103E+01
 0.28805292E+01
 0.28940309E+01
 0.28949983E+01
 0.28959676E+01
 0.28968499E+01
 0.28972985E+01
 0.29024255E+01
 0.29051159E+01
 0.29064622E+01
 0.29115461E+01
 0.29136125E+01
 0.29162635E+01
 0.29226525E+01
 0.29243221E+01
 0.29253169E+01
 0.29283878E+01
 0.29317904E+01
 0.29320598E+01
 0.29346840E+01
 0.29388920E+01
 0.29490804E+01
 0.29518135E+01
 0.29540560E+01
 0.29541697E+01
 0.29599023E+01
 0.29650702E+01
 0.29714498E+01
 0.29775544E+01
 0.29796254E+01
 0.29817244E+01
 0.29820262E+01
 0.29846012E+01
 0.29978023E+01
 0.30017909E+01
 0.30035678E+01
 0.30070049E+01
 0.30083068E+01
 0.30118647E+01
 0.30152881E+01
 0.30305610E+01
 0.30340318E+01
 0.30376156E+01
 0.30413620E+01
 0.30478071E+01
 0.30498683E+01
 0.30571629E+01
 0.30583665E+01
 0.30659838E+01
 0.30665143E+01
 0.30851234E+01
 0.30853469E+01
 0.30988255E+01
 0.30991033E+01
 0.31110989E+01
 0.31113865E+01
 0.31141694E+01
 0.31142031E+01
 0.31242435E+01
 0.31304783E+01
 0.31358503E+01
 0.31383396E+01
 0.31538769E+01
 0.31543254E+01
 0.31611484E+01
 0.31612845E+01
 0.31662999E+01
 0.31668233E+01
 0.31735124E+01
 0.31753137E+01
 0.31938313E+01
 0.31938653E+01
 0.32035372E+01
 0.32042167E+01
 0.32114303E+01
 0.32114849E+01
 0.32179993E+01
 0.32181346E+01
 0.32289969E+01
 0.32303190E+01
 0.32437620E+01
 0.32440792E+01
 0.32536264E+01
 0.32539412E+01
 0.32588870E+01
 0.32592518E+01
 0.32701726E+01
 0.32702294E+01
 0.32841922E+01
 0.32844975E+01
 0.32892098E+01
 0.32962301E+01
 0.33031364E+01
 0.33041818E+01
 0.33101354E+01
 0.33102897E+01
 0.33280342E+01
 0.33326474E+01
 0.33431219E+01
 0.33432645E+01
 0.33459501E+01
 0.33468563E+01
 0.33472797E+01
 0.33590205E+01
 0.33603894E+01
 0.33613790E+01
 0.33696632E+01
 0.33702527E+01
 0.33995374E+01
 0.33995679E+01
 0.34073102E+01
 0.34074933E+01
 0.34083116E+01
 0.34096980E+01
 0.34364041E+01
 0.34367093E+01
 0.34497188E+01
 0.34499028E+01
 0.34579692E+01
 0.34722638E+01
 0.34731011E+01
 0.34734889E+01
 0.34744002E+01
 0.34768223E+01
 0.34776122E+01
 0.34912958E+01
 0.34915435E+01
 0.34916345E+01
 0.35026566E+01
 0.35078392E+01
 0.35081767E+01
 0.35106433E+01
 0.35209397E+01
 0.35224110E+01
 0.35274441E+01
 0.35275144E+01
 0.35294527E+01
 0.35298386E+01
 0.35758267E+01
 0.35844245E+01
 0.35844994E+01
 0.35918709E+01
 0.35928458E+01
 0.35980365E+01
 0.39067521E+01
 0.39097530E+01
 0.39175162E+01
 0.39175468E+01
 0.39286305E+01
 0.39321589E+01
 0.39401380E+01
 0.39402334E+01
 0.39693411E+01
 0.39694284E+01
 0.39802585E+01
 0.39830718E+01
 0.39907777E+01
 0.39911376E+01
 0.40047430E+01
 0.40062563E+01
 0.40078128E+01
 0.40111152E+01
 0.40142183E+01
 0.40143547E+01
 0.40155325E+01
 0.40157679E+01
 0.41426486E+01
 0.41438026E+01
 0.42055935E+01
 0.42072126E+01
 0.42275608E+01
 0.42279592E+01
 0.42451686E+01
 0.42456890E+01
 0.42557603E+01
 0.42561840E+01
 0.42592467E+01
 0.42593813E+01
 0.42731551E+01
 0.42741496E+01
 0.42810662E+01
 0.42817180E+01
 0.42843582E+01
 0.42847183E+01
 0.42876863E+01
 0.42882908E+01
 0.42988479E+01
 0.42993333E+01
 0.43025929E+01
 0.43034506E+01
 0.43084786E+01
 0.43093309E+01
 0.43114227E+01
 0.43116604E+01
 0.43228996E+01
 0.43232276E+01
 0.43252832E+01
 0.43255684E+01
 0.43435693E+01
 0.43440986E+01
 0.43488495E+01
 0.43494858E+01
 0.43551817E+01
 0.43557578E+01
 0.43563815E+01
 0.43572087E+01
 0.43607678E+01
 0.43620327E+01
 0.43717657E+01
 0.43725560E+01
 0.43733144E+01
 0.43757969E+01
 0.43802333E+01
 0.43823173E+01
 0.43891149E+01
 0.43897741E+01
 0.43991732E+01
 0.43995733E+01
 0.44050841E+01
 0.44059375E+01
 0.44382233E+01
 0.44398417E+01
 0.44567755E+01
 0.44587873E+01
 0.44670821E+01
 0.44679821E+01
 0.44701421E+01
 0.44702129E+01
 0.44731358E+01
 0.44746930E+01
 0.44970154E+01
 0.44973561E+01
 0.45140152E+01
 0.45144455E+01
 0.45333441E+01
 0.45339148E+01
 0.45356411E+01
 0.45362368E+01
 0.45489658E+01
 0.45506485E+01
 0.45662041E+01
 0.45667207E+01
 0.45704220E+01
 0.45705083E+01
 0.45775948E+01
 0.45785064E+01
 0.46045460E+01
 0.46055033E+01
 0.46140474E+01
 0.46140685E+01
 0.46277223E+01
 0.46279615E+01
 0.46436295E+01
 0.46512347E+01
 0.46514736E+01
 0.46542055E+01
 0.46557595E+01
 0.46772096E+01
 0.47137566E+01
 0.47141081E+01
 0.47199700E+01
 0.47205492E+01
 0.47270267E+01
 0.47315538E+01
 0.47509330E+01
 0.47519077E+01
 0.47968171E+01
 0.47970563E+01
 0.48254243E+01
 0.48254519E+01
 0.48475257E+01
 0.48477780E+01
 0.49349859E+01
 0.49353682E+01
 0.49596588E+01
 0.49602626E+01
 0.49613913E+01
 0.49623272E+01
 0.50126806E+01
 0.50130745E+01
 0.51212736E+01
 0.51246014E+01
 0.56662091E+01
 0.56664666E+01
 0.57093755E+01
 0.57098491E+01
 0.69805430E+01
 0.69821543E+01
 0.71171318E+01
 0.71187430E+01
