     253    495        0.00018
     253    498       -0.00012
     256    495        0.00017
     257    495        0.00011
     382    495        0.00014
     384    495       -0.00010
     402    495        0.00010
     438    495       -0.00018
     438    498        0.00012
     440    495        0.00016
     441    495       -0.00021
     441    498        0.00013
     444    495        0.00011
     446    495        0.00028
     446    498       -0.00020
     449    495       -0.00013
     451    495        0.00038
     451    498       -0.00020
     454    495       -0.00015
     456    495        0.00040
     456    498       -0.00016
     457    495       -0.00029
     457    498        0.00024
     457    500        0.00010
     457    506        0.00014
     457    507        0.00021
     460    495       -0.00047
     460    498        0.00024
     460    507        0.00011
     463    495        0.00028
     463    498       -0.00014
     466    495       -0.00062
     466    498        0.00052
     466    507       -0.00011
     468    495       -0.00044
     468    498        0.00029
     469    495        0.00022
     469    498       -0.00016
     472    495        0.00065
     472    498       -0.00034
     473    495        0.00013
     473    498        0.00052
     473    500        0.00015
     473    504        0.00012
     473    506        0.00013
     476    495       -0.00040
     478    495        0.00024
     480    495       -0.00067
     480    498        0.00020
     481    495        0.00052
     481    498       -0.00016
     483    495       -0.00199
     486    495       -0.00366
     486    498        0.00449
     486    500        0.00094
     486    502        0.00015
     486    503       -0.00019
     486    504        0.00064
     486    506        0.00059
     486    507        0.00042
     486    513        0.00024
     486    515        0.00019
     488    495       -0.00564
     488    498       -0.00386
     488    500       -0.00197
     488    502       -0.00071
     488    503        0.00021
     488    504       -0.00071
     488    506       -0.00080
     488    507       -0.00067
     488    513       -0.00020
     488    515       -0.00019
     488    516        0.00011
     488    532        0.00011
     489    495        0.03599
     489    496        0.00026
     489    498       -0.00492
     489    500        0.00304
     489    502        0.00156
     489    504        0.00024
     489    506        0.00102
     489    507        0.00103
     489    513        0.00019
     489    515        0.00020
     489    516       -0.00012
     489    532       -0.00029
     489    535        0.00013
     489    538       -0.00011
     489    545        0.00011
     491    495       -0.00013
     492    495        0.69089
     492    496        0.00672
     492    497        0.00146
     492    498       -0.14529
     492    500       -0.00163
     492    502        0.00107
     492    503        0.00079
     492    504       -0.00273
     492    506        0.00082
     492    507        0.00091
     492    513       -0.00131
     492    515       -0.00110
     492    516        0.00059
     492    517        0.00024
     492    521        0.00016
     492    537       -0.00018
     492    538        0.00040
     492    545        0.00019
     492    546       -0.00011
     492    573        0.00010
     492    574        0.00014
     492    575       -0.00023
     492    576       -0.00011
     492    578       -0.00013
     492    579        0.00015
     492    580        0.00015
     492    585        0.00010
     492    614       -0.00011
     492    615       -0.00019
     492    624        0.00011
     492    626        0.00012
     492    633       -0.00012
     492    634        0.00014
     492   1041        0.00011
     492   1045        0.00010
     494    495        0.00480
     494    498        0.00435
     494    500       -0.00395
     494    502       -0.00168
     494    503        0.00017
     494    504       -0.00098
     494    506       -0.00048
     494    507       -0.00040
     494    513       -0.00011
     494    515       -0.00011
