     254    496        0.00019
     254    497       -0.00014
     255    496       -0.00013
     378    496       -0.00015
     378    497        0.00011
     401    496       -0.00010
     437    496        0.00018
     437    497       -0.00013
     439    496        0.00012
     442    496        0.00020
     442    497       -0.00014
     443    496       -0.00016
     443    497        0.00010
     445    496        0.00023
     445    497       -0.00018
     450    496       -0.00013
     452    496       -0.00039
     452    497        0.00022
     453    496       -0.00017
     455    496        0.00034
     455    497       -0.00014
     458    496       -0.00029
     458    497        0.00027
     458    505        0.00014
     458    508        0.00022
     459    496        0.00041
     459    497       -0.00020
     464    496        0.00029
     464    497       -0.00016
     465    496       -0.00054
     465    497        0.00051
     465    508       -0.00011
     467    496       -0.00048
     467    497        0.00037
     470    496        0.00022
     470    497       -0.00020
     471    496        0.00064
     471    497       -0.00037
     474    496        0.00029
     474    497        0.00044
     474    499        0.00014
     474    503        0.00011
     474    505        0.00012
     475    496        0.00025
     477    496        0.00045
     479    496       -0.00060
     479    497        0.00019
     482    496       -0.00056
     482    497        0.00010
     484    496       -0.00204
     484    497       -0.00022
     484    499       -0.00017
     484    503       -0.00014
     484    505       -0.00013
     485    496        0.00437
     485    497       -0.00471
     485    499       -0.00075
     485    501       -0.00022
     485    503       -0.00059
     485    504       -0.00016
     485    505       -0.00050
     485    508       -0.00036
     485    514       -0.00022
     485    515       -0.00011
     485    516       -0.00017
     487    495        0.00018
     487    496       -0.00814
     487    497       -0.00383
     487    499       -0.00194
     487    501       -0.00115
     487    503       -0.00074
     487    504       -0.00020
     487    505       -0.00084
     487    508       -0.00073
     487    514       -0.00021
     487    515       -0.00011
     487    516       -0.00020
     487    531        0.00012
     490    495       -0.00051
     490    496        0.03842
     490    497       -0.00591
     490    499        0.00267
     490    501        0.00209
     490    503        0.00022
     490    505        0.00098
     490    508        0.00102
     490    514        0.00018
     490    515        0.00010
     490    516        0.00019
     490    531       -0.00027
     490    536       -0.00010
     490    537       -0.00011
     491    495       -0.00643
     491    496        0.68872
     491    497       -0.15449
     491    498       -0.00095
     491    499       -0.00231
     491    501        0.00025
     491    503       -0.00262
     491    504       -0.00072
     491    505        0.00072
     491    508        0.00070
     491    514       -0.00127
     491    515       -0.00068
     491    516       -0.00115
     491    517       -0.00027
     491    518        0.00013
     491    522        0.00010
     491    536        0.00011
     491    537        0.00042
     491    538        0.00018
     491    541       -0.00010
     491    544        0.00012
     491    546       -0.00015
     491    574       -0.00011
     491    576        0.00027
     491    578       -0.00016
     491    580        0.00011
     491    592       -0.00010
     491    613       -0.00010
     491    615        0.00011
     491    616        0.00014
     491    625       -0.00012
     491    633       -0.00010
     491    634       -0.00014
     491    635       -0.00012
     491   1017       -0.00011
     491   1042       -0.00012
     492    496        0.00012
     493    496        0.00477
     493    497        0.00466
     493    499       -0.00402
     493    501       -0.00264
     493    503       -0.00101
     493    504       -0.00044
     493    505       -0.00051
     493    508       -0.00045
     493    514       -0.00012
     493    516       -0.00012
