     247    495       -0.00016
     263    495        0.00010
     420    495        0.00010
     440    495        0.00011
     441    495       -0.00019
     446    498        0.00014
     456    498        0.00017
     457    495       -0.00028
     460    495       -0.00017
     461    495        0.00011
     463    495        0.00028
     463    498       -0.00018
     466    495        0.00041
     466    498       -0.00033
     466    507        0.00010
     468    495        0.00046
     468    498       -0.00027
     468    500        0.00023
     468    502        0.00016
     468    507        0.00015
     469    495       -0.00023
     469    498        0.00018
     472    495       -0.00017
     472    500       -0.00016
     472    507       -0.00010
     473    495       -0.00039
     473    498        0.00034
     476    495       -0.00046
     476    498        0.00047
     478    495        0.00029
     478    498       -0.00022
     480    495        0.00060
     480    498        0.00016
     480    500        0.00012
     481    495        0.00174
     481    498       -0.00116
     481    504       -0.00013
     483    495       -0.00541
     483    498        0.00406
     483    500        0.00041
     483    503       -0.00014
     483    504        0.00049
     483    506        0.00031
     483    513        0.00022
     483    515        0.00016
     486    495        0.00108
     486    498       -0.00188
     486    500       -0.00036
     486    504       -0.00028
     486    506       -0.00023
     486    513       -0.00013
     487    495       -0.00014
     488    495        0.01303
     488    496        0.00013
     488    498        0.00123
     488    500        0.00214
     488    502        0.00079
     488    503       -0.00020
     488    504        0.00070
     488    506        0.00105
     488    507        0.00079
     488    513        0.00031
     488    515        0.00025
     488    516       -0.00015
     488    532       -0.00018
     488    538       -0.00012
     489    495        0.00679
     489    498        0.00081
     489    500        0.00129
     489    502        0.00050
     489    503       -0.00012
     489    504        0.00041
     489    506        0.00066
     489    507        0.00057
     489    513        0.00015
     489    515        0.00014
     489    532       -0.00010
     492    495       -0.00443
     492    498       -0.00095
     492    500       -0.00073
     492    502       -0.00024
     492    504       -0.00029
     492    506       -0.00036
     492    507       -0.00026
     493    495        0.00723
     493    498       -0.00137
     494    495        0.69446
     494    496        0.00678
     494    497        0.00111
     494    498       -0.13152
     494    500       -0.00119
     494    502        0.00060
     494    503        0.00050
     494    504       -0.00170
     494    506        0.00131
     494    507        0.00109
     494    513       -0.00117
     494    515       -0.00102
     494    516        0.00055
     494    517        0.00023
     494    521        0.00012
     494    532        0.00014
     494    535       -0.00011
     494    537       -0.00018
     494    538        0.00038
     494    545        0.00021
     494    546       -0.00011
     494    574        0.00015
     494    575       -0.00023
     494    576       -0.00013
     494    578       -0.00014
     494    579        0.00014
     494    580        0.00016
     494    615       -0.00017
     494    626        0.00010
