     248    496        0.00016
     442    496        0.00019
     445    497        0.00013
     447    497        0.00012
     455    497        0.00016
     458    496       -0.00031
     459    496        0.00016
     462    496        0.00010
     464    496        0.00029
     464    497       -0.00019
     465    496        0.00038
     465    497       -0.00034
     465    508        0.00010
     467    496        0.00043
     467    497       -0.00027
     467    499        0.00019
     467    501        0.00020
     467    508        0.00015
     470    496       -0.00020
     470    497        0.00018
     471    496       -0.00016
     471    499       -0.00014
     471    501       -0.00011
     471    508       -0.00010
     474    496       -0.00039
     474    497        0.00035
     475    496        0.00036
     475    497       -0.00042
     477    496        0.00033
     477    497       -0.00038
     479    496        0.00063
     479    497        0.00013
     479    499        0.00011
     482    496       -0.00169
     482    497        0.00121
     482    503        0.00013
     484    496       -0.00525
     484    497        0.00430
     484    499        0.00042
     484    503        0.00048
     484    504        0.00013
     484    505        0.00031
     484    508        0.00010
     484    514        0.00022
     484    516        0.00016
     485    496       -0.00047
     485    497        0.00154
     485    499        0.00030
     485    503        0.00023
     485    505        0.00020
     485    514        0.00011
     487    495       -0.00012
     487    496        0.01354
     487    497        0.00116
     487    499        0.00195
     487    501        0.00115
     487    503        0.00069
     487    504        0.00020
     487    505        0.00104
     487    508        0.00081
     487    514        0.00031
     487    515        0.00014
     487    516        0.00026
     487    531       -0.00017
     487    537       -0.00012
     488    496        0.00014
     490    496        0.00683
     490    497        0.00061
     490    499        0.00111
     490    501        0.00069
     490    503        0.00037
     490    504        0.00010
     490    505        0.00061
     490    508        0.00056
     490    514        0.00014
     490    516        0.00013
     491    496       -0.00434
     491    497       -0.00116
     491    499       -0.00070
     491    501       -0.00037
     491    503       -0.00030
     491    505       -0.00037
     491    508       -0.00028
     493    495       -0.00640
     493    496        0.69305
     493    497       -0.13877
     493    498       -0.00116
     493    499       -0.00113
     493    501        0.00034
     493    503       -0.00153
     493    504       -0.00042
     493    505        0.00138
     493    508        0.00107
     493    514       -0.00109
     493    515       -0.00060
     493    516       -0.00103
     493    517       -0.00025
     493    518        0.00013
     493    531        0.00014
     493    536        0.00013
     493    537        0.00039
     493    538        0.00017
     493    544        0.00011
     493    545       -0.00010
     493    546       -0.00019
     493    562        0.00011
     493    574       -0.00012
     493    576        0.00029
     493    578       -0.00016
     493    580        0.00011
     493    616        0.00013
     493    625       -0.00010
     493   1042       -0.00011
     494    495        0.00013
     494    496       -0.00714
     494    497        0.00143
