     248    497        0.00012
     442    496        0.00011
     442    497        0.00022
     445    496        0.00018
     445    497        0.00012
     447    496        0.00015
     455    496        0.00019
     458    497       -0.00027
     459    497        0.00014
     464    496       -0.00012
     464    497        0.00023
     465    496       -0.00027
     465    497        0.00016
     467    496       -0.00017
     467    497        0.00020
     467    501       -0.00015
     470    496        0.00015
     471    496       -0.00010
     471    497       -0.00012
     471    501        0.00012
     474    496        0.00030
     474    497       -0.00021
     475    496       -0.00043
     475    497        0.00014
     477    496       -0.00039
     477    497        0.00015
     479    496        0.00050
     479    497        0.00074
     479    501       -0.00011
     482    496        0.00095
     482    497       -0.00112
     482    499       -0.00020
     482    503       -0.00011
     484    496        0.00388
     484    497       -0.00315
     484    499       -0.00077
     484    501       -0.00041
     484    503       -0.00037
     484    504       -0.00011
     484    505       -0.00023
     484    508       -0.00032
     484    514       -0.00027
     484    516       -0.00014
     485    496        0.00213
     485    497        0.00043
     485    499       -0.00031
     485    501       -0.00029
     485    503       -0.00013
     485    508       -0.00020
     485    514       -0.00010
     487    495       -0.00018
     487    496        0.01032
     487    497        0.01532
     487    498        0.00014
     487    499       -0.00085
     487    501       -0.00192
     487    503        0.00012
     487    505        0.00026
     487    508       -0.00103
     487    515       -0.00016
     487    516       -0.00030
     487    531        0.00016
     488    497        0.00017
     490    496        0.00527
     490    497        0.00766
     490    499       -0.00054
     490    501       -0.00111
     490    505        0.00011
     490    508       -0.00063
     490    516       -0.00015
     491    495        0.00018
     491    496       -0.00673
     491    497       -0.00530
     491    499        0.00041
     491    501        0.00073
     491    508        0.00037
     493    495       -0.00137
     493    496        0.13845
     493    497        0.69264
     493    498        0.00526
     493    499        0.01898
     493    501       -0.00018
     493    503        0.00644
     493    504        0.00182
     493    505        0.00586
     493    508       -0.00120
     493    511       -0.00013
     493    514        0.00247
     493    515        0.00018
     493    516        0.00031
     493    522       -0.00010
     493    528       -0.00011
     493    531       -0.00013
     493    537       -0.00010
     493    539        0.00015
     493    540       -0.00019
     493    541        0.00024
     493    542       -0.00021
     493    543        0.00017
     493    544        0.00011
     493    545        0.00014
     493    546        0.00028
     493    548       -0.00011
     493    550       -0.00018
     493    551       -0.00011
     493    561        0.00027
     493    562        0.00015
     493    567        0.00018
     493    575        0.00012
     493    576       -0.00019
     493    582       -0.00017
     493    583        0.00012
     493    591        0.00013
     493    603       -0.00011
     493    625        0.00010
     494    496       -0.00151
     494    497       -0.00732
     494    499       -0.00019
