     247    498       -0.00011
     420    498        0.00011
     440    498        0.00012
     441    495       -0.00010
     441    498       -0.00022
     446    495        0.00020
     446    498        0.00014
     449    495        0.00012
     456    495        0.00018
     457    498       -0.00027
     460    498       -0.00016
     463    495       -0.00012
     463    498        0.00020
     466    495       -0.00027
     466    498        0.00015
     468    495       -0.00017
     468    498        0.00020
     468    502       -0.00013
     469    495        0.00015
     472    498       -0.00013
     473    495        0.00031
     473    498       -0.00017
     476    495        0.00048
     476    498       -0.00015
     478    495       -0.00020
     478    498        0.00016
     480    495        0.00052
     480    498        0.00077
     480    502       -0.00011
     481    495       -0.00094
     481    498        0.00103
     481    500        0.00021
     481    504        0.00011
     483    495        0.00372
     483    498       -0.00284
     483    500       -0.00081
     483    502       -0.00025
     483    504       -0.00035
     483    506       -0.00023
     483    507       -0.00030
     483    513       -0.00026
     483    515       -0.00013
     486    495       -0.00247
     486    498       -0.00032
     486    500        0.00043
     486    502        0.00025
     486    504        0.00015
     486    507        0.00022
     486    513        0.00013
     487    495       -0.00014
     487    498       -0.00016
     488    495        0.01003
     488    497       -0.00011
     488    498        0.01550
     488    500       -0.00115
     488    502       -0.00169
     488    504        0.00012
     488    506        0.00025
     488    507       -0.00101
     488    515       -0.00029
     488    516        0.00017
     488    532        0.00016
     489    495        0.00557
     489    497       -0.00012
     489    498        0.00813
     489    500       -0.00076
     489    502       -0.00101
     489    506        0.00011
     489    507       -0.00065
     489    515       -0.00017
     492    495       -0.00643
     492    496        0.00015
     492    498       -0.00568
     492    500        0.00047
     492    502        0.00061
     492    507        0.00034
     493    495        0.00132
     493    497       -0.00012
     493    498        0.00691
     493    500        0.00020
     494    495        0.13122
     494    496        0.00122
     494    497       -0.00676
     494    498        0.69403
     494    500        0.01860
     494    502       -0.00360
     494    503       -0.00181
     494    504        0.00639
     494    505        0.00011
     494    506        0.00588
     494    507       -0.00136
     494    512        0.00013
     494    513        0.00244
     494    515        0.00022
     494    516       -0.00012
     494    518        0.00012
     494    521       -0.00012
     494    532       -0.00012
     494    538       -0.00010
     494    540        0.00021
     494    541       -0.00011
     494    542       -0.00036
     494    543       -0.00012
     494    545       -0.00026
     494    546        0.00015
     494    548       -0.00014
     494    550        0.00013
     494    561       -0.00023
     494    562        0.00015
     494    568        0.00018
     494    575        0.00018
     494    578        0.00011
     494    583        0.00017
     494    584        0.00011
     494    591       -0.00011
     494    593        0.00012
     494    604        0.00015
