-0.88984297E+02
-0.88983803E+02
-0.88937389E+02
-0.88936845E+02
-0.88935155E+02
-0.88935045E+02
-0.88934395E+02
-0.88933899E+02
-0.88924498E+02
-0.88924058E+02
-0.24762726E+02
-0.24762705E+02
-0.24759539E+02
-0.24759522E+02
-0.24750161E+02
-0.24748307E+02
-0.24747540E+02
-0.24747058E+02
-0.19161514E+02
-0.19161323E+02
-0.19158925E+02
-0.19158142E+02
-0.14421835E+02
-0.14418827E+02
-0.14418704E+02
-0.14415830E+02
-0.14381703E+02
-0.14381054E+02
-0.14380964E+02
-0.14380876E+02
-0.14379470E+02
-0.14379464E+02
-0.14371671E+02
-0.14371648E+02
-0.14371017E+02
-0.14370632E+02
-0.14368258E+02
-0.14367789E+02
-0.10321959E+02
-0.10321935E+02
-0.10319653E+02
-0.10319632E+02
-0.10311084E+02
-0.10307387E+02
-0.10304445E+02
-0.10303131E+02
-0.10299109E+02
-0.10298950E+02
-0.10292305E+02
-0.10291519E+02
-0.10284277E+02
-0.10284246E+02
-0.10283070E+02
-0.10283034E+02
-0.10277612E+02
-0.10277179E+02
-0.10275437E+02
-0.10275426E+02
-0.10270429E+02
-0.10270265E+02
-0.10269576E+02
-0.10269574E+02
-0.10267402E+02
-0.10266938E+02
-0.10266905E+02
-0.10266901E+02
-0.10266432E+02
-0.10266088E+02
-0.10263556E+02
-0.10263201E+02
-0.10263143E+02
-0.10260647E+02
-0.10259356E+02
-0.10258979E+02
-0.10257729E+02
-0.10256736E+02
-0.10255410E+02
-0.10253941E+02
-0.10253928E+02
-0.10253860E+02
-0.10253614E+02
-0.10253484E+02
-0.10253373E+02
-0.10253032E+02
-0.10252991E+02
-0.10252694E+02
-0.10247648E+02
-0.10247582E+02
-0.10247550E+02
-0.10246745E+02
-0.10246659E+02
-0.10246436E+02
-0.10245973E+02
-0.10244834E+02
-0.10244236E+02
-0.10244154E+02
-0.10244004E+02
-0.10243679E+02
-0.10243024E+02
-0.10242677E+02
-0.10240787E+02
-0.10240628E+02
-0.10238702E+02
-0.10238429E+02
-0.10238315E+02
-0.10238018E+02
-0.10237747E+02
-0.10237698E+02
-0.10237385E+02
-0.10236820E+02
-0.10234895E+02
-0.10233747E+02
-0.10233371E+02
-0.10231018E+02
-0.10229808E+02
-0.10228830E+02
-0.10228120E+02
-0.10228109E+02
-0.10227867E+02
-0.10226856E+02
-0.10226371E+02
-0.10226294E+02
-0.10226164E+02
-0.10225718E+02
-0.10225204E+02
-0.10225160E+02
-0.10219609E+02
-0.10217659E+02
-0.10215355E+02
-0.10214789E+02
-0.10210338E+02
-0.10210149E+02
-0.10205453E+02
-0.10204899E+02
-0.80319293E+01
-0.80314511E+01
-0.79876338E+01
-0.79872113E+01
-0.79870693E+01
-0.79869030E+01
-0.79865010E+01
-0.79860044E+01
-0.79772399E+01
-0.79768200E+01
-0.59986621E+01
-0.59981881E+01
-0.59928142E+01
-0.59923414E+01
-0.59912095E+01
-0.59907187E+01
-0.59537832E+01
-0.59532544E+01
-0.59531016E+01
-0.59530465E+01
-0.59525256E+01
-0.59520387E+01
-0.59501703E+01
-0.59496375E+01
-0.59494368E+01
-0.59492437E+01
-0.59490637E+01
-0.59480265E+01
-0.59449999E+01
-0.59449542E+01
-0.59449137E+01
-0.59443567E+01
-0.59442281E+01
-0.59438147E+01
-0.59433058E+01
-0.59428818E+01
-0.59399566E+01
-0.59395351E+01
-0.59344521E+01
-0.59340351E+01
-0.12780893E+01
-0.12780516E+01
-0.12709305E+01
-0.12615490E+01
-0.12615039E+01
-0.12583488E+01
-0.12442927E+01
-0.12432811E+01
-0.10464960E+01
-0.10462032E+01
-0.10430574E+01
-0.10423352E+01
-0.10326937E+01
-0.10322993E+01
-0.10159872E+01
-0.10147197E+01
-0.10031518E+01
-0.10022586E+01
-0.95285217E+00
-0.95185686E+00
-0.94603970E+00
-0.94581659E+00
-0.94530632E+00
-0.94497294E+00
-0.93834969E+00
-0.93725768E+00
-0.93146271E+00
-0.93107298E+00
-0.92689973E+00
-0.92612796E+00
-0.92600586E+00
-0.92498028E+00
-0.90857661E+00
-0.90816191E+00
-0.89583250E+00
-0.89526504E+00
-0.89301915E+00
-0.89219655E+00
-0.88858949E+00
-0.88842912E+00
-0.88581314E+00
-0.88529613E+00
-0.87451274E+00
-0.87436784E+00
-0.87372183E+00
-0.87346895E+00
-0.84176039E+00
-0.84126041E+00
-0.83900121E+00
-0.83841812E+00
-0.82593438E+00
-0.82549201E+00
-0.81945724E+00
-0.81862539E+00
-0.81359930E+00
-0.81259523E+00
-0.81016866E+00
-0.81002125E+00
-0.80962083E+00
-0.80947083E+00
-0.80619671E+00
-0.80506019E+00
-0.80144181E+00
-0.80097895E+00
-0.79517355E+00
-0.79461240E+00
-0.77485522E+00
-0.77466087E+00
-0.75875623E+00
-0.75708518E+00
-0.75253369E+00
-0.75098048E+00
-0.74791071E+00
-0.74732524E+00
-0.72898353E+00
-0.72859518E+00
-0.72287976E+00
-0.72164448E+00
-0.71737033E+00
-0.71572771E+00
-0.71180346E+00
-0.71122281E+00
-0.71053005E+00
-0.71004445E+00
-0.70551051E+00
-0.70433586E+00
-0.70412357E+00
-0.70357996E+00
-0.69339630E+00
-0.69300059E+00
-0.68406500E+00
-0.68369541E+00
-0.66757703E+00
-0.66698684E+00
-0.65307530E+00
-0.65277151E+00
-0.64728620E+00
-0.64718127E+00
-0.64512828E+00
-0.64477687E+00
-0.64285145E+00
-0.64253857E+00
-0.63449548E+00
-0.63422948E+00
-0.62786433E+00
-0.62754862E+00
-0.61863120E+00
-0.61831493E+00
-0.61046985E+00
-0.61036795E+00
-0.60152743E+00
-0.60099552E+00
-0.59387855E+00
-0.59348144E+00
-0.58619730E+00
-0.58595767E+00
-0.58516023E+00
-0.58453071E+00
-0.58112550E+00
-0.58094828E+00
-0.57235328E+00
-0.57201212E+00
-0.56716227E+00
-0.56673783E+00
-0.56570930E+00
-0.56516778E+00
-0.56317377E+00
-0.56278961E+00
-0.56162046E+00
-0.56009692E+00
-0.55364571E+00
-0.55288855E+00
-0.54617847E+00
-0.54564372E+00
-0.53632461E+00
-0.53610286E+00
-0.53281179E+00
-0.53268494E+00
-0.52582100E+00
-0.52553505E+00
-0.52527070E+00
-0.52495973E+00
-0.52410300E+00
-0.52312844E+00
-0.52041276E+00
-0.51995091E+00
-0.51830831E+00
-0.51665903E+00
-0.51561387E+00
-0.51354705E+00
-0.51348573E+00
-0.51211215E+00
-0.51010850E+00
-0.50915033E+00
-0.50754666E+00
-0.50733917E+00
-0.50531830E+00
-0.50356406E+00
-0.49632307E+00
-0.49520034E+00
-0.48878681E+00
-0.48863156E+00
-0.48469890E+00
-0.48437584E+00
-0.48357081E+00
-0.48211354E+00
-0.48065658E+00
-0.48036442E+00
-0.47976706E+00
-0.47609321E+00
-0.47517971E+00
-0.47411360E+00
-0.47399504E+00
-0.47098484E+00
-0.47047560E+00
-0.46913328E+00
-0.46810506E+00
-0.46560323E+00
-0.46553734E+00
-0.46504218E+00
-0.46490074E+00
-0.46232963E+00
-0.46103623E+00
-0.46076149E+00
-0.45940517E+00
-0.45828653E+00
-0.45747156E+00
-0.45496976E+00
-0.45369827E+00
-0.45061517E+00
-0.44932626E+00
-0.44926715E+00
-0.44623795E+00
-0.44563334E+00
-0.44327157E+00
-0.44293533E+00
-0.43993385E+00
-0.43886650E+00
-0.43830401E+00
-0.43679388E+00
-0.43636146E+00
-0.43484726E+00
-0.43471587E+00
-0.43241313E+00
-0.43186665E+00
-0.43086849E+00
-0.42980745E+00
-0.42950177E+00
-0.42926390E+00
-0.42651888E+00
-0.42604451E+00
-0.42496862E+00
-0.42493330E+00
-0.42405065E+00
-0.42296019E+00
-0.42113669E+00
-0.42041777E+00
-0.41956668E+00
-0.41881049E+00
-0.41848482E+00
-0.41400738E+00
-0.41337755E+00
-0.41238822E+00
-0.41161021E+00
-0.41089400E+00
-0.41067551E+00
-0.40802199E+00
-0.40787338E+00
-0.40502816E+00
-0.40442201E+00
-0.40331885E+00
-0.40294354E+00
-0.40105216E+00
-0.39959474E+00
-0.39895218E+00
-0.39739882E+00
-0.39606929E+00
-0.39599838E+00
-0.39575143E+00
-0.39512176E+00
-0.39227890E+00
-0.39129979E+00
-0.38997040E+00
-0.38909261E+00
-0.38754252E+00
-0.38716099E+00
-0.38592529E+00
-0.38541063E+00
-0.38507416E+00
-0.38475878E+00
-0.38435726E+00
-0.38379486E+00
-0.37987849E+00
-0.37894667E+00
-0.37342571E+00
-0.37252304E+00
-0.36998489E+00
-0.36813225E+00
-0.36752500E+00
-0.36590344E+00
-0.36456597E+00
-0.36362556E+00
-0.36354331E+00
-0.36204223E+00
-0.35601339E+00
-0.35538116E+00
-0.35516761E+00
-0.35497986E+00
-0.35486532E+00
-0.35387867E+00
-0.35368923E+00
-0.35183241E+00
-0.35116803E+00
-0.35014334E+00
-0.34626802E+00
-0.34604116E+00
-0.34593584E+00
-0.34343736E+00
-0.34100926E+00
-0.33891613E+00
-0.33855106E+00
-0.33840260E+00
-0.33693353E+00
-0.33557296E+00
-0.33457248E+00
-0.33245496E+00
-0.31452801E+00
-0.31420310E+00
-0.31361809E+00
-0.30996948E+00
-0.30895108E+00
-0.30660544E+00
-0.29731511E+00
-0.29676885E+00
-0.29661768E+00
-0.29605446E+00
-0.29455847E+00
-0.29377370E+00
-0.27960200E+00
-0.27866742E+00
-0.27553034E+00
-0.27403821E+00
-0.27349354E+00
-0.27242815E+00
-0.27071930E+00
-0.26985306E+00
-0.26914942E+00
-0.26803466E+00
-0.26680584E+00
-0.26495152E+00
-0.25978545E+00
-0.25893782E+00
-0.24067101E+00
-0.24012067E+00
-0.23930525E+00
-0.23880196E+00
-0.22445162E+00
-0.22389796E+00
-0.20793190E+00
-0.20650987E+00
-0.13347859E+00
-0.12984281E+00
-0.12426526E+00
-0.12079558E+00
-0.11288278E+00
-0.11134304E+00
-0.10637770E+00
-0.10556250E+00
-0.86894344E-01
-0.86356430E-01
-0.61790658E-01
-0.55411108E-01
-0.49721607E-01
-0.48247493E-01
-0.36731383E-01
-0.36475284E-01
-0.36353814E-01
-0.36222156E-01
-0.29201365E-01
-0.25415849E-01
-0.20924804E-01
-0.15627708E-01
-0.12929022E-01
-0.12353841E-01
-0.10799199E-01
-0.99090432E-02
-0.78935294E-02
-0.65804339E-02
-0.59191084E-02
-0.51561848E-02
-0.46509404E-02
-0.37960024E-02
-0.26152918E-02
-0.15980141E-02
-0.60875898E-03
 0.24707382E-03
 0.98641492E-03
 0.13709124E-02
 0.20950525E-02
 0.31776620E-02
 0.37486457E-02
 0.40767647E-02
 0.48049539E-02
 0.55009991E-02
 0.75998764E-02
 0.85985607E-02
 0.90841706E-02
 0.10058876E-01
 0.10882500E-01
 0.11593314E-01
 0.11667708E-01
 0.12756577E-01
 0.12986761E-01
 0.14208322E-01
 0.14454194E-01
 0.15285767E-01
 0.16131088E-01
 0.16508928E-01
 0.19175300E-01
 0.19376034E-01
 0.20721915E-01
 0.21898148E-01
 0.23218397E-01
 0.23425341E-01
 0.24186329E-01
 0.25081319E-01
 0.25610151E-01
 0.27567829E-01
 0.28010617E-01
 0.28514611E-01
 0.28715973E-01
 0.29571313E-01
 0.30469236E-01
 0.31661689E-01
 0.33646934E-01
 0.33978343E-01
 0.36430281E-01
 0.37124690E-01
 0.37565661E-01
 0.37874807E-01
 0.38054999E-01
 0.38830591E-01
 0.39358636E-01
 0.40719386E-01
 0.41626807E-01
 0.42066587E-01
 0.42790053E-01
 0.43386595E-01
 0.45170129E-01
 0.46065927E-01
 0.48716752E-01
 0.50087636E-01
 0.51213899E-01
 0.51595249E-01
 0.52123213E-01
 0.52247354E-01
 0.52977693E-01
 0.54772892E-01
 0.55098714E-01
 0.56517546E-01
 0.57249627E-01
 0.57897401E-01
 0.58700748E-01
 0.60918318E-01
 0.61136351E-01
 0.61983515E-01
 0.63125903E-01
 0.63460462E-01
 0.64021157E-01
 0.64598912E-01
 0.65774810E-01
 0.66675477E-01
 0.67255135E-01
 0.68061631E-01
 0.68439308E-01
 0.69422780E-01
 0.70081304E-01
 0.71254437E-01
 0.71815834E-01
 0.72413716E-01
 0.72922822E-01
 0.73699659E-01
 0.74041673E-01
 0.74972510E-01
 0.75736333E-01
 0.77152720E-01
 0.77830458E-01
 0.78445898E-01
 0.79205760E-01
 0.79606839E-01
 0.79725726E-01
 0.81226992E-01
 0.81618843E-01
 0.82185110E-01
 0.82924007E-01
 0.83686526E-01
 0.84420128E-01
 0.85101220E-01
 0.85652831E-01
 0.86137129E-01
 0.87184651E-01
 0.87955952E-01
 0.89293116E-01
 0.90533615E-01
 0.90636831E-01
 0.91544873E-01
 0.91612672E-01
 0.93099912E-01
 0.93378896E-01
 0.94346290E-01
 0.95283373E-01
 0.95647714E-01
 0.96502561E-01
 0.96830979E-01
 0.97525229E-01
 0.98353199E-01
 0.99860524E-01
 0.10025745E+00
 0.10218651E+00
 0.10292455E+00
 0.10335285E+00
 0.10444042E+00
 0.10453196E+00
 0.10547180E+00
 0.10661547E+00
 0.10678757E+00
 0.10696900E+00
 0.10776770E+00
 0.10877095E+00
 0.10929791E+00
 0.11158235E+00
 0.11241487E+00
 0.11256213E+00
 0.11428422E+00
 0.11529202E+00
 0.11620981E+00
 0.11698329E+00
 0.11842162E+00
 0.11873090E+00
 0.11897979E+00
 0.12031237E+00
 0.12115348E+00
 0.12227920E+00
 0.12272857E+00
 0.12287258E+00
 0.12338522E+00
 0.12405656E+00
 0.12484945E+00
 0.12579077E+00
 0.12638843E+00
 0.12693202E+00
 0.12775347E+00
 0.12828024E+00
 0.12944355E+00
 0.13048816E+00
 0.13090296E+00
 0.13158777E+00
 0.13162447E+00
 0.13301929E+00
 0.13345005E+00
 0.13439931E+00
 0.13537976E+00
 0.13573399E+00
 0.13662792E+00
 0.13725341E+00
 0.13746174E+00
 0.13831332E+00
 0.13991971E+00
 0.14035806E+00
 0.14102020E+00
 0.14131469E+00
 0.14171971E+00
 0.14245863E+00
 0.14297299E+00
 0.14359406E+00
 0.14393614E+00
 0.14528044E+00
 0.14619255E+00
 0.14651630E+00
 0.14753310E+00
 0.14756033E+00
 0.14786756E+00
 0.14895557E+00
 0.14947768E+00
 0.15001965E+00
 0.15012967E+00
 0.15121770E+00
 0.15271355E+00
 0.15342517E+00
 0.15400751E+00
 0.15511691E+00
 0.15640754E+00
 0.15688929E+00
 0.15726066E+00
 0.15764291E+00
 0.15839335E+00
 0.15863456E+00
 0.15891954E+00
 0.15959227E+00
 0.16015586E+00
 0.16188034E+00
 0.16259266E+00
 0.16298176E+00
 0.16307608E+00
 0.16336565E+00
 0.16402106E+00
 0.16470333E+00
 0.16577605E+00
 0.16656809E+00
 0.16707124E+00
 0.16815924E+00
 0.16841009E+00
 0.16934614E+00
 0.16953233E+00
 0.17037228E+00
 0.17099781E+00
 0.17228471E+00
 0.17305064E+00
 0.17397251E+00
 0.17424618E+00
 0.17483404E+00
 0.17511438E+00
 0.17629445E+00
 0.17670572E+00
 0.17692068E+00
 0.17786117E+00
 0.17805297E+00
 0.17826610E+00
 0.17855044E+00
 0.17934408E+00
 0.18007521E+00
 0.18034083E+00
 0.18111461E+00
 0.18213028E+00
 0.18316141E+00
 0.18362458E+00
 0.18439829E+00
 0.18480803E+00
 0.18514963E+00
 0.18571100E+00
 0.18610837E+00
 0.18642725E+00
 0.18700416E+00
 0.18777619E+00
 0.18811260E+00
 0.18898408E+00
 0.18927655E+00
 0.19060287E+00
 0.19098670E+00
 0.19176146E+00
 0.19241819E+00
 0.19335823E+00
 0.19385492E+00
 0.19435737E+00
 0.19470540E+00
 0.19538486E+00
 0.19561429E+00
 0.19627818E+00
 0.19691023E+00
 0.19703264E+00
 0.19828204E+00
 0.19894876E+00
 0.19983324E+00
 0.20009702E+00
 0.20135180E+00
 0.20298746E+00
 0.20315476E+00
 0.20404632E+00
 0.20478492E+00
 0.20589463E+00
 0.20665181E+00
 0.20736181E+00
 0.20838497E+00
 0.20908860E+00
 0.20931607E+00
 0.21055987E+00
 0.21102346E+00
 0.21198025E+00
 0.21241273E+00
 0.21249600E+00
 0.21289004E+00
 0.21366120E+00
 0.21509828E+00
 0.21574228E+00
 0.21600016E+00
 0.21656799E+00
 0.21725740E+00
 0.21843185E+00
 0.21912590E+00
 0.21959757E+00
 0.21993197E+00
 0.22044171E+00
 0.22140968E+00
 0.22257166E+00
 0.22292348E+00
 0.22319882E+00
 0.22361493E+00
 0.22398396E+00
 0.22499967E+00
 0.22546747E+00
 0.22591141E+00
 0.22695902E+00
 0.22718243E+00
 0.22764368E+00
 0.22811885E+00
 0.22913531E+00
 0.22935090E+00
 0.22997192E+00
 0.23033518E+00
 0.23073765E+00
 0.23206985E+00
 0.23258182E+00
 0.23311712E+00
 0.23392203E+00
 0.23418425E+00
 0.23504078E+00
 0.23575718E+00
 0.23641613E+00
 0.23712260E+00
 0.23771433E+00
 0.23785757E+00
 0.23905516E+00
 0.23948074E+00
 0.24032940E+00
 0.24111515E+00
 0.24184354E+00
 0.24207742E+00
 0.24244245E+00
 0.24339710E+00
 0.24363133E+00
 0.24411069E+00
 0.24484760E+00
 0.24523082E+00
 0.24605710E+00
 0.24678409E+00
 0.24761725E+00
 0.24806312E+00
 0.24824284E+00
 0.24927291E+00
 0.25031714E+00
 0.25149935E+00
 0.25240876E+00
 0.25276862E+00
 0.25339777E+00
 0.25429749E+00
 0.25511380E+00
 0.25527356E+00
 0.25596313E+00
 0.25682722E+00
 0.25730588E+00
 0.25815546E+00
 0.25866601E+00
 0.25897209E+00
 0.25927223E+00
 0.25956590E+00
 0.26017484E+00
 0.26097458E+00
 0.26112488E+00
 0.26127036E+00
 0.26171210E+00
 0.26238364E+00
 0.26424054E+00
 0.26518749E+00
 0.26667785E+00
 0.26711769E+00
 0.26730246E+00
 0.26822764E+00
 0.26895679E+00
 0.26941210E+00
 0.27009726E+00
 0.27075227E+00
 0.27140267E+00
 0.27232111E+00
 0.27285968E+00
 0.27372169E+00
 0.27382621E+00
 0.27459766E+00
 0.27555164E+00
 0.27586858E+00
 0.27617910E+00
 0.27720556E+00
 0.27753158E+00
 0.27838442E+00
 0.27861099E+00
 0.27926883E+00
 0.27994211E+00
 0.28109499E+00
 0.28126010E+00
 0.28160177E+00
 0.28211106E+00
 0.28333263E+00
 0.28371371E+00
 0.28389327E+00
 0.28467662E+00
 0.28547687E+00
 0.28582375E+00
 0.28599455E+00
 0.28678066E+00
 0.28709295E+00
 0.28800512E+00
 0.28868604E+00
 0.28937305E+00
 0.29050136E+00
 0.29061808E+00
 0.29184556E+00
 0.29231691E+00
 0.29364345E+00
 0.29397446E+00
 0.29456795E+00
 0.29553053E+00
 0.29673400E+00
 0.29734041E+00
 0.29775189E+00
 0.29827031E+00
 0.29932681E+00
 0.29990346E+00
 0.30033307E+00
 0.30112850E+00
 0.30183008E+00
 0.30308852E+00
 0.30351478E+00
 0.30460065E+00
 0.30506597E+00
 0.30543188E+00
 0.30589116E+00
 0.30698409E+00
 0.30723861E+00
 0.30797919E+00
 0.30847960E+00
 0.30951069E+00
 0.31003990E+00
 0.31072586E+00
 0.31116291E+00
 0.31219487E+00
 0.31281358E+00
 0.31346379E+00
 0.31414667E+00
 0.31450726E+00
 0.31498130E+00
 0.31643167E+00
 0.31700402E+00
 0.31767987E+00
 0.31922405E+00
 0.32014278E+00
 0.32123399E+00
 0.32154783E+00
 0.32232582E+00
 0.32346086E+00
 0.32370030E+00
 0.32420080E+00
 0.32496913E+00
 0.32554903E+00
 0.32628648E+00
 0.32731542E+00
 0.32772083E+00
 0.32810734E+00
 0.32888050E+00
 0.32943853E+00
 0.32983737E+00
 0.33102945E+00
 0.33137700E+00
 0.33186262E+00
 0.33224046E+00
 0.33324307E+00
 0.33395071E+00
 0.33568698E+00
 0.33626767E+00
 0.33666685E+00
 0.33687491E+00
 0.33811016E+00
 0.33869241E+00
 0.33876697E+00
 0.33918879E+00
 0.33958188E+00
 0.34031787E+00
 0.34083628E+00
 0.34237735E+00
 0.34368120E+00
 0.34429632E+00
 0.34506000E+00
 0.34533052E+00
 0.34638531E+00
 0.34695686E+00
 0.34756966E+00
 0.34795781E+00
 0.34944090E+00
 0.34989867E+00
 0.35018056E+00
 0.35201449E+00
 0.35293728E+00
 0.35376593E+00
 0.35450741E+00
 0.35562049E+00
 0.35685269E+00
 0.35789897E+00
 0.35864834E+00
 0.35943953E+00
 0.36131966E+00
 0.36155098E+00
 0.36226192E+00
 0.36349139E+00
 0.36483000E+00
 0.36545404E+00
 0.36682626E+00
 0.36762774E+00
 0.36852195E+00
 0.36929649E+00
 0.37068649E+00
 0.37166603E+00
 0.37172170E+00
 0.37237882E+00
 0.37272621E+00
 0.37313438E+00
 0.37403420E+00
 0.37444460E+00
 0.37511487E+00
 0.37619561E+00
 0.37713352E+00
 0.37960299E+00
 0.38021816E+00
 0.38218443E+00
 0.38247829E+00
 0.38321481E+00
 0.38456111E+00
 0.38545114E+00
 0.38621810E+00
 0.38774680E+00
 0.38873527E+00
 0.38920259E+00
 0.39028919E+00
 0.39127730E+00
 0.39178604E+00
 0.39199237E+00
 0.39461857E+00
 0.39500332E+00
 0.39574613E+00
 0.39661087E+00
 0.39741281E+00
 0.39782742E+00
 0.40004374E+00
 0.40089586E+00
 0.40132983E+00
 0.40224630E+00
 0.40292832E+00
 0.40383035E+00
 0.40546907E+00
 0.40738887E+00
 0.40835336E+00
 0.40898069E+00
 0.41003365E+00
 0.41104165E+00
 0.41273871E+00
 0.41307102E+00
 0.41409405E+00
 0.41461737E+00
 0.41655476E+00
 0.41823424E+00
 0.41901279E+00
 0.42002774E+00
 0.42042265E+00
 0.42064120E+00
 0.42299343E+00
 0.42477179E+00
 0.42534810E+00
 0.42594279E+00
 0.42809490E+00
 0.42967253E+00
 0.43105117E+00
 0.43232868E+00
 0.43364593E+00
 0.43475587E+00
 0.43504061E+00
 0.43707732E+00
 0.43810901E+00
 0.43909763E+00
 0.44098019E+00
 0.44194762E+00
 0.44381929E+00
 0.44404796E+00
 0.44513025E+00
 0.44699530E+00
 0.44774146E+00
 0.44891774E+00
 0.44997957E+00
 0.45113233E+00
 0.45291262E+00
 0.45470652E+00
 0.45647216E+00
 0.45661866E+00
 0.45830762E+00
 0.45945594E+00
 0.46063467E+00
 0.46283440E+00
 0.46304763E+00
 0.46378729E+00
 0.46764753E+00
 0.46938634E+00
 0.47063055E+00
 0.47182638E+00
 0.47511687E+00
 0.47553170E+00
 0.47691449E+00
 0.47835570E+00
 0.47910612E+00
 0.48043465E+00
 0.48127134E+00
 0.48282328E+00
 0.48351861E+00
 0.48477719E+00
 0.48739645E+00
 0.48854562E+00
 0.48935919E+00
 0.49037070E+00
 0.49068298E+00
 0.49202772E+00
 0.49454543E+00
 0.49544046E+00
 0.49672207E+00
 0.49897895E+00
 0.49952711E+00
 0.50074852E+00
 0.50386335E+00
 0.50597763E+00
 0.50771437E+00
 0.50956136E+00
 0.51037608E+00
 0.51114056E+00
 0.51116981E+00
 0.51207029E+00
 0.51330312E+00
 0.51638476E+00
 0.51812488E+00
 0.51909812E+00
 0.52008070E+00
 0.52150990E+00
 0.52282140E+00
 0.52425284E+00
 0.52482177E+00
 0.52593836E+00
 0.52737857E+00
 0.52767993E+00
 0.52908729E+00
 0.53075836E+00
 0.53469272E+00
 0.53580313E+00
 0.53763596E+00
 0.53836143E+00
 0.53990148E+00
 0.54225407E+00
 0.54255111E+00
 0.54489853E+00
 0.54658702E+00
 0.54717169E+00
 0.54783340E+00
 0.54976074E+00
 0.55111567E+00
 0.55128925E+00
 0.56047376E+00
 0.56267235E+00
 0.56502920E+00
 0.56611535E+00
 0.57097529E+00
 0.57321057E+00
 0.57504417E+00
 0.57669131E+00
 0.58087116E+00
 0.58252083E+00
 0.58399959E+00
 0.58515040E+00
 0.59085030E+00
 0.59252297E+00
 0.59340649E+00
 0.59384175E+00
 0.59698532E+00
 0.59841031E+00
 0.60392432E+00
 0.60545156E+00
 0.60731724E+00
 0.61019603E+00
 0.62253773E+00
 0.62263348E+00
 0.62748470E+00
 0.62836451E+00
 0.62901637E+00
 0.62989903E+00
 0.63127376E+00
 0.63189706E+00
 0.63310183E+00
 0.63572354E+00
 0.63802184E+00
 0.63933876E+00
 0.64110256E+00
 0.64224892E+00
 0.64396591E+00
 0.64406244E+00
 0.64579491E+00
 0.64665924E+00
 0.64689465E+00
 0.64810224E+00
 0.64870744E+00
 0.65000197E+00
 0.65199845E+00
 0.65332730E+00
 0.65418102E+00
 0.65516230E+00
 0.65637517E+00
 0.65816662E+00
 0.65925931E+00
 0.66021714E+00
 0.66146108E+00
 0.66230835E+00
 0.66420036E+00
 0.66770632E+00
 0.66889856E+00
 0.66935045E+00
 0.67173087E+00
 0.67232721E+00
 0.67342555E+00
 0.67440665E+00
 0.67589238E+00
 0.67813115E+00
 0.67841585E+00
 0.67945231E+00
 0.68105911E+00
 0.68312682E+00
 0.68504460E+00
 0.68702649E+00
 0.68747093E+00
 0.68877500E+00
 0.68987899E+00
 0.69068710E+00
 0.69126336E+00
 0.69259107E+00
 0.69335146E+00
 0.69416868E+00
 0.69426421E+00
 0.69615458E+00
 0.69721326E+00
 0.69731162E+00
 0.69815822E+00
 0.69896666E+00
 0.69979525E+00
 0.70064603E+00
 0.70156473E+00
 0.70184572E+00
 0.70371291E+00
 0.70742274E+00
 0.70985323E+00
 0.71126293E+00
 0.71322297E+00
 0.71370778E+00
 0.71650166E+00
 0.71683697E+00
 0.71690616E+00
 0.71763391E+00
 0.71950281E+00
 0.71980505E+00
 0.72140971E+00
 0.72174945E+00
 0.72314695E+00
 0.72446294E+00
 0.72659231E+00
 0.72705255E+00
 0.72900686E+00
 0.73077113E+00
 0.73211915E+00
 0.73238451E+00
 0.73362813E+00
 0.73410593E+00
 0.73529267E+00
 0.73581808E+00
 0.73717349E+00
 0.73783884E+00
 0.73965782E+00
 0.74113242E+00
 0.74216457E+00
 0.74305802E+00
 0.74331193E+00
 0.74496424E+00
 0.74610498E+00
 0.74678006E+00
 0.74714675E+00
 0.74753448E+00
 0.74935199E+00
 0.74959509E+00
 0.75017708E+00
 0.75198608E+00
 0.75578309E+00
 0.75722733E+00
 0.75951449E+00
 0.76034191E+00
 0.76211630E+00
 0.76480629E+00
 0.76495681E+00
 0.76784973E+00
 0.76879156E+00
 0.76941328E+00
 0.77145189E+00
 0.77186863E+00
 0.77277246E+00
 0.77393607E+00
 0.77481447E+00
 0.77492436E+00
 0.77694390E+00
 0.77898263E+00
 0.77954387E+00
 0.78135476E+00
 0.78207768E+00
 0.78288249E+00
 0.78344794E+00
 0.78511104E+00
 0.78558268E+00
 0.78732896E+00
 0.78878409E+00
 0.78890789E+00
 0.79101915E+00
 0.79177940E+00
 0.79538755E+00
 0.79579268E+00
 0.79654011E+00
 0.79860093E+00
 0.79964739E+00
 0.80247243E+00
 0.80273685E+00
 0.80424581E+00
 0.80529702E+00
 0.80706951E+00
 0.80836841E+00
 0.81035297E+00
 0.81217486E+00
 0.81302025E+00
 0.81461124E+00
 0.81562890E+00
 0.81638682E+00
 0.81759621E+00
 0.81860187E+00
 0.82033992E+00
 0.82192928E+00
 0.82330539E+00
 0.82376631E+00
 0.82452283E+00
 0.82515412E+00
 0.82550112E+00
 0.82808815E+00
 0.82936906E+00
 0.83040559E+00
 0.83263233E+00
 0.83507266E+00
 0.83776517E+00
 0.83855765E+00
 0.83925613E+00
 0.83950166E+00
 0.84084851E+00
 0.84258985E+00
 0.84490398E+00
 0.84669693E+00
 0.84780256E+00
 0.84893465E+00
 0.84949039E+00
 0.85111837E+00
 0.85183558E+00
 0.85251530E+00
 0.85603049E+00
 0.85759195E+00
 0.85945170E+00
 0.86068095E+00
 0.86172828E+00
 0.86219498E+00
 0.86594843E+00
 0.86857993E+00
 0.86996634E+00
 0.87136253E+00
 0.87557671E+00
 0.87681785E+00
 0.87784455E+00
 0.88081008E+00
 0.88159516E+00
 0.88216381E+00
 0.88491029E+00
 0.88534607E+00
 0.88785372E+00
 0.88851783E+00
 0.89152353E+00
 0.89370410E+00
 0.89566457E+00
 0.89671278E+00
 0.89808931E+00
 0.90166278E+00
 0.90227708E+00
 0.90324997E+00
 0.90657286E+00
 0.90703066E+00
 0.90808863E+00
 0.90914100E+00
 0.91161096E+00
 0.91256466E+00
 0.91310774E+00
 0.91561588E+00
 0.91690634E+00
 0.91727173E+00
 0.92271645E+00
 0.92484823E+00
 0.92774857E+00
 0.93010074E+00
 0.93189554E+00
 0.93241035E+00
 0.93324314E+00
 0.93663760E+00
 0.93783431E+00
 0.93941651E+00
 0.94133432E+00
 0.94378438E+00
 0.94458344E+00
 0.94543555E+00
 0.94756567E+00
 0.94904738E+00
 0.94986524E+00
 0.95085488E+00
 0.95307205E+00
 0.95399300E+00
 0.95612125E+00
 0.95839435E+00
 0.95867174E+00
 0.95995954E+00
 0.96106454E+00
 0.96161753E+00
 0.96268593E+00
 0.96457807E+00
 0.96650810E+00
 0.96798646E+00
 0.96830044E+00
 0.97006586E+00
 0.97171705E+00
 0.97299959E+00
 0.97437394E+00
 0.97494174E+00
 0.97669700E+00
 0.97837355E+00
 0.98083797E+00
 0.98151461E+00
 0.98305029E+00
 0.98723130E+00
 0.98772849E+00
 0.98911252E+00
 0.98958119E+00
 0.99264976E+00
 0.99386890E+00
 0.99629056E+00
 0.99751524E+00
 0.99891791E+00
 0.10013108E+01
 0.10028355E+01
 0.10035651E+01
 0.10041336E+01
 0.10061393E+01
 0.10063694E+01
 0.10073240E+01
 0.10085322E+01
 0.10106229E+01
 0.10122221E+01
 0.10127661E+01
 0.10142796E+01
 0.10154827E+01
 0.10157593E+01
 0.10168320E+01
 0.10183711E+01
 0.10218503E+01
 0.10231184E+01
 0.10240196E+01
 0.10262963E+01
 0.10270976E+01
 0.10292636E+01
 0.10307538E+01
 0.10337752E+01
 0.10343001E+01
 0.10364817E+01
 0.10369701E+01
 0.10415219E+01
 0.10416766E+01
 0.10422004E+01
 0.10430363E+01
 0.10443881E+01
 0.10466420E+01
 0.10470977E+01
 0.10507577E+01
 0.10515778E+01
 0.10553968E+01
 0.10571338E+01
 0.10600068E+01
 0.10609635E+01
 0.10628695E+01
 0.10635629E+01
 0.10644089E+01
 0.10652106E+01
 0.10661761E+01
 0.10667509E+01
 0.10692508E+01
 0.10705504E+01
 0.10713599E+01
 0.10737221E+01
 0.10744772E+01
 0.10760966E+01
 0.10771708E+01
 0.10786206E+01
 0.10808130E+01
 0.10815025E+01
 0.10833611E+01
 0.10857917E+01
 0.10869593E+01
 0.10888455E+01
 0.10893589E+01
 0.10919696E+01
 0.10936724E+01
 0.10961457E+01
 0.10968313E+01
 0.10987960E+01
 0.10992556E+01
 0.11018929E+01
 0.11033490E+01
 0.11041634E+01
 0.11056385E+01
 0.11071604E+01
 0.11106551E+01
 0.11120800E+01
 0.11150494E+01
 0.11182606E+01
 0.11223607E+01
 0.11227490E+01
 0.11247122E+01
 0.11275991E+01
 0.11289035E+01
 0.11301705E+01
 0.11316209E+01
 0.11336277E+01
 0.11356326E+01
 0.11378552E+01
 0.11398446E+01
 0.11404333E+01
 0.11415276E+01
 0.11420165E+01
 0.11435166E+01
 0.11457911E+01
 0.11474745E+01
 0.11495124E+01
 0.11503271E+01
 0.11506322E+01
 0.11524259E+01
 0.11540991E+01
 0.11559443E+01
 0.11562758E+01
 0.11585967E+01
 0.11597123E+01
 0.11613342E+01
 0.11647016E+01
 0.11650163E+01
 0.11669353E+01
 0.11684115E+01
 0.11696300E+01
 0.11705504E+01
 0.11736732E+01
 0.11747836E+01
 0.11758693E+01
 0.11769661E+01
 0.11787084E+01
 0.11809402E+01
 0.11828312E+01
 0.11858773E+01
 0.11871207E+01
 0.11900332E+01
 0.11915691E+01
 0.11922537E+01
 0.11931581E+01
 0.11949666E+01
 0.11955534E+01
 0.11971640E+01
 0.11986498E+01
 0.11993205E+01
 0.12021610E+01
 0.12033018E+01
 0.12048394E+01
 0.12063648E+01
 0.12068849E+01
 0.12101023E+01
 0.12118369E+01
 0.12136506E+01
 0.12141491E+01
 0.12170649E+01
 0.12183978E+01
 0.12193810E+01
 0.12202971E+01
 0.12227306E+01
 0.12233623E+01
 0.12250706E+01
 0.12258652E+01
 0.12288584E+01
 0.12307770E+01
 0.12312954E+01
 0.12348669E+01
 0.12373516E+01
 0.12403133E+01
 0.12407608E+01
 0.12409860E+01
 0.12442434E+01
 0.12446288E+01
 0.12454713E+01
 0.12466952E+01
 0.12474357E+01
 0.12481429E+01
 0.12492471E+01
 0.12508604E+01
 0.12512835E+01
 0.12518050E+01
 0.12530549E+01
 0.12538319E+01
 0.12545036E+01
 0.12578746E+01
 0.12582967E+01
 0.12600007E+01
 0.12604432E+01
 0.12629569E+01
 0.12638080E+01
 0.12642732E+01
 0.12666225E+01
 0.12672444E+01
 0.12688250E+01
 0.12693607E+01
 0.12705025E+01
 0.12709627E+01
 0.12717623E+01
 0.12743685E+01
 0.12751400E+01
 0.12770491E+01
 0.12779954E+01
 0.12781717E+01
 0.12784216E+01
 0.12809916E+01
 0.12822165E+01
 0.12826533E+01
 0.12839312E+01
 0.12846082E+01
 0.12866171E+01
 0.12867696E+01
 0.12891014E+01
 0.12892731E+01
 0.12905958E+01
 0.12912432E+01
 0.12928174E+01
 0.12941671E+01
 0.12947566E+01
 0.12959819E+01
 0.12984577E+01
 0.12988428E+01
 0.13014550E+01
 0.13018410E+01
 0.13049702E+01
 0.13053309E+01
 0.13066702E+01
 0.13068420E+01
 0.13084402E+01
 0.13105333E+01
 0.13129997E+01
 0.13153003E+01
 0.13160427E+01
 0.13166515E+01
 0.13177774E+01
 0.13184613E+01
 0.13203277E+01
 0.13222297E+01
 0.13241900E+01
 0.13276815E+01
 0.13284325E+01
 0.13290775E+01
 0.13295401E+01
 0.13329381E+01
 0.13331650E+01
 0.13348527E+01
 0.13361300E+01
 0.13387560E+01
 0.13392054E+01
 0.13404242E+01
 0.13411560E+01
 0.13432460E+01
 0.13449172E+01
 0.13467776E+01
 0.13500757E+01
 0.13504280E+01
 0.13509944E+01
 0.13521941E+01
 0.13530885E+01
 0.13534720E+01
 0.13549916E+01
 0.13576556E+01
 0.13593066E+01
 0.13599315E+01
 0.13656280E+01
 0.13663088E+01
 0.13676648E+01
 0.13690193E+01
 0.13712649E+01
 0.13761603E+01
 0.13790936E+01
 0.13797174E+01
 0.13818752E+01
 0.13825942E+01
 0.13831650E+01
 0.13847261E+01
 0.13869356E+01
 0.13898204E+01
 0.13904760E+01
 0.13909462E+01
 0.13932717E+01
 0.13948357E+01
 0.13995106E+01
 0.14039775E+01
 0.14045523E+01
 0.14052711E+01
 0.14063967E+01
 0.14098755E+01
 0.14106494E+01
 0.14155034E+01
 0.14168545E+01
 0.14187984E+01
 0.14215095E+01
 0.14262037E+01
 0.14275047E+01
 0.14329819E+01
 0.14335034E+01
 0.14407172E+01
 0.14423233E+01
 0.14433209E+01
 0.14453552E+01
 0.14468007E+01
 0.14500430E+01
 0.14544854E+01
 0.14549169E+01
 0.14559102E+01
 0.14617429E+01
 0.14654795E+01
 0.14663089E+01
 0.14709484E+01
 0.14713169E+01
 0.14756472E+01
 0.14783855E+01
 0.14821865E+01
 0.14829577E+01
 0.14870047E+01
 0.14885924E+01
 0.14892936E+01
 0.14907730E+01
 0.14926216E+01
 0.14959864E+01
 0.14987758E+01
 0.15020047E+01
 0.15060163E+01
 0.15096180E+01
 0.15118604E+01
 0.15123636E+01
 0.15132298E+01
 0.15142143E+01
 0.15148531E+01
 0.15172743E+01
 0.15217238E+01
 0.15263516E+01
 0.15277926E+01
 0.15284677E+01
 0.15287813E+01
 0.15310442E+01
 0.15335273E+01
 0.15371540E+01
 0.15374335E+01
 0.15402555E+01
 0.15434586E+01
 0.15466012E+01
 0.15470067E+01
 0.15481969E+01
 0.15573783E+01
 0.15638538E+01
 0.15652769E+01
 0.15697590E+01
 0.15703880E+01
 0.15734358E+01
 0.15752587E+01
 0.15766284E+01
 0.15792773E+01
 0.15821003E+01
 0.15843003E+01
 0.15868023E+01
 0.15881961E+01
 0.15884066E+01
 0.15898185E+01
 0.15931360E+01
 0.15941843E+01
 0.15986565E+01
 0.16009288E+01
 0.16022675E+01
 0.16030004E+01
 0.16056950E+01
 0.16059723E+01
 0.16080763E+01
 0.16102267E+01
 0.16109961E+01
 0.16128004E+01
 0.16137578E+01
 0.16171505E+01
 0.16187233E+01
 0.16250231E+01
 0.16253053E+01
 0.16320717E+01
 0.16373514E+01
 0.16420374E+01
 0.16424109E+01
 0.16433170E+01
 0.16440534E+01
 0.16450277E+01
 0.16461570E+01
 0.16474702E+01
 0.16480705E+01
 0.16498586E+01
 0.16518851E+01
 0.16523452E+01
 0.16568999E+01
 0.16584048E+01
 0.16589855E+01
 0.16594522E+01
 0.16617708E+01
 0.16655400E+01
 0.16675736E+01
 0.16677568E+01
 0.16692073E+01
 0.16704615E+01
 0.16734351E+01
 0.16763352E+01
 0.16768464E+01
 0.16780202E+01
 0.16796919E+01
 0.16808804E+01
 0.16819820E+01
 0.16847355E+01
 0.16880346E+01
 0.16911029E+01
 0.16916289E+01
 0.16933889E+01
 0.16951241E+01
 0.16969336E+01
 0.16989569E+01
 0.17002748E+01
 0.17065049E+01
 0.17081206E+01
 0.17101888E+01
 0.17112839E+01
 0.17134993E+01
 0.17136416E+01
 0.17147817E+01
 0.17159811E+01
 0.17171883E+01
 0.17183165E+01
 0.17193245E+01
 0.17205459E+01
 0.17214283E+01
 0.17241956E+01
 0.17270664E+01
 0.17280425E+01
 0.17284821E+01
 0.17329747E+01
 0.17333072E+01
 0.17354778E+01
 0.17385066E+01
 0.17401768E+01
 0.17411839E+01
 0.17438067E+01
 0.17460523E+01
 0.17478204E+01
 0.17496416E+01
 0.17507085E+01
 0.17539506E+01
 0.17542483E+01
 0.17562145E+01
 0.17582220E+01
 0.17593908E+01
 0.17599516E+01
 0.17622280E+01
 0.17624122E+01
 0.17633909E+01
 0.17654695E+01
 0.17656084E+01
 0.17678072E+01
 0.17695129E+01
 0.17705771E+01
 0.17716445E+01
 0.17726056E+01
 0.17730410E+01
 0.17776345E+01
 0.17790957E+01
 0.17805407E+01
 0.17811724E+01
 0.17831660E+01
 0.17835668E+01
 0.17842591E+01
 0.17850252E+01
 0.17858019E+01
 0.17874188E+01
 0.17901473E+01
 0.17927989E+01
 0.17937775E+01
 0.17940212E+01
 0.17945603E+01
 0.17955322E+01
 0.17959301E+01
 0.17974546E+01
 0.17984410E+01
 0.17989001E+01
 0.17996065E+01
 0.18002982E+01
 0.18005926E+01
 0.18019158E+01
 0.18029080E+01
 0.18048834E+01
 0.18065258E+01
 0.18085432E+01
 0.18105156E+01
 0.18110891E+01
 0.18125138E+01
 0.18143361E+01
 0.18154038E+01
 0.18176049E+01
 0.18186916E+01
 0.18190966E+01
 0.18206850E+01
 0.18215118E+01
 0.18219917E+01
 0.18252448E+01
 0.18283235E+01
 0.18300897E+01
 0.18331050E+01
 0.18339577E+01
 0.18345715E+01
 0.18358205E+01
 0.18376154E+01
 0.18387695E+01
 0.18405487E+01
 0.18412163E+01
 0.18418198E+01
 0.18445794E+01
 0.18470120E+01
 0.18488208E+01
 0.18508421E+01
 0.18519694E+01
 0.18547222E+01
 0.18557916E+01
 0.18597964E+01
 0.18613598E+01
 0.18643709E+01
 0.18660132E+01
 0.18697481E+01
 0.18699560E+01
 0.18702299E+01
 0.18711272E+01
 0.18719885E+01
 0.18728640E+01
 0.18764652E+01
 0.18771212E+01
 0.18796958E+01
 0.18805305E+01
 0.18809839E+01
 0.18827190E+01
 0.18832861E+01
 0.18835928E+01
 0.18859549E+01
 0.18863673E+01
 0.18882347E+01
 0.18891811E+01
 0.18934932E+01
 0.18960130E+01
 0.18989131E+01
 0.18999270E+01
 0.19014737E+01
 0.19045166E+01
 0.19049909E+01
 0.19065908E+01
 0.19075673E+01
 0.19093243E+01
 0.19102027E+01
 0.19105436E+01
 0.19119991E+01
 0.19134357E+01
 0.19171980E+01
 0.19193047E+01
 0.19245373E+01
 0.19256854E+01
 0.19279464E+01
 0.19300427E+01
 0.19304161E+01
 0.19319627E+01
 0.19355125E+01
 0.19377091E+01
 0.19432130E+01
 0.19438727E+01
 0.19460043E+01
 0.19501777E+01
 0.19527947E+01
 0.19563097E+01
 0.19611013E+01
 0.19637151E+01
 0.19661901E+01
 0.19673424E+01
 0.19713922E+01
 0.19725742E+01
 0.19761343E+01
 0.19764464E+01
 0.19794988E+01
 0.19804956E+01
 0.19815443E+01
 0.19833823E+01
 0.19837864E+01
 0.19886516E+01
 0.19905967E+01
 0.19936599E+01
 0.19952722E+01
 0.19955207E+01
 0.20012937E+01
 0.20030182E+01
 0.20068526E+01
 0.20072856E+01
 0.20098286E+01
 0.20112452E+01
 0.20132510E+01
 0.20153265E+01
 0.20178147E+01
 0.20185146E+01
 0.20212307E+01
 0.20227735E+01
 0.20256246E+01
 0.20259817E+01
 0.20286457E+01
 0.20313814E+01
 0.20325800E+01
 0.20336521E+01
 0.20343052E+01
 0.20368928E+01
 0.20384286E+01
 0.20408732E+01
 0.20436991E+01
 0.20465534E+01
 0.20473312E+01
 0.20487150E+01
 0.20514971E+01
 0.20547250E+01
 0.20563031E+01
 0.20601057E+01
 0.20604832E+01
 0.20612837E+01
 0.20656751E+01
 0.20709586E+01
 0.20715157E+01
 0.20723696E+01
 0.20747683E+01
 0.20762346E+01
 0.20775967E+01
 0.20785698E+01
 0.20800994E+01
 0.20806498E+01
 0.20817339E+01
 0.20834999E+01
 0.20856136E+01
 0.20884011E+01
 0.20924081E+01
 0.20943745E+01
 0.20964263E+01
 0.20989866E+01
 0.20994695E+01
 0.21016684E+01
 0.21029297E+01
 0.21041207E+01
 0.21061594E+01
 0.21067601E+01
 0.21086522E+01
 0.21103164E+01
 0.21130511E+01
 0.21135552E+01
 0.21154481E+01
 0.21167247E+01
 0.21169757E+01
 0.21194031E+01
 0.21207784E+01
 0.21231679E+01
 0.21252066E+01
 0.21270657E+01
 0.21281106E+01
 0.21319543E+01
 0.21330709E+01
 0.21336484E+01
 0.21366555E+01
 0.21375096E+01
 0.21404466E+01
 0.21431363E+01
 0.21444471E+01
 0.21471013E+01
 0.21510751E+01
 0.21532449E+01
 0.21537129E+01
 0.21539978E+01
 0.21557122E+01
 0.21580391E+01
 0.21628815E+01
 0.21647817E+01
 0.21658430E+01
 0.21690433E+01
 0.21707631E+01
 0.21710434E+01
 0.21720108E+01
 0.21744785E+01
 0.21765198E+01
 0.21797779E+01
 0.21853525E+01
 0.21880993E+01
 0.21950064E+01
 0.21959829E+01
 0.21964159E+01
 0.22013579E+01
 0.22024127E+01
 0.22038441E+01
 0.22066288E+01
 0.22114423E+01
 0.22133272E+01
 0.22147880E+01
 0.22149086E+01
 0.22198019E+01
 0.22213960E+01
 0.22235446E+01
 0.22254149E+01
 0.22261705E+01
 0.22323383E+01
 0.22378898E+01
 0.22389303E+01
 0.22394398E+01
 0.22418050E+01
 0.22458643E+01
 0.22475236E+01
 0.22483875E+01
 0.22498254E+01
 0.22502890E+01
 0.22515522E+01
 0.22576389E+01
 0.22583357E+01
 0.22604063E+01
 0.22609516E+01
 0.22627858E+01
 0.22661563E+01
 0.22667753E+01
 0.22680892E+01
 0.22724535E+01
 0.22747682E+01
 0.22798194E+01
 0.22804536E+01
 0.22823098E+01
 0.22892529E+01
 0.22936093E+01
 0.22988007E+01
 0.22993439E+01
 0.23012318E+01
 0.23029197E+01
 0.23100039E+01
 0.23152949E+01
 0.23171316E+01
 0.23172965E+01
 0.23176931E+01
 0.23194623E+01
 0.23205394E+01
 0.23222511E+01
 0.23237239E+01
 0.23260582E+01
 0.23302738E+01
 0.23350249E+01
 0.23365324E+01
 0.23374550E+01
 0.23384309E+01
 0.23404744E+01
 0.23419402E+01
 0.23433913E+01
 0.23474452E+01
 0.23482494E+01
 0.23493733E+01
 0.23500002E+01
 0.23509385E+01
 0.23521845E+01
 0.23605607E+01
 0.23624243E+01
 0.23691203E+01
 0.23702868E+01
 0.23707174E+01
 0.23734955E+01
 0.23741950E+01
 0.23747397E+01
 0.23761590E+01
 0.23776115E+01
 0.23805842E+01
 0.23814104E+01
 0.23844472E+01
 0.23857837E+01
 0.23953552E+01
 0.23964964E+01
 0.23972294E+01
 0.23978110E+01
 0.23981765E+01
 0.24007616E+01
 0.24021639E+01
 0.24045078E+01
 0.24111792E+01
 0.24118386E+01
 0.24136336E+01
 0.24146307E+01
 0.24158295E+01
 0.24178337E+01
 0.24197783E+01
 0.24244954E+01
 0.24260547E+01
 0.24264338E+01
 0.24273309E+01
 0.24308497E+01
 0.24338831E+01
 0.24365766E+01
 0.24375920E+01
 0.24390782E+01
 0.24401725E+01
 0.24421555E+01
 0.24464526E+01
 0.24469343E+01
 0.24497033E+01
 0.24511886E+01
 0.24532027E+01
 0.24554843E+01
 0.24597967E+01
 0.24629618E+01
 0.24665200E+01
 0.24798536E+01
 0.24826357E+01
 0.24832175E+01
 0.24862428E+01
 0.24879800E+01
 0.24905454E+01
 0.24927468E+01
 0.24961945E+01
 0.24965114E+01
 0.24989431E+01
 0.25039882E+01
 0.25058445E+01
 0.25115705E+01
 0.25150556E+01
 0.25176467E+01
 0.25197673E+01
 0.25209691E+01
 0.25240734E+01
 0.25255526E+01
 0.25282283E+01
 0.25297468E+01
 0.25353330E+01
 0.25374800E+01
 0.25390219E+01
 0.25406772E+01
 0.25446405E+01
 0.25453905E+01
 0.25485255E+01
 0.25524796E+01
 0.25539996E+01
 0.25572059E+01
 0.25607914E+01
 0.25635668E+01
 0.25676372E+01
 0.25707615E+01
 0.25783313E+01
 0.25810297E+01
 0.25851431E+01
 0.25876368E+01
 0.25909684E+01
 0.25931835E+01
 0.25935672E+01
 0.25941704E+01
 0.25978940E+01
 0.25996655E+01
 0.26003579E+01
 0.26009985E+01
 0.26033842E+01
 0.26079194E+01
 0.26192236E+01
 0.26206258E+01
 0.26283808E+01
 0.26298167E+01
 0.26342154E+01
 0.26348395E+01
 0.26405767E+01
 0.26434309E+01
 0.26476000E+01
 0.26513396E+01
 0.26522371E+01
 0.26572860E+01
 0.26601462E+01
 0.26613592E+01
 0.26624695E+01
 0.26696861E+01
 0.26722565E+01
 0.26767474E+01
 0.26805632E+01
 0.26834485E+01
 0.26838970E+01
 0.26859958E+01
 0.26872945E+01
 0.26908773E+01
 0.26937741E+01
 0.26951550E+01
 0.26977901E+01
 0.26989958E+01
 0.27002401E+01
 0.27025084E+01
 0.27027521E+01
 0.27042936E+01
 0.27058692E+01
 0.27099455E+01
 0.27112183E+01
 0.27124642E+01
 0.27138817E+01
 0.27145069E+01
 0.27160147E+01
 0.27213890E+01
 0.27243606E+01
 0.27260073E+01
 0.27288399E+01
 0.27295589E+01
 0.27343275E+01
 0.27399020E+01
 0.27426503E+01
 0.27446941E+01
 0.27506083E+01
 0.27542218E+01
 0.27595388E+01
 0.27622262E+01
 0.27671101E+01
 0.27684070E+01
 0.27727991E+01
 0.27755876E+01
 0.27774241E+01
 0.27787888E+01
 0.27800054E+01
 0.27842184E+01
 0.27905226E+01
 0.27919827E+01
 0.27994415E+01
 0.28049499E+01
 0.28054121E+01
 0.28108950E+01
 0.28154488E+01
 0.28163643E+01
 0.28205883E+01
 0.28209240E+01
 0.28214786E+01
 0.28232746E+01
 0.28254765E+01
 0.28288273E+01
 0.28294145E+01
 0.28308956E+01
 0.28317091E+01
 0.28324220E+01
 0.28356515E+01
 0.28369701E+01
 0.28406660E+01
 0.28435383E+01
 0.28462489E+01
 0.28475857E+01
 0.28484731E+01
 0.28515132E+01
 0.28526901E+01
 0.28534629E+01
 0.28556434E+01
 0.28623702E+01
 0.28724560E+01
 0.28818201E+01
 0.28887072E+01
 0.28925218E+01
 0.28931170E+01
 0.28940737E+01
 0.28963558E+01
 0.28974969E+01
 0.29039445E+01
 0.29076905E+01
 0.29099136E+01
 0.29114955E+01
 0.29200040E+01
 0.29234077E+01
 0.29276345E+01
 0.29294498E+01
 0.29345846E+01
 0.29374086E+01
 0.29420060E+01
 0.29447921E+01
 0.29454192E+01
 0.29544989E+01
 0.29560695E+01
 0.29581787E+01
 0.29617070E+01
 0.29671848E+01
 0.29768528E+01
 0.29769011E+01
 0.29798740E+01
 0.29838585E+01
 0.29860922E+01
 0.29882379E+01
 0.29999334E+01
 0.30005614E+01
 0.30009991E+01
 0.30076107E+01
 0.30129589E+01
 0.30159571E+01
 0.30200343E+01
 0.30254823E+01
 0.30299296E+01
 0.30353054E+01
 0.30384262E+01
 0.30424648E+01
 0.30508739E+01
 0.30546960E+01
 0.30595264E+01
 0.30616499E+01
 0.30619338E+01
 0.30651052E+01
 0.30778371E+01
 0.30794577E+01
 0.30854864E+01
 0.30936288E+01
 0.30950608E+01
 0.30979214E+01
 0.31028231E+01
 0.31109839E+01
 0.31170295E+01
 0.31271153E+01
 0.31310347E+01
 0.31339874E+01
 0.31404651E+01
 0.31426838E+01
 0.31559884E+01
 0.31586377E+01
 0.31590326E+01
 0.31667882E+01
 0.31734842E+01
 0.31783571E+01
 0.31831899E+01
 0.31912108E+01
 0.31925089E+01
 0.32031052E+01
 0.32091423E+01
 0.32118809E+01
 0.32198798E+01
 0.32229137E+01
 0.32282244E+01
 0.32318324E+01
 0.32359154E+01
 0.32389415E+01
 0.32402740E+01
 0.32452925E+01
 0.32548516E+01
 0.32596982E+01
 0.32610606E+01
 0.32653645E+01
 0.32696881E+01
 0.32724520E+01
 0.32763301E+01
 0.32849070E+01
 0.32864327E+01
 0.32900495E+01
 0.32922064E+01
 0.33004853E+01
 0.33100392E+01
 0.33164513E+01
 0.33256923E+01
 0.33299131E+01
 0.33388866E+01
 0.33408213E+01
 0.33436187E+01
 0.33445205E+01
 0.33474237E+01
 0.33486806E+01
 0.33595869E+01
 0.33691948E+01
 0.33815493E+01
 0.33823995E+01
 0.33971321E+01
 0.34010328E+01
 0.34041586E+01
 0.34051338E+01
 0.34147130E+01
 0.34168702E+01
 0.34364841E+01
 0.34408872E+01
 0.34416392E+01
 0.34460301E+01
 0.34505016E+01
 0.34669135E+01
 0.34707524E+01
 0.34716159E+01
 0.34843631E+01
 0.34845634E+01
 0.34913312E+01
 0.34922582E+01
 0.34955221E+01
 0.34959793E+01
 0.35004163E+01
 0.35053911E+01
 0.35234111E+01
 0.35245562E+01
 0.35254733E+01
 0.35332493E+01
 0.35337560E+01
 0.35453754E+01
 0.35604165E+01
 0.35667563E+01
 0.35705519E+01
 0.35744311E+01
 0.35787305E+01
 0.35824098E+01
 0.35940907E+01
 0.36242907E+01
 0.39205988E+01
 0.39219061E+01
 0.39233285E+01
 0.39246756E+01
 0.39422126E+01
 0.39425131E+01
 0.39491127E+01
 0.39498870E+01
 0.39745840E+01
 0.39760506E+01
 0.39801044E+01
 0.39804011E+01
 0.39859394E+01
 0.39873745E+01
 0.40157487E+01
 0.40167001E+01
 0.40210548E+01
 0.40235526E+01
 0.40292033E+01
 0.40300036E+01
 0.40487888E+01
 0.40506318E+01
 0.41295237E+01
 0.41324735E+01
 0.42317468E+01
 0.42319401E+01
 0.42463760E+01
 0.42468746E+01
 0.42602066E+01
 0.42606273E+01
 0.42716765E+01
 0.42718434E+01
 0.42902890E+01
 0.42905823E+01
 0.42976013E+01
 0.42995011E+01
 0.43151125E+01
 0.43153949E+01
 0.43223386E+01
 0.43260350E+01
 0.43270377E+01
 0.43303947E+01
 0.43461983E+01
 0.43485940E+01
 0.43500399E+01
 0.43594882E+01
 0.43613977E+01
 0.43667895E+01
 0.43674228E+01
 0.43703291E+01
 0.43719099E+01
 0.43745270E+01
 0.43779685E+01
 0.43815933E+01
 0.43869211E+01
 0.43877965E+01
 0.43971160E+01
 0.44034687E+01
 0.44064057E+01
 0.44079678E+01
 0.44134406E+01
 0.44206023E+01
 0.44304603E+01
 0.44324391E+01
 0.44410289E+01
 0.44480889E+01
 0.44500729E+01
 0.44533140E+01
 0.44561304E+01
 0.44582489E+01
 0.44721818E+01
 0.44763625E+01
 0.44783077E+01
 0.44803669E+01
 0.44831935E+01
 0.44857973E+01
 0.45041620E+01
 0.45065985E+01
 0.45078905E+01
 0.45111975E+01
 0.45133240E+01
 0.45230738E+01
 0.45370448E+01
 0.45400249E+01
 0.45423936E+01
 0.45445196E+01
 0.45591487E+01
 0.45628132E+01
 0.45644481E+01
 0.45672165E+01
 0.45680089E+01
 0.45840679E+01
 0.45906824E+01
 0.45934101E+01
 0.45955150E+01
 0.46028519E+01
 0.46043914E+01
 0.46135825E+01
 0.46183898E+01
 0.46215161E+01
 0.46415799E+01
 0.46439581E+01
 0.46464058E+01
 0.46479869E+01
 0.46576700E+01
 0.46591317E+01
 0.46630524E+01
 0.46650126E+01
 0.46691331E+01
 0.46865506E+01
 0.46970141E+01
 0.47012979E+01
 0.47025825E+01
 0.47063005E+01
 0.47248853E+01
 0.47326554E+01
 0.47473394E+01
 0.47502372E+01
 0.47536347E+01
 0.47555628E+01
 0.47890077E+01
 0.47947976E+01
 0.47965541E+01
 0.47997333E+01
 0.48100531E+01
 0.48138728E+01
 0.48677442E+01
 0.49168629E+01
 0.49672708E+01
 0.49706368E+01
 0.49829789E+01
 0.49857732E+01
 0.49867976E+01
 0.49877185E+01
 0.50128843E+01
 0.50136425E+01
 0.50803200E+01
 0.51186124E+01
 0.56443468E+01
 0.56454778E+01
 0.67980067E+01
 0.68211951E+01
 0.68558270E+01
 0.68687959E+01
 0.76857803E+01
 0.77313883E+01
