-0.88978307E+02
-0.88978142E+02
-0.88937192E+02
-0.88936798E+02
-0.88936616E+02
-0.88936068E+02
-0.88929907E+02
-0.88929605E+02
-0.88928747E+02
-0.88928357E+02
-0.24765735E+02
-0.24765695E+02
-0.24757852E+02
-0.24757674E+02
-0.24751501E+02
-0.24751461E+02
-0.24749888E+02
-0.24749737E+02
-0.19167146E+02
-0.19166798E+02
-0.19162302E+02
-0.19162076E+02
-0.14423352E+02
-0.14421677E+02
-0.14416094E+02
-0.14414506E+02
-0.14383472E+02
-0.14383299E+02
-0.14381864E+02
-0.14381454E+02
-0.14378004E+02
-0.14377802E+02
-0.14374764E+02
-0.14374728E+02
-0.14364479E+02
-0.14364318E+02
-0.14351750E+02
-0.14351692E+02
-0.10321670E+02
-0.10321630E+02
-0.10313775E+02
-0.10313752E+02
-0.10311657E+02
-0.10311472E+02
-0.10308658E+02
-0.10308491E+02
-0.10296488E+02
-0.10296410E+02
-0.10296343E+02
-0.10296305E+02
-0.10296153E+02
-0.10295998E+02
-0.10285822E+02
-0.10285618E+02
-0.10275052E+02
-0.10274971E+02
-0.10274077E+02
-0.10273889E+02
-0.10272151E+02
-0.10272029E+02
-0.10271771E+02
-0.10271663E+02
-0.10270762E+02
-0.10270731E+02
-0.10266810E+02
-0.10266588E+02
-0.10264283E+02
-0.10264130E+02
-0.10257377E+02
-0.10255656E+02
-0.10253569E+02
-0.10253148E+02
-0.10252547E+02
-0.10252485E+02
-0.10251297E+02
-0.10251156E+02
-0.10251038E+02
-0.10251032E+02
-0.10250744E+02
-0.10250632E+02
-0.10250399E+02
-0.10250315E+02
-0.10250153E+02
-0.10249808E+02
-0.10248676E+02
-0.10248318E+02
-0.10247263E+02
-0.10246837E+02
-0.10246438E+02
-0.10246390E+02
-0.10246140E+02
-0.10242778E+02
-0.10241497E+02
-0.10241104E+02
-0.10241015E+02
-0.10240433E+02
-0.10240353E+02
-0.10240269E+02
-0.10240079E+02
-0.10239795E+02
-0.10239688E+02
-0.10239339E+02
-0.10236749E+02
-0.10236001E+02
-0.10235671E+02
-0.10235669E+02
-0.10233739E+02
-0.10233507E+02
-0.10233479E+02
-0.10233277E+02
-0.10231149E+02
-0.10231083E+02
-0.10231018E+02
-0.10230839E+02
-0.10230272E+02
-0.10229934E+02
-0.10224267E+02
-0.10224205E+02
-0.10222063E+02
-0.10222049E+02
-0.10221545E+02
-0.10221422E+02
-0.10221326E+02
-0.10220145E+02
-0.10215795E+02
-0.10214971E+02
-0.10214542E+02
-0.10214365E+02
-0.10213142E+02
-0.10212947E+02
-0.10200457E+02
-0.10200238E+02
-0.10199821E+02
-0.10199485E+02
-0.80253518E+01
-0.80251943E+01
-0.79895110E+01
-0.79889491E+01
-0.79887288E+01
-0.79883400E+01
-0.79826370E+01
-0.79823521E+01
-0.79811454E+01
-0.79807790E+01
-0.59922943E+01
-0.59921384E+01
-0.59867087E+01
-0.59865523E+01
-0.59840448E+01
-0.59838827E+01
-0.59554507E+01
-0.59550254E+01
-0.59546626E+01
-0.59544114E+01
-0.59514729E+01
-0.59510583E+01
-0.59506825E+01
-0.59504446E+01
-0.59487563E+01
-0.59484673E+01
-0.59474325E+01
-0.59474283E+01
-0.59470620E+01
-0.59468458E+01
-0.59466638E+01
-0.59462472E+01
-0.59451613E+01
-0.59448733E+01
-0.59436923E+01
-0.59433222E+01
-0.59399779E+01
-0.59396977E+01
-0.59383378E+01
-0.59379756E+01
-0.12910449E+01
-0.12909727E+01
-0.12829517E+01
-0.12827057E+01
-0.12501703E+01
-0.12499773E+01
-0.12438800E+01
-0.12437918E+01
-0.10789796E+01
-0.10786384E+01
-0.10614230E+01
-0.10611001E+01
-0.10276138E+01
-0.10272938E+01
-0.10181798E+01
-0.10175484E+01
-0.10116322E+01
-0.10109869E+01
-0.96664562E+00
-0.96652914E+00
-0.95595419E+00
-0.95594968E+00
-0.95582469E+00
-0.95580031E+00
-0.94114165E+00
-0.94102493E+00
-0.93681182E+00
-0.93645099E+00
-0.93512289E+00
-0.93469418E+00
-0.93123899E+00
-0.92833886E+00
-0.92322315E+00
-0.92302332E+00
-0.89535693E+00
-0.89406636E+00
-0.89214040E+00
-0.88980713E+00
-0.88600863E+00
-0.88570736E+00
-0.88180452E+00
-0.88124118E+00
-0.87523095E+00
-0.87482797E+00
-0.86579294E+00
-0.86569026E+00
-0.83768683E+00
-0.83736739E+00
-0.83391063E+00
-0.83364210E+00
-0.82329503E+00
-0.82228704E+00
-0.81504106E+00
-0.81395503E+00
-0.80967552E+00
-0.80930227E+00
-0.80644267E+00
-0.80634975E+00
-0.80490331E+00
-0.80404767E+00
-0.79775185E+00
-0.79759967E+00
-0.79566582E+00
-0.79527368E+00
-0.79045471E+00
-0.78987059E+00
-0.76568177E+00
-0.76549006E+00
-0.75200902E+00
-0.75092475E+00
-0.74799865E+00
-0.74672011E+00
-0.74247938E+00
-0.74158754E+00
-0.72475011E+00
-0.72449459E+00
-0.71897927E+00
-0.71852949E+00
-0.71404772E+00
-0.71332382E+00
-0.70658251E+00
-0.70564592E+00
-0.69934447E+00
-0.69906533E+00
-0.69702670E+00
-0.69686854E+00
-0.69669995E+00
-0.69526509E+00
-0.69210151E+00
-0.69160787E+00
-0.67611258E+00
-0.67601918E+00
-0.66196336E+00
-0.66175402E+00
-0.65211926E+00
-0.65163251E+00
-0.64522410E+00
-0.64457464E+00
-0.64208983E+00
-0.64193385E+00
-0.63792248E+00
-0.63779894E+00
-0.62970149E+00
-0.62936879E+00
-0.62163024E+00
-0.62143993E+00
-0.60931247E+00
-0.60907576E+00
-0.60082912E+00
-0.60053349E+00
-0.59854270E+00
-0.59834432E+00
-0.59215360E+00
-0.59186101E+00
-0.58776962E+00
-0.58772333E+00
-0.58334034E+00
-0.58312600E+00
-0.57523460E+00
-0.57492863E+00
-0.57336476E+00
-0.57296700E+00
-0.56885862E+00
-0.56866616E+00
-0.56106645E+00
-0.56090188E+00
-0.55716109E+00
-0.55703503E+00
-0.55618305E+00
-0.55589773E+00
-0.55215402E+00
-0.55199656E+00
-0.54442146E+00
-0.54417694E+00
-0.53407880E+00
-0.53367417E+00
-0.52830133E+00
-0.52735498E+00
-0.52652108E+00
-0.52618052E+00
-0.52327202E+00
-0.52299366E+00
-0.51981649E+00
-0.51962034E+00
-0.51705505E+00
-0.51649903E+00
-0.51378734E+00
-0.51170982E+00
-0.50913187E+00
-0.50894157E+00
-0.50504612E+00
-0.50468704E+00
-0.50415266E+00
-0.50312459E+00
-0.50030606E+00
-0.50025682E+00
-0.49907618E+00
-0.49893777E+00
-0.49847572E+00
-0.49828009E+00
-0.48653781E+00
-0.48582696E+00
-0.48405288E+00
-0.48222583E+00
-0.48168228E+00
-0.48165546E+00
-0.48147933E+00
-0.48145244E+00
-0.47555817E+00
-0.47305156E+00
-0.47283215E+00
-0.47058391E+00
-0.47042565E+00
-0.46642123E+00
-0.46634111E+00
-0.46566665E+00
-0.46546245E+00
-0.46459516E+00
-0.46429253E+00
-0.46165116E+00
-0.46139900E+00
-0.46081552E+00
-0.46050596E+00
-0.45896008E+00
-0.45729938E+00
-0.45593091E+00
-0.45459011E+00
-0.45362070E+00
-0.45339376E+00
-0.45276753E+00
-0.45235718E+00
-0.44910482E+00
-0.44633761E+00
-0.44600531E+00
-0.43796062E+00
-0.43778741E+00
-0.43559278E+00
-0.43549306E+00
-0.43374171E+00
-0.43351177E+00
-0.43256846E+00
-0.43254614E+00
-0.43213413E+00
-0.43178226E+00
-0.43109921E+00
-0.43095866E+00
-0.43056540E+00
-0.42807400E+00
-0.42729535E+00
-0.42624588E+00
-0.42613684E+00
-0.42601967E+00
-0.42586939E+00
-0.42572458E+00
-0.42461152E+00
-0.42408361E+00
-0.42165229E+00
-0.42065710E+00
-0.42028200E+00
-0.41961063E+00
-0.41779204E+00
-0.41717272E+00
-0.41394305E+00
-0.41375148E+00
-0.40729066E+00
-0.40692661E+00
-0.40635156E+00
-0.40613651E+00
-0.40538665E+00
-0.40507939E+00
-0.40030734E+00
-0.40002217E+00
-0.39973987E+00
-0.39926705E+00
-0.39895646E+00
-0.39865780E+00
-0.39761412E+00
-0.39577499E+00
-0.39336030E+00
-0.39255212E+00
-0.39226599E+00
-0.39176377E+00
-0.39038453E+00
-0.38897311E+00
-0.38692398E+00
-0.38661684E+00
-0.38648669E+00
-0.38617671E+00
-0.38599239E+00
-0.38431431E+00
-0.38421281E+00
-0.38386561E+00
-0.38378124E+00
-0.38238074E+00
-0.38214237E+00
-0.38137547E+00
-0.37616982E+00
-0.37605519E+00
-0.37578632E+00
-0.37534419E+00
-0.37418520E+00
-0.37398422E+00
-0.37022708E+00
-0.36937011E+00
-0.36892940E+00
-0.36622315E+00
-0.36558892E+00
-0.36407980E+00
-0.36304414E+00
-0.36283253E+00
-0.35899187E+00
-0.35747259E+00
-0.35688768E+00
-0.35659211E+00
-0.35569263E+00
-0.35489732E+00
-0.34921059E+00
-0.34844840E+00
-0.34571958E+00
-0.34547248E+00
-0.34298752E+00
-0.34207783E+00
-0.33729957E+00
-0.33605702E+00
-0.32938209E+00
-0.32832785E+00
-0.31617947E+00
-0.31179818E+00
-0.31157395E+00
-0.31126634E+00
-0.30842199E+00
-0.30815875E+00
-0.29496258E+00
-0.29150123E+00
-0.29058301E+00
-0.28631821E+00
-0.28363697E+00
-0.28335335E+00
-0.27854460E+00
-0.27761687E+00
-0.27660242E+00
-0.27647759E+00
-0.27251407E+00
-0.27219157E+00
-0.27188844E+00
-0.27172244E+00
-0.27111884E+00
-0.27088642E+00
-0.26439522E+00
-0.26385054E+00
-0.25808125E+00
-0.25780222E+00
-0.23709153E+00
-0.23634460E+00
-0.23528008E+00
-0.23472722E+00
-0.22519049E+00
-0.22480124E+00
-0.20768692E+00
-0.20625915E+00
-0.12128942E+00
-0.11838288E+00
-0.11244463E+00
-0.11104398E+00
-0.10385282E+00
-0.92956372E-01
-0.92642208E-01
-0.91178389E-01
-0.88080473E-01
-0.87937838E-01
-0.61554729E-01
-0.50476762E-01
-0.45354068E-01
-0.43675260E-01
-0.30375373E-01
-0.30149852E-01
-0.29794274E-01
-0.29548363E-01
-0.26174760E-01
-0.23359720E-01
-0.16265153E-01
-0.14588116E-01
-0.11003799E-01
-0.10577149E-01
-0.95219478E-02
-0.86229055E-02
-0.59383611E-02
-0.52600014E-02
-0.49156476E-02
-0.46272959E-02
-0.32581705E-02
 0.47125300E-03
 0.95326995E-03
 0.13628469E-02
 0.17824996E-02
 0.21188243E-02
 0.25582735E-02
 0.31741607E-02
 0.44135483E-02
 0.48735065E-02
 0.61155765E-02
 0.78096090E-02
 0.88106498E-02
 0.89202542E-02
 0.10948195E-01
 0.11069882E-01
 0.11559629E-01
 0.11969257E-01
 0.13851395E-01
 0.14062846E-01
 0.16074003E-01
 0.16277335E-01
 0.18204519E-01
 0.18482281E-01
 0.18979188E-01
 0.19446070E-01
 0.21058396E-01
 0.21453336E-01
 0.22436553E-01
 0.23545134E-01
 0.24065648E-01
 0.24361419E-01
 0.24575559E-01
 0.24925048E-01
 0.26463487E-01
 0.27409385E-01
 0.28966980E-01
 0.29502710E-01
 0.29899042E-01
 0.31337965E-01
 0.32009094E-01
 0.33192345E-01
 0.34731898E-01
 0.34760750E-01
 0.35819364E-01
 0.36129177E-01
 0.37120224E-01
 0.37366557E-01
 0.38184849E-01
 0.39138789E-01
 0.39503080E-01
 0.39897037E-01
 0.40356635E-01
 0.40817609E-01
 0.42466304E-01
 0.42726881E-01
 0.44539820E-01
 0.45078720E-01
 0.46273820E-01
 0.46952294E-01
 0.48912723E-01
 0.50691795E-01
 0.51482759E-01
 0.52253501E-01
 0.52675710E-01
 0.53312347E-01
 0.53847130E-01
 0.54497520E-01
 0.55242120E-01
 0.56270316E-01
 0.56758130E-01
 0.57810708E-01
 0.59013430E-01
 0.60347846E-01
 0.61470958E-01
 0.61923996E-01
 0.62250770E-01
 0.63680836E-01
 0.63845141E-01
 0.64123812E-01
 0.64680971E-01
 0.66026360E-01
 0.67703142E-01
 0.68048847E-01
 0.68803394E-01
 0.69924769E-01
 0.70689712E-01
 0.71042222E-01
 0.71184336E-01
 0.72039207E-01
 0.72275095E-01
 0.72514155E-01
 0.72669300E-01
 0.73583102E-01
 0.75020795E-01
 0.76023177E-01
 0.76794990E-01
 0.77709808E-01
 0.77924293E-01
 0.78901111E-01
 0.79368038E-01
 0.79865046E-01
 0.80444737E-01
 0.81829052E-01
 0.82305880E-01
 0.82573228E-01
 0.82754308E-01
 0.83706447E-01
 0.84269324E-01
 0.84775274E-01
 0.85984605E-01
 0.87623694E-01
 0.88741326E-01
 0.88809742E-01
 0.89555977E-01
 0.90394517E-01
 0.91675204E-01
 0.92419004E-01
 0.92994504E-01
 0.93028491E-01
 0.94526486E-01
 0.96286127E-01
 0.96533146E-01
 0.96719388E-01
 0.97473065E-01
 0.98740723E-01
 0.99451093E-01
 0.99730791E-01
 0.10057062E+00
 0.10136076E+00
 0.10172078E+00
 0.10370452E+00
 0.10399008E+00
 0.10528555E+00
 0.10640437E+00
 0.10739099E+00
 0.10798689E+00
 0.10944457E+00
 0.11013432E+00
 0.11047197E+00
 0.11122375E+00
 0.11163199E+00
 0.11186091E+00
 0.11304646E+00
 0.11364071E+00
 0.11457940E+00
 0.11719128E+00
 0.11845749E+00
 0.11858769E+00
 0.11879145E+00
 0.11897592E+00
 0.12000496E+00
 0.12114124E+00
 0.12168724E+00
 0.12222297E+00
 0.12293436E+00
 0.12315189E+00
 0.12410130E+00
 0.12543905E+00
 0.12602089E+00
 0.12654415E+00
 0.12707466E+00
 0.12777314E+00
 0.12825699E+00
 0.12892234E+00
 0.13007635E+00
 0.13038168E+00
 0.13112556E+00
 0.13209872E+00
 0.13293937E+00
 0.13316349E+00
 0.13386528E+00
 0.13459091E+00
 0.13554132E+00
 0.13609385E+00
 0.13733625E+00
 0.13813837E+00
 0.13849856E+00
 0.13920266E+00
 0.13992851E+00
 0.14035194E+00
 0.14067707E+00
 0.14128376E+00
 0.14178296E+00
 0.14252687E+00
 0.14311591E+00
 0.14373423E+00
 0.14424014E+00
 0.14493027E+00
 0.14583304E+00
 0.14644646E+00
 0.14737975E+00
 0.14767366E+00
 0.14837714E+00
 0.14912236E+00
 0.15025871E+00
 0.15086504E+00
 0.15184703E+00
 0.15248344E+00
 0.15333843E+00
 0.15378624E+00
 0.15434321E+00
 0.15461728E+00
 0.15516828E+00
 0.15601849E+00
 0.15714739E+00
 0.15774665E+00
 0.15861125E+00
 0.15872866E+00
 0.15942661E+00
 0.16062555E+00
 0.16147117E+00
 0.16237732E+00
 0.16311668E+00
 0.16331454E+00
 0.16382821E+00
 0.16490944E+00
 0.16543248E+00
 0.16582389E+00
 0.16595568E+00
 0.16633122E+00
 0.16674147E+00
 0.16724157E+00
 0.16812242E+00
 0.16895426E+00
 0.16916646E+00
 0.16978291E+00
 0.17059375E+00
 0.17147521E+00
 0.17229251E+00
 0.17277495E+00
 0.17293116E+00
 0.17363964E+00
 0.17495244E+00
 0.17569587E+00
 0.17596718E+00
 0.17660934E+00
 0.17737300E+00
 0.17840069E+00
 0.17936634E+00
 0.18041128E+00
 0.18056076E+00
 0.18109129E+00
 0.18199746E+00
 0.18210484E+00
 0.18238578E+00
 0.18330386E+00
 0.18378884E+00
 0.18434339E+00
 0.18520651E+00
 0.18654583E+00
 0.18697129E+00
 0.18774658E+00
 0.18816121E+00
 0.18897587E+00
 0.18932297E+00
 0.18974454E+00
 0.19003945E+00
 0.19071912E+00
 0.19123530E+00
 0.19242942E+00
 0.19277972E+00
 0.19343587E+00
 0.19443787E+00
 0.19526236E+00
 0.19569983E+00
 0.19627542E+00
 0.19670028E+00
 0.19714612E+00
 0.19731367E+00
 0.19819668E+00
 0.19955237E+00
 0.19987139E+00
 0.20145826E+00
 0.20170502E+00
 0.20293110E+00
 0.20371847E+00
 0.20414516E+00
 0.20477002E+00
 0.20648768E+00
 0.20811984E+00
 0.20884386E+00
 0.20980706E+00
 0.21017097E+00
 0.21052216E+00
 0.21059081E+00
 0.21082023E+00
 0.21246633E+00
 0.21326919E+00
 0.21392375E+00
 0.21445307E+00
 0.21534522E+00
 0.21547160E+00
 0.21601816E+00
 0.21707081E+00
 0.21757706E+00
 0.21777093E+00
 0.21847072E+00
 0.21929386E+00
 0.21966744E+00
 0.22047421E+00
 0.22148860E+00
 0.22219323E+00
 0.22227186E+00
 0.22301881E+00
 0.22398857E+00
 0.22434605E+00
 0.22451033E+00
 0.22538807E+00
 0.22565148E+00
 0.22634648E+00
 0.22741013E+00
 0.22761451E+00
 0.22810200E+00
 0.22900818E+00
 0.22979639E+00
 0.23045641E+00
 0.23145994E+00
 0.23179699E+00
 0.23209402E+00
 0.23306566E+00
 0.23335708E+00
 0.23376047E+00
 0.23452725E+00
 0.23595271E+00
 0.23652356E+00
 0.23668044E+00
 0.23812710E+00
 0.23885210E+00
 0.23959371E+00
 0.23993228E+00
 0.24040975E+00
 0.24111200E+00
 0.24176564E+00
 0.24218131E+00
 0.24296264E+00
 0.24384396E+00
 0.24424806E+00
 0.24483548E+00
 0.24603760E+00
 0.24641307E+00
 0.24669734E+00
 0.24782277E+00
 0.24820191E+00
 0.24858750E+00
 0.24893092E+00
 0.24972088E+00
 0.25048459E+00
 0.25095769E+00
 0.25116769E+00
 0.25157636E+00
 0.25224468E+00
 0.25258556E+00
 0.25320784E+00
 0.25355994E+00
 0.25406613E+00
 0.25444126E+00
 0.25486067E+00
 0.25520408E+00
 0.25580929E+00
 0.25606866E+00
 0.25638288E+00
 0.25724832E+00
 0.25844563E+00
 0.25850493E+00
 0.25867123E+00
 0.25998043E+00
 0.26043548E+00
 0.26080917E+00
 0.26216263E+00
 0.26315686E+00
 0.26334222E+00
 0.26379931E+00
 0.26442569E+00
 0.26557786E+00
 0.26617894E+00
 0.26647884E+00
 0.26767361E+00
 0.26800723E+00
 0.26856989E+00
 0.26906438E+00
 0.26950515E+00
 0.26996407E+00
 0.27031881E+00
 0.27122691E+00
 0.27143734E+00
 0.27174097E+00
 0.27241769E+00
 0.27312174E+00
 0.27386873E+00
 0.27422966E+00
 0.27501119E+00
 0.27576982E+00
 0.27659955E+00
 0.27752063E+00
 0.27782851E+00
 0.27893390E+00
 0.27984924E+00
 0.28052343E+00
 0.28138284E+00
 0.28196377E+00
 0.28267995E+00
 0.28382794E+00
 0.28455478E+00
 0.28534118E+00
 0.28618152E+00
 0.28679756E+00
 0.28703214E+00
 0.28754004E+00
 0.28788959E+00
 0.28831673E+00
 0.28920625E+00
 0.28986859E+00
 0.29036488E+00
 0.29111931E+00
 0.29181377E+00
 0.29225344E+00
 0.29350457E+00
 0.29378047E+00
 0.29386483E+00
 0.29446026E+00
 0.29561699E+00
 0.29630214E+00
 0.29653445E+00
 0.29769604E+00
 0.29825004E+00
 0.29840086E+00
 0.29936483E+00
 0.30100446E+00
 0.30122519E+00
 0.30213224E+00
 0.30240164E+00
 0.30263891E+00
 0.30318837E+00
 0.30462017E+00
 0.30572642E+00
 0.30618256E+00
 0.30687736E+00
 0.30724670E+00
 0.30762899E+00
 0.30853606E+00
 0.31011767E+00
 0.31039043E+00
 0.31122176E+00
 0.31137632E+00
 0.31177438E+00
 0.31316267E+00
 0.31342809E+00
 0.31414686E+00
 0.31466010E+00
 0.31508867E+00
 0.31635437E+00
 0.31753399E+00
 0.31809475E+00
 0.31878882E+00
 0.31940442E+00
 0.32017599E+00
 0.32136540E+00
 0.32174599E+00
 0.32217853E+00
 0.32346283E+00
 0.32360000E+00
 0.32545099E+00
 0.32612190E+00
 0.32694049E+00
 0.32810456E+00
 0.32823598E+00
 0.32922174E+00
 0.33032065E+00
 0.33061787E+00
 0.33158369E+00
 0.33225628E+00
 0.33337944E+00
 0.33379226E+00
 0.33392208E+00
 0.33430249E+00
 0.33454865E+00
 0.33476275E+00
 0.33579430E+00
 0.33588336E+00
 0.33688271E+00
 0.33739779E+00
 0.33841764E+00
 0.33945889E+00
 0.34002527E+00
 0.34049751E+00
 0.34075330E+00
 0.34179607E+00
 0.34265453E+00
 0.34369459E+00
 0.34435150E+00
 0.34589635E+00
 0.34698428E+00
 0.34744659E+00
 0.34804268E+00
 0.34870584E+00
 0.34929013E+00
 0.35016619E+00
 0.35091067E+00
 0.35158306E+00
 0.35290622E+00
 0.35335949E+00
 0.35463506E+00
 0.35549151E+00
 0.35564975E+00
 0.35688336E+00
 0.35875480E+00
 0.35910819E+00
 0.35978574E+00
 0.35997952E+00
 0.36060049E+00
 0.36106588E+00
 0.36155478E+00
 0.36325021E+00
 0.36363096E+00
 0.36465433E+00
 0.36498322E+00
 0.36645008E+00
 0.36829629E+00
 0.36929388E+00
 0.36985124E+00
 0.37070940E+00
 0.37154892E+00
 0.37241613E+00
 0.37263786E+00
 0.37369101E+00
 0.37448768E+00
 0.37568005E+00
 0.37594111E+00
 0.37652605E+00
 0.37825985E+00
 0.37832684E+00
 0.37888184E+00
 0.37986008E+00
 0.38126275E+00
 0.38179865E+00
 0.38284409E+00
 0.38349559E+00
 0.38615163E+00
 0.38689187E+00
 0.38764663E+00
 0.38787244E+00
 0.38850965E+00
 0.38988349E+00
 0.39005190E+00
 0.39095254E+00
 0.39143335E+00
 0.39320258E+00
 0.39407530E+00
 0.39522717E+00
 0.39712059E+00
 0.39790312E+00
 0.39935438E+00
 0.40070426E+00
 0.40187637E+00
 0.40333170E+00
 0.40368995E+00
 0.40426450E+00
 0.40678557E+00
 0.40719635E+00
 0.40880138E+00
 0.40987321E+00
 0.41073652E+00
 0.41210379E+00
 0.41364259E+00
 0.41426846E+00
 0.41531191E+00
 0.41664321E+00
 0.41873619E+00
 0.41986229E+00
 0.42010060E+00
 0.42132028E+00
 0.42267268E+00
 0.42320255E+00
 0.42522464E+00
 0.42664233E+00
 0.42776328E+00
 0.42982276E+00
 0.43036117E+00
 0.43127609E+00
 0.43248066E+00
 0.43381558E+00
 0.43578863E+00
 0.43659776E+00
 0.43685127E+00
 0.43929028E+00
 0.44176458E+00
 0.44209879E+00
 0.44228782E+00
 0.44392920E+00
 0.44570000E+00
 0.44626008E+00
 0.44733645E+00
 0.44869092E+00
 0.45246855E+00
 0.45390513E+00
 0.45494465E+00
 0.45604660E+00
 0.45648424E+00
 0.45726048E+00
 0.45833191E+00
 0.45872843E+00
 0.46127280E+00
 0.46325033E+00
 0.46338269E+00
 0.46484016E+00
 0.46494787E+00
 0.46771257E+00
 0.46830587E+00
 0.46916547E+00
 0.46961319E+00
 0.47126608E+00
 0.47216711E+00
 0.47272220E+00
 0.47434096E+00
 0.47507923E+00
 0.47794866E+00
 0.47884017E+00
 0.48019153E+00
 0.48163012E+00
 0.48290126E+00
 0.48464167E+00
 0.48587483E+00
 0.48760291E+00
 0.48917924E+00
 0.49506861E+00
 0.49556367E+00
 0.49797869E+00
 0.49879964E+00
 0.49946840E+00
 0.50050453E+00
 0.50158866E+00
 0.50374082E+00
 0.50451511E+00
 0.50684149E+00
 0.50800787E+00
 0.51017147E+00
 0.51211495E+00
 0.51306665E+00
 0.51441313E+00
 0.51642812E+00
 0.51718176E+00
 0.51816025E+00
 0.51913036E+00
 0.52046203E+00
 0.52219386E+00
 0.52452366E+00
 0.52606833E+00
 0.52663966E+00
 0.52768533E+00
 0.52843270E+00
 0.52886464E+00
 0.52979149E+00
 0.53121539E+00
 0.53251185E+00
 0.53596782E+00
 0.53890491E+00
 0.53964522E+00
 0.54253650E+00
 0.54401254E+00
 0.54509905E+00
 0.54711196E+00
 0.54772694E+00
 0.54945975E+00
 0.55102285E+00
 0.55163171E+00
 0.55272722E+00
 0.55321386E+00
 0.55829055E+00
 0.56201243E+00
 0.56512677E+00
 0.56605439E+00
 0.56711142E+00
 0.56800087E+00
 0.57186653E+00
 0.57454996E+00
 0.57801127E+00
 0.57891424E+00
 0.58498997E+00
 0.58627495E+00
 0.59302486E+00
 0.59481207E+00
 0.59892450E+00
 0.59904060E+00
 0.60047933E+00
 0.60237242E+00
 0.60859184E+00
 0.61099853E+00
 0.61396816E+00
 0.61699659E+00
 0.61770461E+00
 0.61828967E+00
 0.62303490E+00
 0.62357683E+00
 0.63094567E+00
 0.63259855E+00
 0.63361369E+00
 0.63464957E+00
 0.63786854E+00
 0.63803907E+00
 0.63897514E+00
 0.63921680E+00
 0.64136826E+00
 0.64323040E+00
 0.64447481E+00
 0.64501655E+00
 0.64656835E+00
 0.64682442E+00
 0.64790082E+00
 0.65009101E+00
 0.65078169E+00
 0.65128055E+00
 0.65274863E+00
 0.65421084E+00
 0.65684353E+00
 0.65898065E+00
 0.65916412E+00
 0.65958104E+00
 0.66239103E+00
 0.66272460E+00
 0.66431816E+00
 0.66472728E+00
 0.66834872E+00
 0.67072026E+00
 0.67289953E+00
 0.67516760E+00
 0.67687871E+00
 0.67851553E+00
 0.67866126E+00
 0.67932925E+00
 0.68030159E+00
 0.68121530E+00
 0.68254846E+00
 0.68322047E+00
 0.68378980E+00
 0.68410971E+00
 0.68441542E+00
 0.68533001E+00
 0.68609057E+00
 0.68754053E+00
 0.68864975E+00
 0.68956663E+00
 0.69062675E+00
 0.69208404E+00
 0.69310229E+00
 0.69383174E+00
 0.69438257E+00
 0.69609566E+00
 0.69703319E+00
 0.69875578E+00
 0.70033005E+00
 0.70163057E+00
 0.70236339E+00
 0.70341125E+00
 0.70434663E+00
 0.70868238E+00
 0.70989461E+00
 0.71081190E+00
 0.71222127E+00
 0.71275927E+00
 0.71338515E+00
 0.71503346E+00
 0.71596558E+00
 0.71643329E+00
 0.71668056E+00
 0.71911889E+00
 0.72145809E+00
 0.72177373E+00
 0.72347326E+00
 0.72481469E+00
 0.72577896E+00
 0.72696753E+00
 0.72943915E+00
 0.73027078E+00
 0.73089056E+00
 0.73204540E+00
 0.73346962E+00
 0.73453288E+00
 0.73619755E+00
 0.73646996E+00
 0.73730515E+00
 0.73863277E+00
 0.73887043E+00
 0.73957619E+00
 0.74203812E+00
 0.74255646E+00
 0.74375162E+00
 0.74447077E+00
 0.74499011E+00
 0.74689792E+00
 0.74938670E+00
 0.75025586E+00
 0.75165409E+00
 0.75267646E+00
 0.75305979E+00
 0.75431742E+00
 0.75559161E+00
 0.75591238E+00
 0.75873369E+00
 0.76013474E+00
 0.76111069E+00
 0.76259558E+00
 0.76340647E+00
 0.76430435E+00
 0.76608874E+00
 0.76633811E+00
 0.76730294E+00
 0.76802221E+00
 0.76894032E+00
 0.77032700E+00
 0.77104132E+00
 0.77214491E+00
 0.77264505E+00
 0.77395513E+00
 0.77800110E+00
 0.77812621E+00
 0.78044569E+00
 0.78093019E+00
 0.78139054E+00
 0.78336653E+00
 0.78428195E+00
 0.78483555E+00
 0.78571091E+00
 0.78852183E+00
 0.78884137E+00
 0.79084902E+00
 0.79238850E+00
 0.79322344E+00
 0.79702472E+00
 0.80043915E+00
 0.80081197E+00
 0.80245882E+00
 0.80410804E+00
 0.80513112E+00
 0.80706520E+00
 0.80808445E+00
 0.80870642E+00
 0.81033226E+00
 0.81251858E+00
 0.81332913E+00
 0.81361327E+00
 0.81443323E+00
 0.81597634E+00
 0.81701630E+00
 0.81876458E+00
 0.82105251E+00
 0.82229402E+00
 0.82353583E+00
 0.82435416E+00
 0.82601948E+00
 0.82679866E+00
 0.82787289E+00
 0.82932726E+00
 0.83041334E+00
 0.83161492E+00
 0.83381291E+00
 0.83498041E+00
 0.83553850E+00
 0.83638670E+00
 0.83731455E+00
 0.84168660E+00
 0.84356704E+00
 0.84433064E+00
 0.84484425E+00
 0.84557198E+00
 0.84610660E+00
 0.84789372E+00
 0.84830348E+00
 0.84877696E+00
 0.84973681E+00
 0.85077442E+00
 0.85289915E+00
 0.85317233E+00
 0.85542971E+00
 0.85669796E+00
 0.85689734E+00
 0.85922944E+00
 0.86116246E+00
 0.86181867E+00
 0.86342784E+00
 0.86625048E+00
 0.86764213E+00
 0.86962806E+00
 0.87229661E+00
 0.87409491E+00
 0.87548296E+00
 0.87779309E+00
 0.88048260E+00
 0.88080119E+00
 0.88179178E+00
 0.88278447E+00
 0.88445541E+00
 0.88508897E+00
 0.88943678E+00
 0.89098469E+00
 0.89333930E+00
 0.89426840E+00
 0.89699216E+00
 0.89827190E+00
 0.89957827E+00
 0.90078976E+00
 0.90299072E+00
 0.90357870E+00
 0.90415485E+00
 0.90566232E+00
 0.90801307E+00
 0.91015919E+00
 0.91238991E+00
 0.91282932E+00
 0.91540142E+00
 0.91732202E+00
 0.91974349E+00
 0.92368536E+00
 0.92477985E+00
 0.92764082E+00
 0.92947950E+00
 0.93073316E+00
 0.93377932E+00
 0.93457268E+00
 0.93543026E+00
 0.93679538E+00
 0.93937004E+00
 0.94234557E+00
 0.94327849E+00
 0.94560655E+00
 0.94607876E+00
 0.94888778E+00
 0.95035356E+00
 0.95226502E+00
 0.95351426E+00
 0.95545852E+00
 0.95609105E+00
 0.95706974E+00
 0.95948685E+00
 0.96229577E+00
 0.96312500E+00
 0.96579435E+00
 0.96829985E+00
 0.96856965E+00
 0.97083261E+00
 0.97119409E+00
 0.97252691E+00
 0.97279108E+00
 0.97490656E+00
 0.97719947E+00
 0.97799441E+00
 0.97942604E+00
 0.97967736E+00
 0.98065413E+00
 0.98239351E+00
 0.98245526E+00
 0.98510071E+00
 0.98555739E+00
 0.98722244E+00
 0.98804484E+00
 0.98854027E+00
 0.99035958E+00
 0.99116848E+00
 0.99497968E+00
 0.99799370E+00
 0.10003731E+01
 0.10006528E+01
 0.10011707E+01
 0.10013579E+01
 0.10037464E+01
 0.10061335E+01
 0.10077544E+01
 0.10084025E+01
 0.10091271E+01
 0.10109952E+01
 0.10142857E+01
 0.10151551E+01
 0.10157085E+01
 0.10181090E+01
 0.10194730E+01
 0.10213978E+01
 0.10223093E+01
 0.10234220E+01
 0.10239339E+01
 0.10242106E+01
 0.10259122E+01
 0.10282124E+01
 0.10286785E+01
 0.10299012E+01
 0.10321193E+01
 0.10358657E+01
 0.10369350E+01
 0.10391209E+01
 0.10398682E+01
 0.10417307E+01
 0.10426398E+01
 0.10442266E+01
 0.10460989E+01
 0.10467701E+01
 0.10471093E+01
 0.10479780E+01
 0.10484285E+01
 0.10492588E+01
 0.10511282E+01
 0.10522211E+01
 0.10535148E+01
 0.10540366E+01
 0.10577013E+01
 0.10587350E+01
 0.10602965E+01
 0.10617979E+01
 0.10638499E+01
 0.10661715E+01
 0.10700099E+01
 0.10715574E+01
 0.10731190E+01
 0.10734375E+01
 0.10739477E+01
 0.10760093E+01
 0.10767982E+01
 0.10777836E+01
 0.10783574E+01
 0.10794471E+01
 0.10814639E+01
 0.10848413E+01
 0.10865401E+01
 0.10873570E+01
 0.10895389E+01
 0.10901608E+01
 0.10928325E+01
 0.10954563E+01
 0.10994174E+01
 0.11007013E+01
 0.11015065E+01
 0.11033241E+01
 0.11067001E+01
 0.11083075E+01
 0.11107035E+01
 0.11130883E+01
 0.11164791E+01
 0.11175290E+01
 0.11197558E+01
 0.11217026E+01
 0.11239467E+01
 0.11240334E+01
 0.11256436E+01
 0.11258287E+01
 0.11279858E+01
 0.11291822E+01
 0.11299626E+01
 0.11323129E+01
 0.11329218E+01
 0.11345618E+01
 0.11376028E+01
 0.11407108E+01
 0.11443041E+01
 0.11448124E+01
 0.11459732E+01
 0.11472241E+01
 0.11477483E+01
 0.11493659E+01
 0.11508682E+01
 0.11544766E+01
 0.11552588E+01
 0.11561122E+01
 0.11563847E+01
 0.11586457E+01
 0.11604089E+01
 0.11612990E+01
 0.11628145E+01
 0.11658543E+01
 0.11673883E+01
 0.11687358E+01
 0.11696301E+01
 0.11715480E+01
 0.11722787E+01
 0.11756476E+01
 0.11792215E+01
 0.11797182E+01
 0.11809763E+01
 0.11823879E+01
 0.11828425E+01
 0.11840902E+01
 0.11848760E+01
 0.11854510E+01
 0.11864302E+01
 0.11871699E+01
 0.11896695E+01
 0.11921481E+01
 0.11924601E+01
 0.11929306E+01
 0.11948479E+01
 0.11967445E+01
 0.11976610E+01
 0.11988912E+01
 0.12021948E+01
 0.12065190E+01
 0.12077591E+01
 0.12085903E+01
 0.12115814E+01
 0.12119138E+01
 0.12135215E+01
 0.12166618E+01
 0.12183014E+01
 0.12201351E+01
 0.12228122E+01
 0.12237489E+01
 0.12253190E+01
 0.12270126E+01
 0.12287062E+01
 0.12321765E+01
 0.12339867E+01
 0.12358665E+01
 0.12389722E+01
 0.12405693E+01
 0.12424013E+01
 0.12439076E+01
 0.12442455E+01
 0.12455894E+01
 0.12460726E+01
 0.12481809E+01
 0.12492028E+01
 0.12504143E+01
 0.12508944E+01
 0.12533608E+01
 0.12536824E+01
 0.12542677E+01
 0.12550298E+01
 0.12567236E+01
 0.12590528E+01
 0.12598421E+01
 0.12614815E+01
 0.12635422E+01
 0.12650307E+01
 0.12658799E+01
 0.12672472E+01
 0.12683227E+01
 0.12690530E+01
 0.12701648E+01
 0.12707548E+01
 0.12721269E+01
 0.12727406E+01
 0.12740472E+01
 0.12746394E+01
 0.12765599E+01
 0.12781171E+01
 0.12794796E+01
 0.12799572E+01
 0.12814688E+01
 0.12826500E+01
 0.12843232E+01
 0.12848904E+01
 0.12866592E+01
 0.12890758E+01
 0.12914560E+01
 0.12920599E+01
 0.12924706E+01
 0.12930229E+01
 0.12941356E+01
 0.12951046E+01
 0.12958975E+01
 0.12973663E+01
 0.12980554E+01
 0.13004052E+01
 0.13021489E+01
 0.13031911E+01
 0.13045945E+01
 0.13052741E+01
 0.13070849E+01
 0.13077596E+01
 0.13102563E+01
 0.13105288E+01
 0.13116959E+01
 0.13130832E+01
 0.13143650E+01
 0.13154603E+01
 0.13183865E+01
 0.13191356E+01
 0.13223199E+01
 0.13236348E+01
 0.13245484E+01
 0.13247081E+01
 0.13271127E+01
 0.13290544E+01
 0.13305161E+01
 0.13318437E+01
 0.13320905E+01
 0.13339402E+01
 0.13349211E+01
 0.13353293E+01
 0.13367488E+01
 0.13394552E+01
 0.13399300E+01
 0.13406298E+01
 0.13419354E+01
 0.13461771E+01
 0.13477216E+01
 0.13486610E+01
 0.13499884E+01
 0.13519241E+01
 0.13522532E+01
 0.13530412E+01
 0.13540279E+01
 0.13559210E+01
 0.13580124E+01
 0.13593884E+01
 0.13605152E+01
 0.13616879E+01
 0.13631668E+01
 0.13643402E+01
 0.13666743E+01
 0.13690210E+01
 0.13734596E+01
 0.13752135E+01
 0.13764099E+01
 0.13771489E+01
 0.13785895E+01
 0.13803243E+01
 0.13818947E+01
 0.13831071E+01
 0.13857462E+01
 0.13878481E+01
 0.13908445E+01
 0.13915202E+01
 0.13918843E+01
 0.13924511E+01
 0.13958007E+01
 0.13961192E+01
 0.13975939E+01
 0.13993062E+01
 0.14003895E+01
 0.14022611E+01
 0.14037430E+01
 0.14051437E+01
 0.14078183E+01
 0.14084340E+01
 0.14146423E+01
 0.14156250E+01
 0.14185823E+01
 0.14248883E+01
 0.14265373E+01
 0.14312367E+01
 0.14330657E+01
 0.14342104E+01
 0.14345712E+01
 0.14366284E+01
 0.14413756E+01
 0.14430231E+01
 0.14440634E+01
 0.14488619E+01
 0.14507677E+01
 0.14552452E+01
 0.14570226E+01
 0.14593929E+01
 0.14606617E+01
 0.14610490E+01
 0.14628506E+01
 0.14658585E+01
 0.14682188E+01
 0.14721644E+01
 0.14729982E+01
 0.14747948E+01
 0.14760514E+01
 0.14861601E+01
 0.14867301E+01
 0.14924511E+01
 0.14947918E+01
 0.14955681E+01
 0.14958186E+01
 0.14975038E+01
 0.15003465E+01
 0.15016726E+01
 0.15021152E+01
 0.15037997E+01
 0.15053012E+01
 0.15067927E+01
 0.15081324E+01
 0.15109711E+01
 0.15158572E+01
 0.15177739E+01
 0.15211589E+01
 0.15243535E+01
 0.15282403E+01
 0.15297228E+01
 0.15303021E+01
 0.15340391E+01
 0.15361798E+01
 0.15379826E+01
 0.15386542E+01
 0.15409455E+01
 0.15529911E+01
 0.15533553E+01
 0.15556804E+01
 0.15561601E+01
 0.15568174E+01
 0.15574760E+01
 0.15613840E+01
 0.15632973E+01
 0.15652896E+01
 0.15660869E+01
 0.15702455E+01
 0.15738325E+01
 0.15765331E+01
 0.15782406E+01
 0.15796319E+01
 0.15841262E+01
 0.15863067E+01
 0.15872170E+01
 0.15887449E+01
 0.15895555E+01
 0.15897313E+01
 0.15910465E+01
 0.15925200E+01
 0.15980787E+01
 0.15982102E+01
 0.15994303E+01
 0.16029403E+01
 0.16041847E+01
 0.16055775E+01
 0.16087712E+01
 0.16103958E+01
 0.16114682E+01
 0.16150819E+01
 0.16223115E+01
 0.16234691E+01
 0.16289976E+01
 0.16331302E+01
 0.16395053E+01
 0.16404486E+01
 0.16417829E+01
 0.16425741E+01
 0.16431213E+01
 0.16449756E+01
 0.16463870E+01
 0.16465384E+01
 0.16478331E+01
 0.16512359E+01
 0.16561424E+01
 0.16566455E+01
 0.16576702E+01
 0.16580162E+01
 0.16609278E+01
 0.16619063E+01
 0.16664654E+01
 0.16668539E+01
 0.16673125E+01
 0.16699251E+01
 0.16707244E+01
 0.16742678E+01
 0.16787956E+01
 0.16856018E+01
 0.16859986E+01
 0.16876137E+01
 0.16893576E+01
 0.16899268E+01
 0.16908349E+01
 0.16921365E+01
 0.16970440E+01
 0.16985588E+01
 0.17004000E+01
 0.17008342E+01
 0.17044962E+01
 0.17052063E+01
 0.17053665E+01
 0.17086739E+01
 0.17107932E+01
 0.17164355E+01
 0.17186705E+01
 0.17192046E+01
 0.17208559E+01
 0.17215909E+01
 0.17225449E+01
 0.17254334E+01
 0.17266804E+01
 0.17277089E+01
 0.17285817E+01
 0.17303836E+01
 0.17305689E+01
 0.17314623E+01
 0.17321090E+01
 0.17355085E+01
 0.17400056E+01
 0.17422774E+01
 0.17424744E+01
 0.17436670E+01
 0.17448926E+01
 0.17454692E+01
 0.17467837E+01
 0.17479841E+01
 0.17490530E+01
 0.17504926E+01
 0.17516093E+01
 0.17518704E+01
 0.17521766E+01
 0.17553791E+01
 0.17555824E+01
 0.17568982E+01
 0.17590891E+01
 0.17596466E+01
 0.17609786E+01
 0.17616455E+01
 0.17637334E+01
 0.17666289E+01
 0.17682209E+01
 0.17695999E+01
 0.17699050E+01
 0.17707578E+01
 0.17716382E+01
 0.17737254E+01
 0.17743272E+01
 0.17745399E+01
 0.17755120E+01
 0.17758879E+01
 0.17778004E+01
 0.17791296E+01
 0.17825426E+01
 0.17839327E+01
 0.17844866E+01
 0.17860703E+01
 0.17873687E+01
 0.17888518E+01
 0.17909620E+01
 0.17914490E+01
 0.17933125E+01
 0.17965560E+01
 0.17979004E+01
 0.17998009E+01
 0.18005928E+01
 0.18008336E+01
 0.18021526E+01
 0.18028103E+01
 0.18039436E+01
 0.18053472E+01
 0.18062864E+01
 0.18087599E+01
 0.18095426E+01
 0.18110687E+01
 0.18114677E+01
 0.18141604E+01
 0.18159084E+01
 0.18194964E+01
 0.18201440E+01
 0.18230765E+01
 0.18242089E+01
 0.18254742E+01
 0.18264971E+01
 0.18277737E+01
 0.18305646E+01
 0.18337396E+01
 0.18365563E+01
 0.18370187E+01
 0.18390710E+01
 0.18396823E+01
 0.18419785E+01
 0.18438503E+01
 0.18521795E+01
 0.18533019E+01
 0.18536844E+01
 0.18576518E+01
 0.18594259E+01
 0.18602007E+01
 0.18628872E+01
 0.18633043E+01
 0.18654863E+01
 0.18678750E+01
 0.18680483E+01
 0.18684111E+01
 0.18696089E+01
 0.18710747E+01
 0.18732323E+01
 0.18738947E+01
 0.18758736E+01
 0.18776689E+01
 0.18781490E+01
 0.18807545E+01
 0.18836283E+01
 0.18847569E+01
 0.18865388E+01
 0.18885671E+01
 0.18910972E+01
 0.18926564E+01
 0.18945297E+01
 0.18962423E+01
 0.18968067E+01
 0.18989353E+01
 0.19028064E+01
 0.19059301E+01
 0.19071562E+01
 0.19087463E+01
 0.19090372E+01
 0.19091884E+01
 0.19098027E+01
 0.19099955E+01
 0.19106923E+01
 0.19122330E+01
 0.19181852E+01
 0.19189662E+01
 0.19198572E+01
 0.19224074E+01
 0.19249107E+01
 0.19302324E+01
 0.19318957E+01
 0.19324042E+01
 0.19334913E+01
 0.19348692E+01
 0.19383159E+01
 0.19398800E+01
 0.19413882E+01
 0.19421700E+01
 0.19475761E+01
 0.19486138E+01
 0.19505127E+01
 0.19518482E+01
 0.19557005E+01
 0.19570684E+01
 0.19587138E+01
 0.19604119E+01
 0.19606045E+01
 0.19641388E+01
 0.19672119E+01
 0.19681525E+01
 0.19712611E+01
 0.19743614E+01
 0.19766580E+01
 0.19798077E+01
 0.19799484E+01
 0.19816195E+01
 0.19825591E+01
 0.19850964E+01
 0.19887677E+01
 0.19919669E+01
 0.19932123E+01
 0.19947539E+01
 0.19960847E+01
 0.19990946E+01
 0.20002856E+01
 0.20009968E+01
 0.20030859E+01
 0.20070686E+01
 0.20084258E+01
 0.20096204E+01
 0.20110232E+01
 0.20142169E+01
 0.20155915E+01
 0.20162785E+01
 0.20196789E+01
 0.20202423E+01
 0.20210615E+01
 0.20269122E+01
 0.20313094E+01
 0.20322050E+01
 0.20328594E+01
 0.20358400E+01
 0.20381673E+01
 0.20381947E+01
 0.20395986E+01
 0.20452760E+01
 0.20502464E+01
 0.20514308E+01
 0.20565152E+01
 0.20577874E+01
 0.20585588E+01
 0.20590104E+01
 0.20595264E+01
 0.20616733E+01
 0.20623673E+01
 0.20630766E+01
 0.20640558E+01
 0.20643431E+01
 0.20688045E+01
 0.20731319E+01
 0.20781751E+01
 0.20788891E+01
 0.20809880E+01
 0.20870363E+01
 0.20877111E+01
 0.20888737E+01
 0.20904363E+01
 0.20951286E+01
 0.20958587E+01
 0.20960870E+01
 0.21012320E+01
 0.21030591E+01
 0.21035887E+01
 0.21052471E+01
 0.21064724E+01
 0.21087874E+01
 0.21091889E+01
 0.21104693E+01
 0.21119224E+01
 0.21137152E+01
 0.21146312E+01
 0.21163372E+01
 0.21166001E+01
 0.21169334E+01
 0.21208536E+01
 0.21246028E+01
 0.21272732E+01
 0.21277452E+01
 0.21288242E+01
 0.21291873E+01
 0.21314732E+01
 0.21342379E+01
 0.21350881E+01
 0.21354248E+01
 0.21393018E+01
 0.21410480E+01
 0.21435274E+01
 0.21451586E+01
 0.21462119E+01
 0.21467683E+01
 0.21474536E+01
 0.21492472E+01
 0.21550394E+01
 0.21563519E+01
 0.21574283E+01
 0.21604634E+01
 0.21623612E+01
 0.21641354E+01
 0.21645427E+01
 0.21707037E+01
 0.21717450E+01
 0.21737753E+01
 0.21745448E+01
 0.21750344E+01
 0.21782604E+01
 0.21792524E+01
 0.21802621E+01
 0.21819788E+01
 0.21830255E+01
 0.21862838E+01
 0.21870680E+01
 0.21885664E+01
 0.21936837E+01
 0.21958026E+01
 0.21959565E+01
 0.21965790E+01
 0.21974198E+01
 0.21978387E+01
 0.21988742E+01
 0.22022915E+01
 0.22075770E+01
 0.22105052E+01
 0.22129172E+01
 0.22229033E+01
 0.22236285E+01
 0.22245405E+01
 0.22254501E+01
 0.22279584E+01
 0.22299520E+01
 0.22328342E+01
 0.22338092E+01
 0.22360563E+01
 0.22384411E+01
 0.22420793E+01
 0.22465832E+01
 0.22471567E+01
 0.22483420E+01
 0.22491543E+01
 0.22494743E+01
 0.22544897E+01
 0.22553668E+01
 0.22579164E+01
 0.22633558E+01
 0.22655770E+01
 0.22679918E+01
 0.22680407E+01
 0.22687413E+01
 0.22711411E+01
 0.22732098E+01
 0.22779783E+01
 0.22834131E+01
 0.22857905E+01
 0.22915697E+01
 0.22919891E+01
 0.22946377E+01
 0.22960135E+01
 0.23001889E+01
 0.23045135E+01
 0.23072933E+01
 0.23074145E+01
 0.23114361E+01
 0.23134613E+01
 0.23168799E+01
 0.23204256E+01
 0.23257861E+01
 0.23284049E+01
 0.23295283E+01
 0.23335792E+01
 0.23350074E+01
 0.23352491E+01
 0.23378090E+01
 0.23413058E+01
 0.23454814E+01
 0.23460438E+01
 0.23464042E+01
 0.23469097E+01
 0.23526703E+01
 0.23539570E+01
 0.23546350E+01
 0.23551757E+01
 0.23581506E+01
 0.23591675E+01
 0.23622321E+01
 0.23643061E+01
 0.23662577E+01
 0.23676116E+01
 0.23680152E+01
 0.23688623E+01
 0.23694222E+01
 0.23728905E+01
 0.23739338E+01
 0.23797542E+01
 0.23881599E+01
 0.23923714E+01
 0.23937200E+01
 0.23938776E+01
 0.23952135E+01
 0.23963539E+01
 0.24000091E+01
 0.24016720E+01
 0.24061037E+01
 0.24092136E+01
 0.24095494E+01
 0.24126368E+01
 0.24148582E+01
 0.24163148E+01
 0.24181654E+01
 0.24205226E+01
 0.24209579E+01
 0.24251943E+01
 0.24268340E+01
 0.24271975E+01
 0.24278681E+01
 0.24318182E+01
 0.24382361E+01
 0.24418407E+01
 0.24422707E+01
 0.24449754E+01
 0.24459699E+01
 0.24469877E+01
 0.24472260E+01
 0.24497269E+01
 0.24529923E+01
 0.24586943E+01
 0.24597207E+01
 0.24634209E+01
 0.24654707E+01
 0.24694684E+01
 0.24705154E+01
 0.24725447E+01
 0.24744392E+01
 0.24822485E+01
 0.24838581E+01
 0.24843898E+01
 0.24876828E+01
 0.24919131E+01
 0.24930876E+01
 0.24951326E+01
 0.24976966E+01
 0.24994407E+01
 0.25045134E+01
 0.25083602E+01
 0.25100034E+01
 0.25120915E+01
 0.25148754E+01
 0.25180722E+01
 0.25181174E+01
 0.25242780E+01
 0.25256268E+01
 0.25274804E+01
 0.25331563E+01
 0.25368458E+01
 0.25378588E+01
 0.25432949E+01
 0.25472383E+01
 0.25501824E+01
 0.25535669E+01
 0.25547568E+01
 0.25565338E+01
 0.25584023E+01
 0.25632286E+01
 0.25657893E+01
 0.25690882E+01
 0.25709736E+01
 0.25750598E+01
 0.25758734E+01
 0.25768536E+01
 0.25775679E+01
 0.25874479E+01
 0.25897080E+01
 0.25941681E+01
 0.26001512E+01
 0.26055153E+01
 0.26065866E+01
 0.26097828E+01
 0.26136662E+01
 0.26137929E+01
 0.26215829E+01
 0.26243762E+01
 0.26268245E+01
 0.26313364E+01
 0.26315297E+01
 0.26328702E+01
 0.26377568E+01
 0.26393301E+01
 0.26462338E+01
 0.26494397E+01
 0.26512988E+01
 0.26549043E+01
 0.26567089E+01
 0.26626472E+01
 0.26690119E+01
 0.26712373E+01
 0.26720948E+01
 0.26725988E+01
 0.26755482E+01
 0.26765404E+01
 0.26774682E+01
 0.26818485E+01
 0.26884510E+01
 0.26893539E+01
 0.26914053E+01
 0.26934162E+01
 0.26937040E+01
 0.26940485E+01
 0.26956942E+01
 0.26972768E+01
 0.26988924E+01
 0.27007524E+01
 0.27021555E+01
 0.27037594E+01
 0.27077369E+01
 0.27120771E+01
 0.27143444E+01
 0.27157261E+01
 0.27200217E+01
 0.27205304E+01
 0.27218330E+01
 0.27236169E+01
 0.27249432E+01
 0.27315180E+01
 0.27319789E+01
 0.27368578E+01
 0.27388032E+01
 0.27437260E+01
 0.27505479E+01
 0.27534304E+01
 0.27537963E+01
 0.27573743E+01
 0.27592226E+01
 0.27617317E+01
 0.27645238E+01
 0.27780884E+01
 0.27786797E+01
 0.27799692E+01
 0.27885506E+01
 0.27946877E+01
 0.27970814E+01
 0.27990769E+01
 0.28027765E+01
 0.28073418E+01
 0.28086407E+01
 0.28127463E+01
 0.28154723E+01
 0.28197277E+01
 0.28206647E+01
 0.28221306E+01
 0.28243919E+01
 0.28250684E+01
 0.28253960E+01
 0.28283872E+01
 0.28321866E+01
 0.28378269E+01
 0.28401942E+01
 0.28473276E+01
 0.28489877E+01
 0.28531089E+01
 0.28579970E+01
 0.28589966E+01
 0.28607382E+01
 0.28613806E+01
 0.28617497E+01
 0.28665026E+01
 0.28674725E+01
 0.28695517E+01
 0.28721857E+01
 0.28743544E+01
 0.28760299E+01
 0.28779167E+01
 0.28791545E+01
 0.28831340E+01
 0.28961012E+01
 0.28965127E+01
 0.28970570E+01
 0.28981874E+01
 0.29026597E+01
 0.29038909E+01
 0.29061595E+01
 0.29124649E+01
 0.29134333E+01
 0.29147075E+01
 0.29178293E+01
 0.29198790E+01
 0.29270455E+01
 0.29301523E+01
 0.29314121E+01
 0.29363466E+01
 0.29365796E+01
 0.29422211E+01
 0.29525031E+01
 0.29540798E+01
 0.29609437E+01
 0.29625683E+01
 0.29657945E+01
 0.29709787E+01
 0.29743846E+01
 0.29789940E+01
 0.29822994E+01
 0.29827011E+01
 0.29845402E+01
 0.29910210E+01
 0.29983271E+01
 0.30002399E+01
 0.30049149E+01
 0.30083928E+01
 0.30098560E+01
 0.30152363E+01
 0.30167516E+01
 0.30189425E+01
 0.30333385E+01
 0.30370319E+01
 0.30398460E+01
 0.30433023E+01
 0.30511591E+01
 0.30551550E+01
 0.30590687E+01
 0.30607097E+01
 0.30682862E+01
 0.30709878E+01
 0.30900194E+01
 0.30997714E+01
 0.30999277E+01
 0.31093414E+01
 0.31098424E+01
 0.31122094E+01
 0.31127412E+01
 0.31249872E+01
 0.31306295E+01
 0.31357354E+01
 0.31394062E+01
 0.31429462E+01
 0.31454963E+01
 0.31559340E+01
 0.31605441E+01
 0.31637384E+01
 0.31747179E+01
 0.31767795E+01
 0.31854027E+01
 0.31869735E+01
 0.31949198E+01
 0.31950947E+01
 0.32072118E+01
 0.32084589E+01
 0.32118630E+01
 0.32238016E+01
 0.32281267E+01
 0.32321992E+01
 0.32331691E+01
 0.32447058E+01
 0.32451837E+01
 0.32591880E+01
 0.32606066E+01
 0.32633295E+01
 0.32685418E+01
 0.32714242E+01
 0.32718036E+01
 0.32764157E+01
 0.32872874E+01
 0.32914933E+01
 0.32991881E+01
 0.33040810E+01
 0.33041464E+01
 0.33056054E+01
 0.33180180E+01
 0.33244670E+01
 0.33326739E+01
 0.33338966E+01
 0.33355596E+01
 0.33479349E+01
 0.33482944E+01
 0.33510185E+01
 0.33532023E+01
 0.33574521E+01
 0.33641953E+01
 0.33701576E+01
 0.33706925E+01
 0.33721444E+01
 0.33724768E+01
 0.34002528E+01
 0.34006634E+01
 0.34112124E+01
 0.34122306E+01
 0.34246507E+01
 0.34272555E+01
 0.34374838E+01
 0.34375920E+01
 0.34619564E+01
 0.34639655E+01
 0.34641286E+01
 0.34744627E+01
 0.34751942E+01
 0.34760983E+01
 0.34849866E+01
 0.34922725E+01
 0.34923798E+01
 0.34942075E+01
 0.34961292E+01
 0.34975032E+01
 0.35085522E+01
 0.35114046E+01
 0.35145212E+01
 0.35181247E+01
 0.35235367E+01
 0.35253807E+01
 0.35308287E+01
 0.35310853E+01
 0.35359126E+01
 0.35362271E+01
 0.35798929E+01
 0.35856097E+01
 0.35858662E+01
 0.35978605E+01
 0.35994406E+01
 0.36142064E+01
 0.39179207E+01
 0.39184260E+01
 0.39222360E+01
 0.39228962E+01
 0.39331864E+01
 0.39334022E+01
 0.39573773E+01
 0.39599966E+01
 0.39710890E+01
 0.39712708E+01
 0.39826802E+01
 0.39831702E+01
 0.39974122E+01
 0.39979793E+01
 0.40104417E+01
 0.40108646E+01
 0.40160231E+01
 0.40164161E+01
 0.40188510E+01
 0.40192989E+01
 0.40423084E+01
 0.40428331E+01
 0.41467426E+01
 0.41487184E+01
 0.42092570E+01
 0.42102941E+01
 0.42466474E+01
 0.42467170E+01
 0.42568994E+01
 0.42573883E+01
 0.42832779E+01
 0.42833046E+01
 0.42857143E+01
 0.42870104E+01
 0.42975439E+01
 0.42977689E+01
 0.43021263E+01
 0.43025842E+01
 0.43125644E+01
 0.43127712E+01
 0.43234195E+01
 0.43258013E+01
 0.43261091E+01
 0.43269371E+01
 0.43495798E+01
 0.43503326E+01
 0.43590779E+01
 0.43600337E+01
 0.43661739E+01
 0.43695570E+01
 0.43728643E+01
 0.43735685E+01
 0.43793582E+01
 0.43798397E+01
 0.43869689E+01
 0.43897983E+01
 0.43912114E+01
 0.43982556E+01
 0.44013253E+01
 0.44025853E+01
 0.44073440E+01
 0.44109863E+01
 0.44154754E+01
 0.44247646E+01
 0.44380511E+01
 0.44396802E+01
 0.44509442E+01
 0.44554709E+01
 0.44680621E+01
 0.44695178E+01
 0.44704086E+01
 0.44714066E+01
 0.44727615E+01
 0.44759179E+01
 0.44802034E+01
 0.44819969E+01
 0.44842941E+01
 0.45007174E+01
 0.45018974E+01
 0.45056944E+01
 0.45115903E+01
 0.45219578E+01
 0.45235584E+01
 0.45247457E+01
 0.45353209E+01
 0.45357581E+01
 0.45536345E+01
 0.45549808E+01
 0.45593895E+01
 0.45675236E+01
 0.45688061E+01
 0.45690487E+01
 0.45796407E+01
 0.45806266E+01
 0.45824976E+01
 0.45842494E+01
 0.46018464E+01
 0.46077419E+01
 0.46095577E+01
 0.46113030E+01
 0.46286716E+01
 0.46291013E+01
 0.46486733E+01
 0.46531372E+01
 0.46567144E+01
 0.46632126E+01
 0.46643431E+01
 0.46743941E+01
 0.46749282E+01
 0.46798369E+01
 0.46836027E+01
 0.47073431E+01
 0.47078074E+01
 0.47151047E+01
 0.47154211E+01
 0.47333928E+01
 0.47397426E+01
 0.47486063E+01
 0.47570193E+01
 0.47620263E+01
 0.47780589E+01
 0.48059879E+01
 0.48076441E+01
 0.48117800E+01
 0.48484760E+01
 0.48486487E+01
 0.49075260E+01
 0.49575247E+01
 0.49617756E+01
 0.49619529E+01
 0.49625696E+01
 0.49651484E+01
 0.49654597E+01
 0.49983258E+01
 0.51220370E+01
 0.51230637E+01
 0.52125777E+01
 0.52263266E+01
 0.57100471E+01
 0.57103651E+01
 0.71177605E+01
 0.71193965E+01
 0.72776847E+01
 0.73156426E+01
 0.78938779E+01
 0.80661432E+01
