     247    495       -0.00010
     248    502       -0.00011
     262    502        0.00014
     262    512        0.00014
     272    511        0.00010
     283    520       -0.00013
     283    523       -0.00011
     283    636       -0.00010
     284    512       -0.00015
     284    539       -0.00013
     284    544        0.00015
     284    550        0.00010
     284    561       -0.00012
     288    517        0.00011
     293    511        0.00015
     293    518        0.00012
     293    530        0.00010
     293    532       -0.00014
     293    580       -0.00012
     293    592        0.00014
     294    512       -0.00015
     294    519        0.00011
     294    539        0.00014
     294    568        0.00013
     297    519       -0.00011
     297    520        0.00016
     297    523        0.00012
     300    517        0.00010
     300    529        0.00012
     300    532        0.00012
     300    536        0.00011
     300    572        0.00014
     300    580        0.00012
     300    607        0.00012
     301    518       -0.00011
     301    519       -0.00019
     301    524       -0.00020
     308    520        0.00016
     308    543       -0.00011
     309    517        0.00011
     309    527       -0.00010
     310    520       -0.00017
     310    543        0.00010
     311    496       -0.00019
     311    498       -0.00018
     311    505        0.00024
     311    514        0.00012
     311    516        0.00011
     311    525       -0.00016
     311    626       -0.00011
     311    664        0.00010
     312    495        0.00015
     312    506       -0.00022
     312    508        0.00018
     312    513        0.00015
     312    639       -0.00013
     314    532        0.00013
     315    517       -0.00011
     316    547        0.00013
     319    517        0.00013
     319    561        0.00013
     320    543        0.00011
     320    569        0.00019
     320    578        0.00010
     320    636        0.00011
     320    909        0.00011
     323    551        0.00010
     324    550       -0.00011
     324    582       -0.00011
     325    647        0.00010
     325    658        0.00011
     326    565        0.00011
     327    526        0.00012
     328    504        0.00012
     328    562        0.00014
     329    615       -0.00014
     330    606        0.00012
     330    613       -0.00010
     334    524       -0.00011
     335    502       -0.00025
     335    505       -0.00018
     335    517       -0.00012
     335    527        0.00012
     336    499        0.00014
     336    526        0.00016
     336    530       -0.00011
     337    498        0.00012
     337    502       -0.00023
     337    525       -0.00015
     338    499        0.00027
     338    506        0.00012
     338    526        0.00013
     338    530       -0.00021
     338    533       -0.00017
     338    543       -0.00015
     343    496        0.00016
     343    498        0.00011
     343    517       -0.00011
     343    521        0.00011
     343    525        0.00024
     343    534       -0.00012
     343    539       -0.00019
     343    559       -0.00011
     343    619       -0.00012
     343    640        0.00010
     344    607        0.00013
     344    699        0.00010
     347    613        0.00011
     349    518       -0.00011
     349    524       -0.00014
     349    527        0.00013
     349    686       -0.00017
     349    691       -0.00012
     349    717        0.00013
     349    736       -0.00011
     351    512       -0.00011
     351    569        0.00011
     351    624        0.00011
     351    632        0.00012
     353    588       -0.00016
     354    569        0.00012
     354    696       -0.00012
     354    792        0.00011
     355    512       -0.00013
     355    569        0.00010
     358    495        0.00027
     358    497       -0.00019
     358    499        0.00023
     358    506       -0.00015
     358    508        0.00012
     358    526        0.00013
     358    530       -0.00019
     358    533       -0.00018
     358    567       -0.00014
     358    592       -0.00011
     358    684        0.00011
     359    602        0.00011
     359    613       -0.00011
     359    629       -0.00011
     359    646       -0.00014
     361    502       -0.00012
     361    519        0.00017
     361    568       -0.00014
     361    662        0.00010
     361    933        0.00011
     361    945        0.00011
     361    956        0.00012
     362    533        0.00010
     363    533        0.00012
     363    535        0.00014
     363    540       -0.00011
     363    541       -0.00014
     363    609       -0.00011
     364    495       -0.00013
     364    496        0.00015
     364    504        0.00013
     365    495       -0.00012
     365    496        0.00011
     365    497        0.00015
     365    498        0.00016
     365    517        0.00013
     365    519       -0.00013
     366    495       -0.00051
     366    497        0.00034
     366    499       -0.00034
     366    502       -0.00011
     366    513       -0.00013
     366    530        0.00022
     366    533        0.00013
     367    519        0.00021
     367    520       -0.00016
     367    527       -0.00010
     367    558        0.00011
     367    642       -0.00012
     367    647       -0.00013
     367    662        0.00012
     367    669       -0.00012
     367    671        0.00014
     367    677        0.00010
     367    687        0.00011
     367    700        0.00014
     368    520       -0.00017
     368    663        0.00011
     369    511        0.00011
     369    512        0.00014
     369    561        0.00012
     369    569       -0.00013
     369    571        0.00014
     369    577       -0.00010
     369    682        0.00014
     369    686        0.00011
     369    687        0.00012
     369    688        0.00012
     369    689        0.00011
     370    520       -0.00010
     370    565       -0.00010
     370    569        0.00018
     370    582        0.00012
     370    602       -0.00011
     370    607       -0.00013
     370    615       -0.00013
     370    639        0.00010
     370    656       -0.00015
     370    659       -0.00011
     370    665        0.00011
     370    672       -0.00010
     370    676        0.00021
     370    686        0.00020
     370    688        0.00012
     370    689       -0.00016
     370    691        0.00013
     370    699        0.00011
     370    709        0.00011
     370    710        0.00019
     370    718       -0.00013
     371    520        0.00015
     371    523        0.00014
     371    531        0.00010
     372    519        0.00020
     372    520       -0.00013
     372    524        0.00018
     372    527       -0.00015
     372    531        0.00011
     372    532       -0.00012
     372    550        0.00010
     372    606        0.00011
     372    635       -0.00012
     372    636       -0.00010
     372    646        0.00015
     372    656       -0.00012
     372    683       -0.00011
     372    700        0.00011
     373    520       -0.00017
     373    523       -0.00014
     374    519        0.00020
     374    527       -0.00011
     374    531        0.00012
     374    700        0.00014
     375    495        0.00037
     375    497       -0.00015
     375    499        0.00011
     375    526       -0.00015
     375    530        0.00028
     375    533        0.00023
     375    535       -0.00022
     375    548        0.00014
     375    555       -0.00010
     375    556        0.00011
     375    566        0.00012
     375    567        0.00014
     375    592        0.00011
     375    597        0.00020
     375    630        0.00011
     375    632       -0.00013
     375    642        0.00012
     375    670        0.00015
     375    716        0.00011
     375    809        0.00017
     375    813       -0.00014
     375    841       -0.00011
     376    495        0.00016
     376    504        0.00018
     378    495       -0.00011
     379    495        0.00010
     379    497       -0.00013
     380    500        0.00012
     382    498       -0.00016
     382    502       -0.00018
     382    677        0.00010
     383    495       -0.00012
     383    496       -0.00019
     383    498       -0.00020
     383    500        0.00012
     383    502       -0.00048
     383    505       -0.00022
     383    525        0.00014
     383    539       -0.00014
     383    544       -0.00010
     383    581       -0.00011
     383    596        0.00014
     383    619       -0.00014
     383    626        0.00019
     383    675        0.00014
     383    677        0.00016
     383    698       -0.00010
     384    688        0.00011
     384    724        0.00010
     386    554        0.00011
     386    632       -0.00013
     387    502       -0.00014
     387    512        0.00013
     387    539        0.00011
     387    564        0.00011
     387    624       -0.00010
     387    677        0.00010
     387    686        0.00011
     387    687        0.00011
     387    873       -0.00011
     387    874       -0.00013
     387    950        0.00011
     387   1017        0.00010
     388    502       -0.00015
     388    516       -0.00012
     388    562       -0.00013
     389    511       -0.00014
     389    520       -0.00012
     389    523       -0.00017
     389    532       -0.00011
     389    547        0.00017
     389    548       -0.00012
     389    551       -0.00014
     389    552        0.00014
     389    571       -0.00011
     389    572        0.00011
     389    582       -0.00011
     389    583       -0.00011
     389    597        0.00016
     389    607        0.00019
     389    614       -0.00018
     389    615        0.00025
     389    656        0.00011
     389    696        0.00012
     389    697       -0.00012
     389    709       -0.00013
     389    718        0.00013
     389    743        0.00013
     389    746        0.00011
     390    502       -0.00017
     390    512        0.00019
     390    519        0.00014
     390    527       -0.00016
     390    531        0.00016
     390    532       -0.00014
     390    542       -0.00013
     390    552        0.00015
     390    568        0.00018
     390    570       -0.00011
     390    572        0.00011
     390    573        0.00011
     390    596       -0.00018
     390    600       -0.00011
     390    602        0.00017
     390    604        0.00016
     390    605        0.00012
     390    606        0.00018
     390    607        0.00010
     390    608        0.00012
     390    613       -0.00027
     390    615        0.00012
     390    618       -0.00011
     390    660        0.00011
     390    686       -0.00014
     390    687       -0.00015
     390    690        0.00015
     390    691       -0.00012
     390    694       -0.00011
     390    707        0.00013
     390    709       -0.00014
     390    718        0.00011
     390    732        0.00013
     391    547       -0.00015
     391    569        0.00011
     391    570       -0.00011
     391    596       -0.00013
     391    597       -0.00011
     391    607       -0.00015
     392    539        0.00012
     392    552        0.00026
     392    568        0.00015
     392    574       -0.00010
     392    582       -0.00016
     392    586        0.00012
     392    596       -0.00012
     392    602        0.00016
     392    609       -0.00013
     392    613       -0.00027
     392    614       -0.00015
     392    615        0.00021
     392    618       -0.00012
     392    624        0.00012
     392    625       -0.00011
     392    631       -0.00013
     392    640        0.00012
     392    652        0.00013
     392    658        0.00011
     392    662       -0.00016
     392    668        0.00013
     392    685        0.00015
     392    696        0.00011
     393    690       -0.00012
     394    511        0.00010
     394    512       -0.00012
     394    529       -0.00017
     394    550        0.00011
     394    686        0.00013
     394    687        0.00015
     394    690       -0.00010
     394    695        0.00018
     394    696       -0.00010
     394    709        0.00012
     394    718       -0.00019
     394    731        0.00013
     395    615       -0.00011
     396    547        0.00011
     396    548       -0.00010
     396    550       -0.00011
     396    552        0.00014
     396    570       -0.00010
     396    596       -0.00015
     396    607        0.00015
     396    660        0.00011
     396    666       -0.00010
     396    700        0.00011
     397    495       -0.00012
     397    511       -0.00010
     397    547       -0.00026
     397    548        0.00016
     397    550        0.00020
     397    552       -0.00013
     397    560        0.00015
     397    572       -0.00013
     397    574        0.00012
     397    582        0.00013
     397    596        0.00019
     397    597       -0.00016
     397    606       -0.00013
     397    607       -0.00023
     397    612       -0.00010
     397    614        0.00010
     397    615       -0.00018
     397    695        0.00011
     397    699       -0.00013
     398    539       -0.00011
     398    551       -0.00018
     398    553       -0.00012
     398    558        0.00012
     398    568       -0.00014
     398    570        0.00017
     398    596        0.00015
     398    606       -0.00013
     398    613        0.00014
     398    615        0.00010
     398    624       -0.00012
     398    631        0.00013
     398    698        0.00010
     399    499        0.00019
     399    506        0.00017
     399    511       -0.00012
     401    495        0.00014
     401    497       -0.00010
     401    499        0.00024
     401    506        0.00011
     402    498       -0.00011
     402    505        0.00029
     402    506       -0.00012
     404    499        0.00018
     405    497        0.00015
     405    499       -0.00065
     405    502       -0.00016
     405    506       -0.00029
     405    508        0.00023
     405    526       -0.00016
     405    532        0.00013
     405    533        0.00011
     405    569        0.00010
     405    676       -0.00011
     407    505       -0.00012
     407    512        0.00014
     407    551       -0.00011
     407    561       -0.00011
     407    571       -0.00011
     407    572       -0.00017
     407    686        0.00011
     407    687        0.00011
     408    499       -0.00035
     408    506       -0.00013
     408    508        0.00011
     408    565        0.00010
     408    569       -0.00012
     409    499       -0.00035
     409    506       -0.00014
     409    569       -0.00011
     410    509        0.00011
     411    499        0.00020
     411    532       -0.00011
     412    505        0.00037
     412    508        0.00013
     412    512        0.00011
     412    515        0.00011
     412    516       -0.00023
     413    495        0.00026
     413    499       -0.00054
     413    502       -0.00017
     413    511       -0.00010
     413    513        0.00011
     413    515       -0.00016
     413    526       -0.00011
     413    530        0.00012
     413    533        0.00012
     414    511       -0.00030
     414    569        0.00022
     414    699        0.00010
     415    512        0.00012
     416    511       -0.00012
     416    512       -0.00025
     416    561       -0.00013
     417    511       -0.00012
     417    512        0.00021
     417    527       -0.00013
     417    532       -0.00011
     418    496        0.00012
     418    502        0.00028
     418    505       -0.00013
     419    499        0.00038
     419    500       -0.00013
     419    506        0.00015
     419    508       -0.00020
     419    513       -0.00015
     419    533       -0.00013
     420    497        0.00011
     420    498       -0.00010
     420    499       -0.00012
     420    501       -0.00020
     421    495       -0.00012
     421    497       -0.00011
     421    499        0.00022
     421    506        0.00011
     421    513       -0.00014
     421    518        0.00012
     421    564       -0.00010
     421    566        0.00012
     421    570        0.00010
     422    499       -0.00022
     422    501        0.00012
     422    502       -0.00015
     422    519        0.00012
     422    561       -0.00013
     422    564       -0.00011
     422    565        0.00011
     422    566        0.00011
     422    570        0.00012
     424    502       -0.00018
     424    511        0.00013
     424    512        0.00020
     424    653       -0.00010
     425    511       -0.00024
     425    513       -0.00016
     425    637       -0.00011
     426    512        0.00026
     426    564       -0.00012
     427    511       -0.00019
     427    532        0.00015
     427    554        0.00011
     428    496       -0.00011
     428    498       -0.00015
     428    499        0.00017
     428    502        0.00033
     428    512        0.00010
     428    564       -0.00013
     429    495       -0.00010
     429    554        0.00013
     429    560       -0.00012
     429    566        0.00011
     429    569        0.00011
     430    496        0.00031
     430    498        0.00029
     430    499       -0.00037
     430    500        0.00017
     430    501       -0.00014
     430    502       -0.00081
     430    505       -0.00011
     430    536       -0.00010
     430    571        0.00012
     430    572        0.00010
     430    581        0.00019
     430    605       -0.00013
     430    606       -0.00012
     430    613        0.00011
     430    619        0.00015
     430    621        0.00011
     430    624        0.00010
     430    626       -0.00017
     430    635       -0.00010
     430    646        0.00011
     430    647       -0.00012
     430    653       -0.00012
     430    659        0.00012
     430    668       -0.00011
     430    675       -0.00012
     430    677       -0.00011
     430    688       -0.00018
     430    698        0.00017
     430    811       -0.00011
     430    832       -0.00011
     430    847       -0.00012
     430    848       -0.00011
     431    545       -0.00012
     433    495       -0.00014
     433    511        0.00018
     433    547        0.00010
     434    512        0.00018
     434    539       -0.00010
     434    551       -0.00013
     434    552       -0.00011
     435    509       -0.00011
     436    495       -0.00010
     436    512       -0.00012
     437    495       -0.00131
     437    496       -0.00011
     437    497        0.00067
     437    498       -0.00010
     437    499       -0.00060
     437    502        0.00019
     437    505        0.00013
     437    506       -0.00022
     437    508        0.00013
     437    513       -0.00018
     437    515        0.00014
     437    520        0.00012
     437    524       -0.00016
     437    526       -0.00014
     437    529       -0.00011
     437    535        0.00018
     437    538        0.00011
     437    547       -0.00013
     437    562        0.00015
     437    588       -0.00010
     437    597       -0.00027
     437    622        0.00010
     437    630       -0.00012
     437    632        0.00012
     437    634       -0.00016
     437    639       -0.00018
     437    683       -0.00011
     437    686       -0.00013
     437    695        0.00016
     437    696        0.00017
     437    716        0.00013
     438    505        0.00013
     438    512       -0.00017
     438    517        0.00013
     438    519       -0.00018
     438    524       -0.00021
     438    525        0.00015
     438    527        0.00011
     438    529       -0.00017
     438    536       -0.00013
     438    570        0.00012
     438    688       -0.00011
     439    495       -0.00078
     439    497        0.00040
     439    499       -0.00036
     439    502        0.00012
     439    506       -0.00013
     439    511       -0.00019
     439    513       -0.00018
     439    518        0.00011
     439    520       -0.00015
     439    524        0.00023
     439    525       -0.00013
     439    529        0.00011
     439    530        0.00013
     439    541        0.00016
     439    602       -0.00013
     439    639       -0.00011
     439    683       -0.00014
     439    686       -0.00013
     439    696        0.00010
     440    495       -0.00013
     440    498       -0.00010
     440    499       -0.00012
     440    505        0.00029
     440    517        0.00012
     440    531       -0.00014
     440    542        0.00012
     440    553       -0.00017
     441    495        0.00021
     441    511        0.00014
     441    517        0.00014
     441    519       -0.00019
     441    520        0.00025
     441    523        0.00019
     441    529        0.00011
     441    531       -0.00015
     441    532        0.00024
     441    533        0.00012
     441    534       -0.00011
     441    540       -0.00010
     441    542        0.00016
     441    544       -0.00011
     441    547       -0.00015
     441    549        0.00010
     441    551        0.00012
     441    552       -0.00019
     441    553       -0.00013
     441    810        0.00012
     442    500       -0.00010
     442    502        0.00017
     442    505       -0.00066
     442    506        0.00024
     442    512       -0.00011
     442    513        0.00010
     442    514        0.00026
     442    516        0.00018
     442    519       -0.00030
     442    524       -0.00014
     442    525       -0.00022
     442    531       -0.00013
     442    550       -0.00012
     442    553        0.00019
     442    558        0.00011
     442    561        0.00014
     442    562       -0.00015
     442    588        0.00010
     442    619       -0.00012
     442    628        0.00010
     442    664        0.00015
     442    712       -0.00013
     443    495        0.00013
     443    505        0.00012
     444    505        0.00022
     444    519        0.00016
     444    531        0.00012
     444    532       -0.00012
     445    495        0.00065
     445    497       -0.00046
     445    498        0.00010
     445    499        0.00092
     445    506       -0.00018
     445    507        0.00025
     445    511        0.00014
     445    513       -0.00021
     445    514       -0.00011
     445    530       -0.00018
     445    532       -0.00011
     445    562        0.00011
     445    639        0.00012
     446    498       -0.00028
     446    505        0.00023
     446    514        0.00015
     446    517       -0.00023
     446    518        0.00025
     446    519        0.00073
     446    520       -0.00033
     446    521        0.00012
     446    522       -0.00012
     446    524        0.00043
     446    525       -0.00015
     446    527       -0.00045
     446    528       -0.00015
     446    530        0.00012
     446    531        0.00035
     446    532       -0.00037
     446    533       -0.00023
     446    534        0.00018
     446    540        0.00011
     446    541        0.00018
     446    544        0.00012
     446    549        0.00010
     446    550        0.00025
     446    551       -0.00029
     446    552       -0.00016
     446    568       -0.00020
     446    606        0.00011
     446    624       -0.00014
     446    631        0.00012
     446    635       -0.00014
     446    658       -0.00015
     446    662        0.00018
     446    690        0.00012
     446    707       -0.00012
     446    718        0.00011
     446    726       -0.00012
     446    731       -0.00012
     446    743        0.00012
     446    744        0.00011
     446    752       -0.00014
     446    753       -0.00014
     446    754       -0.00014
     446    761        0.00018
     446    762        0.00011
     446    763        0.00013
     446    766        0.00011
     446    783       -0.00015
     446    807        0.00014
     447    498       -0.00014
     447    499       -0.00013
     447    505        0.00017
     447    518       -0.00032
     447    520        0.00055
     447    523        0.00035
     447    524       -0.00024
     447    530       -0.00013
     447    531        0.00015
     447    532        0.00038
     447    533        0.00027
     447    535        0.00012
     447    537       -0.00012
     447    540       -0.00015
     447    541       -0.00028
     447    547        0.00017
     447    548       -0.00011
     447    553       -0.00010
     447    557       -0.00012
     447    560       -0.00011
     447    567       -0.00015
     447    569       -0.00015
     447    571        0.00010
     447    582       -0.00013
     447    589       -0.00011
     447    599       -0.00011
     447    609       -0.00015
     447    630        0.00013
     447    632       -0.00010
     447    692        0.00011
     447    718       -0.00012
     447    726        0.00010
     447    743       -0.00011
     447    744       -0.00017
     447    757       -0.00012
     447    759        0.00016
     447    762       -0.00014
     447    784        0.00010
     447   1015       -0.00011
     448    499        0.00010
     448    505       -0.00020
     448    516        0.00019
     448    519        0.00027
     448    522       -0.00012
     448    525       -0.00026
     448    527       -0.00013
     448    531        0.00018
     448    532       -0.00016
     448    550        0.00019
     448    551       -0.00013
     448    664        0.00010
     449    495        0.00028
     449    497       -0.00022
     449    499        0.00035
     449    505        0.00014
     449    520       -0.00012
     449    524        0.00020
     449    529        0.00015
     449    531       -0.00024
     449    533       -0.00012
     449    536        0.00012
     449    551        0.00019
     450    498        0.00011
     450    505       -0.00027
     450    508       -0.00011
     450    516        0.00016
     450    517       -0.00013
     450    519        0.00012
     450    524        0.00019
     450    525       -0.00030
     450    528       -0.00012
     450    529        0.00018
     450    531        0.00012
     450    535       -0.00010
     450    549        0.00014
     450    551       -0.00010
     450    552       -0.00012
     450    568       -0.00011
     450    577       -0.00010
     450    626        0.00011
     451    495        0.00084
     451    496        0.00011
     451    497       -0.00102
     451    499        0.00143
     451    502        0.00011
     451    506       -0.00051
     451    511        0.00016
     451    513       -0.00022
     451    514       -0.00023
     451    515        0.00012
     451    530       -0.00023
     451    535        0.00014
     451    543       -0.00017
     451    555       -0.00017
     451    556        0.00016
     451    562        0.00016
     451    639        0.00011
     452    495       -0.00019
     452    496       -0.00023
     452    497        0.00012
     452    498       -0.00048
     452    499       -0.00018
     452    502       -0.00042
     452    505       -0.00021
     452    507        0.00024
     452    513       -0.00015
     452    514       -0.00034
     452    516       -0.00018
     452    525       -0.00015
     452    527        0.00021
     452    530        0.00013
     452    544       -0.00011
     452    555        0.00011
     452    558       -0.00015
     452    572       -0.00010
     452    603       -0.00011
     452    619       -0.00020
     452    626        0.00019
     452    631       -0.00012
     452    646       -0.00011
     452    675        0.00015
     452    677        0.00015
     453    495       -0.00026
     453    496       -0.00025
     453    497        0.00017
     453    498       -0.00017
     453    499       -0.00024
     453    502       -0.00010
     453    503       -0.00012
     454    495       -0.00035
     454    496        0.00022
     454    497        0.00013
     454    498        0.00014
     454    499       -0.00022
     454    515       -0.00012
     454    516        0.00016
     454    518        0.00013
     454    519        0.00011
     454    524        0.00019
     454    526       -0.00012
     454    527        0.00013
     454    529        0.00025
     454    538       -0.00013
     454    566       -0.00019
     454    570       -0.00019
     454    571       -0.00011
     455    495       -0.00023
     455    496       -0.00042
     455    497        0.00029
     455    498       -0.00039
     455    499       -0.00037
     455    500        0.00021
     455    502       -0.00019
     455    503       -0.00016
     455    504        0.00011
     455    506        0.00010
     455    515        0.00013
     455    516       -0.00016
     455    525        0.00011
     455    534        0.00013
     455    539        0.00010
     455    553       -0.00016
     455    558       -0.00011
     456    495       -0.00075
     456    496        0.00017
     456    497        0.00048
     456    499       -0.00079
     456    504       -0.00016
     456    506        0.00011
     456    507        0.00016
     456    508       -0.00032
     456    515       -0.00030
     456    516        0.00029
     456    527       -0.00011
     456    533        0.00016
     456    535       -0.00019
     456    540        0.00011
     456    543        0.00019
     456    553        0.00020
     456    554        0.00015
     456    555        0.00014
     456    556       -0.00020
     456    557       -0.00011
     456    558        0.00012
     456    610        0.00010
     457    495        0.00097
     457    496       -0.00095
     457    498       -0.00057
     457    501        0.00030
     457    504        0.00116
     457    505       -0.00036
     457    506        0.00031
     457    511       -0.00010
     457    513        0.00027
     457    514        0.00031
     457    527       -0.00027
     457    529       -0.00010
     457    530        0.00018
     457    532        0.00022
     457    533       -0.00015
     457    534        0.00014
     457    538        0.00040
     457    539        0.00012
     457    540       -0.00010
     457    545        0.00015
     457    546        0.00022
     457    562        0.00031
     457    588       -0.00013
     457    603        0.00011
     457    605       -0.00017
     457    606        0.00015
     457    617        0.00011
     457    657        0.00011
     458    495        0.00066
     458    496        0.00039
     458    497       -0.00022
     458    498        0.00049
     458    503        0.00052
     458    504        0.00011
     458    505        0.00021
     458    506        0.00018
     458    513        0.00018
     458    526        0.00010
     458    537        0.00013
     459    495        0.00042
     459    496        0.00035
     459    499        0.00039
     459    500       -0.00015
     459    502        0.00018
     459    504        0.00012
     459    526        0.00011
     459    539        0.00011
     459    553       -0.00010
     460    496        0.00017
     460    497       -0.00039
     460    498       -0.00029
     460    499        0.00035
     460    500        0.00014
     460    501       -0.00035
     460    504       -0.00078
     460    506       -0.00014
     460    508        0.00011
     460    514       -0.00013
     460    515        0.00010
     460    516       -0.00018
     460    526        0.00018
     460    535       -0.00018
     460    536        0.00013
     460    539       -0.00014
     460    541       -0.00022
     460    543        0.00011
     460    544       -0.00013
     460    553        0.00031
     460    554        0.00019
     460    556       -0.00018
     460    558        0.00014
     460    571        0.00014
     460    589       -0.00013
     460    591        0.00012
     460    594        0.00011
     460    601        0.00011
     460    605       -0.00014
     460    610        0.00014
     460    612       -0.00014
     460    615        0.00012
     460    650       -0.00017
     460    657        0.00011
     460    679       -0.00010
     461    495        0.00032
     461    496       -0.00142
     461    498       -0.00186
     461    500        0.00050
     461    501       -0.00033
     461    502       -0.00111
     461    503        0.00017
     461    504       -0.00034
     461    523        0.00013
     461    525        0.00068
     461    526       -0.00021
     461    534       -0.00020
     461    536        0.00013
     461    537        0.00010
     461    538       -0.00012
     461    544        0.00011
     461    550       -0.00013
     461    553        0.00020
     461    562       -0.00014
     461    570       -0.00011
     461    571        0.00011
     461    572        0.00014
     461    581        0.00012
     461    585       -0.00010
     461    603        0.00013
     461    626        0.00010
     461    661        0.00012
     461    675        0.00011
     461    677        0.00016
     461    680       -0.00010
     461    737        0.00011
     461    741        0.00011
     462    495       -0.00151
     462    497        0.00083
     462    498        0.00034
     462    499       -0.00154
     462    502       -0.00018
     462    504        0.00019
     462    506        0.00018
     462    508       -0.00017
     462    511        0.00022
     462    513       -0.00032
     462    515        0.00018
     462    526        0.00019
     462    530       -0.00014
     462    533       -0.00014
     462    599        0.00014
     463    495       -0.00016
     463    497        0.00029
     463    499       -0.00025
     463    502       -0.00015
     463    519       -0.00016
     463    579       -0.00015
     464    495       -0.00199
     464    496        0.00029
     464    497        0.00114
     464    498        0.00023
     464    499       -0.00204
     464    502       -0.00023
     464    503        0.00011
     464    504        0.00033
     464    506        0.00020
     464    508       -0.00032
     464    511        0.00025
     464    513       -0.00044
     464    515        0.00019
     464    520       -0.00012
     464    526        0.00024
     464    530       -0.00018
     464    533       -0.00025
     464    557        0.00010
     464    683        0.00013
     465    496       -0.00027
     465    497       -0.00050
     465    498        0.00037
     465    500        0.00042
     465    501        0.00015
     465    502        0.00016
     465    506        0.00011
     465    507        0.00023
     465    508        0.00017
     465    533        0.00010
     465    537        0.00011
     465    575       -0.00012
     466    495        0.00044
     466    496       -0.00045
     466    497        0.00030
     466    498        0.00023
     466    499        0.00025
     466    501        0.00021
     466    502       -0.00017
     466    504       -0.00074
     466    507       -0.00017
     466    508        0.00022
     466    515        0.00010
     466    516       -0.00012
     466    527       -0.00014
     466    532        0.00010
     466    538        0.00014
     466    562       -0.00017
     466    601       -0.00011
     467    496       -0.00132
     467    497        0.00018
     467    498       -0.00119
     467    500       -0.00010
     467    502        0.00070
     467    503        0.00017
     467    504       -0.00019
     467    511       -0.00011
     467    512       -0.00014
     467    513        0.00019
     467    514       -0.00038
     467    515       -0.00011
     467    516       -0.00040
     467    519        0.00016
     467    521        0.00011
     467    523        0.00012
     467    525        0.00044
     467    539        0.00014
     467    544        0.00016
     467    555       -0.00029
     467    556       -0.00012
     467    558        0.00019
     467    568        0.00018
     467    581        0.00010
     467    610        0.00012
     467    619        0.00022
     467    624        0.00011
     467    626       -0.00029
     467    627       -0.00010
     467    628       -0.00012
     467    631        0.00013
     467    638        0.00011
     467    647        0.00013
     467    654       -0.00010
     467    662        0.00013
     467    668        0.00011
     467    698       -0.00014
     467    738       -0.00012
     467    745       -0.00014
     467    747        0.00010
     467    749       -0.00010
     467    750       -0.00011
     467    751        0.00019
     467    754        0.00021
     467    757        0.00013
     468    495        0.00148
     468    496        0.00036
     468    497       -0.00120
     468    499       -0.00087
     468    500       -0.00027
     468    501       -0.00046
     468    502       -0.00018
     468    503       -0.00023
     468    504       -0.00041
     468    506        0.00019
     468    507       -0.00027
     468    508       -0.00058
     468    515       -0.00039
     468    526        0.00020
     468    530       -0.00018
     468    532       -0.00017
     468    534       -0.00011
     468    535       -0.00012
     468    537       -0.00013
     468    538       -0.00021
     468    539       -0.00015
     468    562       -0.00011
     468    568        0.00010
     468    587       -0.00015
     468    592        0.00012
     468    600        0.00018
     468    605        0.00013
     468    617       -0.00012
     468    622        0.00011
     468    625       -0.00012
     468    645        0.00011
     468    678       -0.00011
     468    728       -0.00010
     469    495        0.00023
     469    496       -0.00096
     469    497        0.00028
     469    498       -0.00071
     469    499        0.00036
     469    500       -0.00013
     469    502       -0.00077
     469    503       -0.00012
     469    504        0.00045
     469    505        0.00123
     469    506       -0.00018
     469    507       -0.00054
     469    512        0.00012
     469    516       -0.00042
     469    525        0.00032
     469    530        0.00013
     469    532        0.00014
     469    533       -0.00011
     469    534        0.00016
     469    535        0.00011
     469    538        0.00025
     469    539        0.00020
     469    540       -0.00011
     469    546        0.00012
     469    562        0.00015
     469    572        0.00016
     469    574        0.00013
     469    600        0.00014
     469    601       -0.00015
     469    679       -0.00011
     470    495       -0.00280
     470    496        0.00015
     470    497        0.00062
     470    499        0.00016
     470    500       -0.00029
     470    501       -0.00023
     470    504       -0.00016
     470    505       -0.00011
     470    506        0.00035
     470    507       -0.00022
     470    508       -0.00053
     470    514       -0.00011
     470    515       -0.00025
     470    516       -0.00018
     470    526        0.00022
     470    530       -0.00028
     470    543        0.00019
     470    546       -0.00012
     470    567       -0.00021
     470    568        0.00010
     470    587        0.00016
     470    592       -0.00012
     470    597        0.00012
     470    634        0.00013
     470    669        0.00012
     470    689       -0.00018
     470    695       -0.00016
     470    720        0.00011
     470    725       -0.00011
     470    735       -0.00011
     470    736        0.00014
     470    764        0.00013
     470    860       -0.00011
     471    496       -0.00013
     471    497        0.00013
     471    498       -0.00030
     471    499        0.00019
     471    500        0.00048
     471    503       -0.00013
     471    505        0.00042
     471    507       -0.00028
     471    508       -0.00010
     471    516       -0.00021
     472    495       -0.00052
     472    496        0.00035
     472    497       -0.00032
     472    501        0.00011
     472    503       -0.00014
     472    505       -0.00017
     472    506        0.00016
     472    508       -0.00047
     472    515       -0.00027
     472    526        0.00015
     472    530       -0.00016
     472    538       -0.00014
     472    546       -0.00011
     473    495        0.00054
     473    496        0.00193
     473    497       -0.00065
     473    498        0.00156
     473    499        0.00101
     473    500       -0.00139
     473    501        0.00098
     473    502        0.00597
     473    503        0.00077
     473    504       -0.00053
     473    505        0.00127
     473    508        0.00020
     473    512        0.00018
     473    514        0.00018
     473    516        0.00023
     473    523       -0.00012
     473    525       -0.00060
     473    536       -0.00015
     473    539        0.00011
     473    551       -0.00012
     473    555       -0.00012
     473    558        0.00011
     473    559       -0.00011
     473    562        0.00011
     473    568       -0.00015
     473    573       -0.00012
     473    581       -0.00016
     473    589       -0.00014
     473    595        0.00012
     473    601        0.00013
     473    603       -0.00011
     473    605       -0.00014
     473    618       -0.00012
     473    619        0.00023
     473    626        0.00010
     473    628        0.00011
     473    631        0.00019
     473    633       -0.00014
     473    639        0.00013
     473    641        0.00016
     473    660       -0.00011
     473    661       -0.00013
     473    698       -0.00011
     473    701       -0.00015
     473    752        0.00015
     473    848        0.00011
     474    495        0.00424
     474    497       -0.00336
     474    498        0.00014
     474    499        0.00548
     474    500       -0.00017
     474    501        0.00024
     474    502        0.00107
     474    503        0.00018
     474    504       -0.00026
     474    505        0.00014
     474    506        0.00098
     474    508       -0.00078
     474    513       -0.00036
     474    516        0.00013
     474    533        0.00011
     474    543        0.00015
     474    562       -0.00017
     474    563       -0.00012
     474    567       -0.00017
     474    588        0.00019
     474    591       -0.00016
     474    601       -0.00017
     474    605        0.00025
     474    606       -0.00014
     474    612        0.00011
     474    617       -0.00011
     474    630        0.00015
     474    632       -0.00016
     474    634        0.00024
     474    638        0.00010
     474    639        0.00012
     474    660       -0.00010
     474    663        0.00013
     474    665       -0.00011
     474    670        0.00012
     474    683       -0.00014
     474    686       -0.00015
     474    689        0.00011
     474    725       -0.00012
     474    740       -0.00012
     474    747       -0.00011
     474    749        0.00010
     475    495       -0.00028
     475    496       -0.00072
     475    497        0.00039
     475    498       -0.00142
     475    499       -0.00085
     475    500        0.00111
     475    501       -0.00063
     475    502       -0.00387
     475    503       -0.00019
     475    504        0.00056
     475    505        0.00070
     475    508        0.00021
     475    514       -0.00021
     475    515        0.00021
     475    516       -0.00041
     475    517        0.00015
     475    519        0.00015
     475    523        0.00011
     475    525        0.00021
     475    534        0.00014
     475    536       -0.00013
     475    537       -0.00014
     475    539        0.00012
     475    554        0.00013
     475    555        0.00016
     475    559        0.00010
     475    561       -0.00023
     475    562        0.00028
     475    564        0.00012
     475    571        0.00011
     475    572        0.00014
     475    588       -0.00025
     475    589       -0.00035
     475    594        0.00029
     475    595        0.00022
     475    599        0.00010
     475    600        0.00035
     475    603        0.00013
     475    604       -0.00014
     475    605       -0.00034
     475    606        0.00035
     475    621        0.00012
     475    623        0.00013
     475    625        0.00013
     475    657        0.00012
     475    658        0.00011
     475    662        0.00015
     475    664       -0.00017
     475    668        0.00014
     475    679       -0.00010
     475    687        0.00011
     475    690        0.00013
     475    739       -0.00014
     475    741        0.00013
     475    749       -0.00010
     476    495        0.00277
     476    496       -0.00031
     476    497       -0.00249
     476    498       -0.00038
     476    499        0.00379
     476    500       -0.00010
     476    501        0.00010
     476    502        0.00041
     476    503       -0.00010
     476    504        0.00016
     476    505        0.00019
     476    507       -0.00023
     476    508       -0.00019
     476    511        0.00030
     476    513       -0.00079
     476    515        0.00056
     476    516       -0.00017
     476    518        0.00020
     476    526       -0.00018
     476    530        0.00015
     476    535        0.00019
     476    537        0.00017
     476    562        0.00025
     476    563        0.00017
     476    567        0.00016
     476    571        0.00011
     476    587        0.00011
     476    588       -0.00025
     476    589       -0.00021
     476    591        0.00032
     476    592        0.00013
     476    595        0.00022
     476    596       -0.00011
     476    601        0.00024
     476    605       -0.00043
     476    606        0.00020
     476    612       -0.00012
     476    614        0.00018
     476    615        0.00014
     476    617        0.00012
     476    621        0.00014
     476    623        0.00010
     476    627       -0.00014
     476    629        0.00010
     476    637       -0.00015
     476    642        0.00013
     476    650       -0.00013
     476    652        0.00013
     476    653       -0.00010
     476    654        0.00011
     476    655        0.00013
     476    657        0.00027
     476    679       -0.00013
     476    683       -0.00013
     476    684        0.00013
     476    695        0.00012
     476    696        0.00011
     476    697        0.00015
     476    737        0.00010
     476    741        0.00014
     476    750       -0.00012
     477    496        0.00010
     477    497        0.00028
     477    498       -0.00014
     477    499       -0.00024
     477    500        0.00028
     477    502       -0.00037
     477    505        0.00021
     477    506        0.00013
     477    528       -0.00017
     477    531        0.00015
     477    535       -0.00011
     477    536       -0.00016
     477    551       -0.00012
     477    561       -0.00013
     477    607       -0.00012
     477    613        0.00013
     477    614       -0.00016
     478    495        0.00014
     478    497       -0.00020
     478    498       -0.00017
     478    499        0.00011
     478    500        0.00013
     478    501       -0.00016
     478    502       -0.00029
     478    505        0.00018
     478    511        0.00010
     478    513       -0.00011
     478    515        0.00015
     478    518        0.00012
     478    524        0.00014
     478    547       -0.00013
     478    550        0.00013
     478    562        0.00015
     478    588       -0.00013
     478    595        0.00012
     478    596        0.00011
     478    605       -0.00014
     478    607       -0.00011
     478    614        0.00010
     479    495       -0.00029
     479    496       -0.00019
     479    497       -0.00015
     479    498        0.00035
     479    500       -0.00062
     479    502        0.00031
     479    503        0.00011
     479    505       -0.00024
     479    507        0.00025
     479    508        0.00019
     479    513       -0.00020
     479    514        0.00023
     479    515       -0.00014
     479    530        0.00014
     479    531        0.00013
     479    533       -0.00011
     479    534       -0.00015
     480    495       -0.00012
     480    496       -0.00024
     480    497        0.00038
     480    499        0.00024
     480    500        0.00028
     480    501       -0.00067
     480    502       -0.00016
     480    504        0.00016
     480    505        0.00028
     480    507       -0.00017
     480    508        0.00026
     480    515        0.00015
     480    516       -0.00016
     481    495       -0.00113
     481    496        0.00084
     481    497        0.00064
     481    501        0.00016
     481    502        0.00022
     481    503        0.00011
     481    504        0.00014
     481    505        0.00056
     481    506       -0.00024
     481    508        0.00031
     481    511       -0.00022
     481    512        0.00038
     481    514       -0.00029
     481    516       -0.00040
     481    517        0.00011
     481    518       -0.00050
     481    519       -0.00070
     481    520        0.00023
     481    521       -0.00014
     481    524       -0.00044
     481    525        0.00032
     481    526       -0.00016
     481    527        0.00064
     481    528        0.00013
     481    529        0.00015
     481    530       -0.00021
     481    531       -0.00024
     481    532        0.00049
     481    534        0.00024
     481    535       -0.00010
     481    536        0.00037
     481    537       -0.00014
     481    539        0.00017
     481    541       -0.00019
     481    542       -0.00038
     481    544        0.00044
     481    546        0.00020
     481    547        0.00043
     481    548       -0.00025
     481    549       -0.00039
     481    550       -0.00057
     481    551        0.00051
     481    552        0.00063
     481    553        0.00036
     481    554        0.00042
     481    557       -0.00015
     481    558       -0.00040
     481    560       -0.00020
     481    561        0.00014
     481    562       -0.00011
     481    563       -0.00022
     481    564       -0.00031
     481    565       -0.00018
     481    567       -0.00026
     481    569       -0.00017
     481    570       -0.00039
     481    571        0.00013
     481    572        0.00065
     481    573        0.00028
     481    574       -0.00021
     481    575       -0.00011
     481    578       -0.00021
     481    579       -0.00014
     481    580        0.00027
     481    581        0.00010
     481    582       -0.00014
     481    586        0.00013
     481    588        0.00018
     481    591        0.00022
     481    593       -0.00012
     481    595       -0.00019
     481    596       -0.00057
     481    600       -0.00012
     481    602        0.00026
     481    603       -0.00015
     481    604        0.00028
     481    605        0.00016
     481    607        0.00053
     481    608        0.00043
     481    610       -0.00013
     481    611       -0.00013
     481    613       -0.00040
     481    614       -0.00031
     481    615        0.00024
     481    618       -0.00043
     481    619        0.00023
     481    620        0.00019
     481    623        0.00011
     481    624        0.00025
     481    631       -0.00018
     481    635        0.00015
     481    645        0.00013
     481    646       -0.00023
     481    647        0.00014
     481    648       -0.00014
     481    650       -0.00010
     481    651       -0.00019
     481    656        0.00015
     481    658        0.00012
     481    660        0.00015
     481    661        0.00016
     481    662       -0.00031
     481    668        0.00018
     481    669        0.00012
     481    671       -0.00024
     481    675       -0.00025
     481    676       -0.00017
     481    677       -0.00024
     481    678        0.00012
     481    679        0.00017
     481    680        0.00018
     481    681       -0.00010
     481    682       -0.00010
     481    686       -0.00025
     481    687       -0.00035
     481    688       -0.00032
     481    689        0.00026
     481    690        0.00010
     481    691       -0.00010
     481    692        0.00016
     481    694       -0.00014
     481    696        0.00017
     481    697       -0.00021
     481    701        0.00013
     481    709       -0.00024
     481    718        0.00019
     481    725       -0.00013
     481    729       -0.00012
     481    732        0.00011
     481    746        0.00015
     481    749       -0.00010
     481    750       -0.00011
     481    753        0.00012
     481    754        0.00016
     481    756       -0.00011
     481    760        0.00015
     481    762       -0.00017
     481    783        0.00018
     481    791        0.00013
     481    792        0.00014
     481    794       -0.00016
     481    797       -0.00010
     481    798       -0.00017
     481    799        0.00013
     481    801       -0.00014
     481    802       -0.00019
     481    804        0.00021
     481    806        0.00014
     481    810       -0.00019
     481    831       -0.00016
     481    833        0.00022
     481    844        0.00016
     481    848       -0.00010
     481    861        0.00016
     481    874       -0.00015
     481    881        0.00012
     481    890        0.00012
     481    944        0.00013
     481    970        0.00011
     481    993        0.00012
     481   1043       -0.00010
     481   1047       -0.00011
     481   1058       -0.00013
     481   1060        0.00010
     481   1065       -0.00015
     481   1143       -0.00010
     481   1149        0.00011
     481   1154       -0.00019
     481   1156        0.00013
     481   1170        0.00017
     481   1195       -0.00014
     482    495        0.00170
     482    496        0.00051
     482    497       -0.00115
     482    499        0.00065
     482    502        0.00021
     482    505        0.00016
     482    506        0.00039
     482    507        0.00016
     482    508       -0.00017
     482    511        0.00049
     482    512        0.00040
     482    514       -0.00015
     482    516       -0.00011
     482    517       -0.00012
     482    518        0.00057
     482    519       -0.00035
     482    520       -0.00042
     482    522        0.00020
     482    523       -0.00028
     482    524        0.00025
     482    525        0.00016
     482    526        0.00023
     482    527        0.00014
     482    528        0.00031
     482    530        0.00035
     482    531       -0.00051
     482    532       -0.00051
     482    534        0.00019
     482    536        0.00014
     482    537       -0.00016
     482    541        0.00032
     482    542       -0.00017
     482    543        0.00029
     482    544        0.00020
     482    546       -0.00032
     482    547       -0.00073
     482    548        0.00019
     482    549       -0.00028
     482    550       -0.00022
     482    551        0.00061
     482    553        0.00023
     482    554       -0.00069
     482    558       -0.00026
     482    560        0.00035
     482    561        0.00025
     482    562        0.00021
     482    563        0.00020
     482    564       -0.00027
     482    565        0.00029
     482    567        0.00035
     482    569        0.00019
     482    570       -0.00029
     482    571        0.00064
     482    572       -0.00011
     482    573        0.00018
     482    574        0.00038
     482    575       -0.00011
     482    577       -0.00011
     482    578        0.00027
     482    580       -0.00038
     482    581        0.00020
     482    587        0.00016
     482    588       -0.00015
     482    589        0.00022
     482    591       -0.00013
     482    592        0.00017
     482    596       -0.00029
     482    597       -0.00014
     482    600       -0.00012
     482    601       -0.00011
     482    607       -0.00050
     482    608        0.00038
     482    609        0.00032
     482    612       -0.00024
     482    613       -0.00021
     482    614        0.00056
     482    615       -0.00032
     482    616        0.00011
     482    617       -0.00023
     482    618       -0.00024
     482    619        0.00011
     482    620       -0.00016
     482    621        0.00014
     482    623        0.00017
     482    629        0.00010
     482    630        0.00010
     482    636       -0.00013
     482    637        0.00020
     482    639        0.00011
     482    648       -0.00011
     482    649        0.00010
     482    650       -0.00013
     482    651       -0.00012
     482    657        0.00013
     482    661        0.00011
     482    663        0.00040
     482    664        0.00014
     482    665       -0.00010
     482    666       -0.00016
     482    671       -0.00011
     482    673        0.00015
     482    675       -0.00019
     482    676        0.00020
     482    677       -0.00019
     482    681        0.00010
     482    683       -0.00020
     482    687       -0.00023
     482    689       -0.00031
     482    690        0.00026
     482    693        0.00017
     482    696       -0.00024
     482    697        0.00038
     482    699       -0.00014
     482    706        0.00014
     482    707       -0.00013
     482    708        0.00017
     482    709        0.00020
     482    713        0.00020
     482    718       -0.00012
     482    726        0.00015
     482    732        0.00013
     482    733       -0.00016
     482    743       -0.00023
     482    746       -0.00012
     482    747        0.00017
     482    748        0.00011
     482    749       -0.00011
     482    751        0.00013
     482    758       -0.00018
     482    760        0.00010
     482    782        0.00014
     482    788       -0.00012
     482    794       -0.00018
     482    797       -0.00014
     482    798        0.00013
     482    799        0.00018
     482    801        0.00014
     482    803        0.00024
     482    806        0.00026
     482    810        0.00015
     482    812       -0.00015
     482    814       -0.00012
     482    819       -0.00011
     482    829        0.00012
     482    833        0.00021
     482    834       -0.00017
     482    844        0.00011
     482    852        0.00015
     482    855       -0.00013
     482    860       -0.00010
     482    870       -0.00011
     482    881       -0.00022
     482    884        0.00011
     482    888       -0.00016
     482    909       -0.00014
     482    915       -0.00011
     482    936       -0.00010
     482    956        0.00010
     482    980       -0.00011
     482    983        0.00013
     482    995        0.00011
     482    999       -0.00015
     482   1013        0.00019
     482   1015       -0.00011
     482   1021        0.00011
     482   1043       -0.00011
     482   1052        0.00010
     482   1053       -0.00011
     482   1058       -0.00011
     482   1064       -0.00011
     482   1071       -0.00016
     482   1087       -0.00011
     482   1088       -0.00013
     482   1098       -0.00016
     482   1105        0.00014
     482   1115        0.00011
     482   1151        0.00012
     482   1153       -0.00013
     482   1156       -0.00014
     482   1159        0.00013
     482   1162       -0.00013
     482   1178        0.00015
     482   1182        0.00011
     482   1185       -0.00011
     482   1193        0.00010
     482   1195       -0.00012
     483    495        0.00551
     483    496        0.00018
     483    497       -0.00505
     483    499       -0.00018
     483    500        0.00011
     483    501       -0.00044
     483    502        0.00064
     483    504       -0.00048
     483    505       -0.00079
     483    506        0.00119
     483    507        0.00059
     483    508       -0.00049
     483    511       -0.00014
     483    513        0.00051
     483    515       -0.00021
     483    516        0.00027
     483    518       -0.00021
     483    526        0.00040
     483    528       -0.00012
     483    529        0.00015
     483    530       -0.00083
     483    531       -0.00011
     483    533       -0.00046
     483    534        0.00010
     483    535        0.00027
     483    538        0.00018
     483    540       -0.00012
     483    543       -0.00025
     483    546        0.00021
     483    547        0.00024
     483    552        0.00021
     483    553       -0.00021
     483    556        0.00026
     483    558       -0.00023
     483    560       -0.00023
     483    562        0.00023
     483    565       -0.00012
     483    567       -0.00013
     483    568        0.00018
     483    571       -0.00021
     483    572        0.00013
     483    574       -0.00035
     483    575       -0.00016
     483    576        0.00014
     483    588       -0.00035
     483    589       -0.00021
     483    591        0.00021
     483    595        0.00011
     483    601        0.00018
     483    604       -0.00014
     483    605       -0.00036
     483    606        0.00022
     483    607        0.00018
     483    609       -0.00011
     483    615        0.00020
     483    617        0.00034
     483    621        0.00015
     483    623        0.00014
     483    634       -0.00015
     483    642        0.00010
     483    643       -0.00013
     483    649       -0.00010
     483    654        0.00012
     483    655        0.00020
     483    657        0.00018
     483    663       -0.00012
     483    669        0.00014
     483    670       -0.00012
     483    683        0.00021
     483    686        0.00015
     483    689        0.00010
     483    692       -0.00010
     483    714        0.00012
     483    716       -0.00022
     483    736        0.00013
     483    739       -0.00014
     483    741        0.00012
     483    744       -0.00011
     483    745        0.00013
     483    750       -0.00015
     483    755       -0.00012
     484    495        0.00045
     484    496        0.00111
     484    497       -0.00062
     484    498        0.00402
     484    499       -0.00148
     484    500       -0.00214
     484    501        0.00039
     484    502        0.00435
     484    503       -0.00026
     484    504       -0.00022
     484    505       -0.00331
     484    506       -0.00030
     484    507       -0.00025
     484    508       -0.00059
     484    514        0.00053
     484    515       -0.00023
     484    516        0.00018
     484    519       -0.00028
     484    523       -0.00012
     484    524       -0.00012
     484    525       -0.00035
     484    527        0.00025
     484    530        0.00012
     484    532        0.00010
     484    534        0.00016
     484    537       -0.00010
     484    538        0.00015
     484    539        0.00024
     484    549       -0.00011
     484    550       -0.00010
     484    551        0.00025
     484    552        0.00021
     484    553       -0.00013
     484    558       -0.00029
     484    562        0.00031
     484    563       -0.00016
     484    568        0.00015
     484    573        0.00016
     484    576        0.00020
     484    577       -0.00020
     484    581       -0.00021
     484    585        0.00011
     484    588       -0.00028
     484    589       -0.00028
     484    593       -0.00010
     484    594        0.00015
     484    595        0.00013
     484    596       -0.00020
     484    600        0.00023
     484    601       -0.00015
     484    605       -0.00023
     484    606        0.00027
     484    608        0.00024
     484    613       -0.00015
     484    618       -0.00018
     484    619        0.00021
     484    621        0.00016
     484    623        0.00030
     484    625        0.00013
     484    631        0.00011
     484    633       -0.00013
     484    635        0.00023
     484    637       -0.00011
     484    638       -0.00014
     484    643       -0.00013
     484    644       -0.00012
     484    645       -0.00010
     484    653       -0.00013
     484    664        0.00013
     484    671       -0.00012
     484    675       -0.00016
     484    677       -0.00019
     484    680        0.00015
     484    688       -0.00011
     484    690        0.00014
     484    722        0.00011
     484    723       -0.00012
     484    727       -0.00011
     484    736       -0.00011
     484    739       -0.00022
     484    752        0.00013
     484    756       -0.00011
     484    766        0.00011
     484    844        0.00013
     484    859       -0.00011
     485    495        0.00176
     485    496        0.00053
     485    497       -0.00121
     485    498        0.00069
     485    499       -0.00021
     485    500        0.00052
     485    502       -0.00022
     485    503        0.00048
     485    504        0.00046
     485    505        0.00063
     485    506        0.00083
     485    508       -0.00027
     485    511       -0.00027
     485    513        0.00066
     485    515       -0.00064
     485    516       -0.00020
     485    518       -0.00010
     485    526        0.00034
     485    527        0.00014
     485    531       -0.00016
     485    532       -0.00020
     485    533        0.00034
     485    534        0.00024
     485    535       -0.00038
     485    536       -0.00016
     485    537       -0.00013
     485    538       -0.00022
     485    539        0.00017
     485    540        0.00011
     485    543        0.00024
     485    546       -0.00017
     485    551        0.00018
     485    553       -0.00010
     485    554        0.00017
     485    555        0.00030
     485    556       -0.00025
     485    557       -0.00015
     485    560        0.00012
     485    562       -0.00011
     485    563       -0.00018
     485    575       -0.00012
     485    588        0.00013
     485    589       -0.00018
     485    591       -0.00021
     485    594        0.00019
     485    599        0.00011
     485    600        0.00028
     485    605        0.00010
     485    614       -0.00010
     485    617       -0.00020
     485    627        0.00011
     485    632       -0.00010
     485    634        0.00010
     485    654       -0.00010
     485    658        0.00010
     486    495       -0.00056
     486    496       -0.00051
     486    497        0.00104
     486    498        0.00134
     486    499       -0.00024
     486    500        0.00020
     486    501        0.00024
     486    502       -0.00075
     486    503        0.00013
     486    504       -0.00186
     486    505        0.00155
     486    506       -0.00048
     486    507       -0.00025
     486    508        0.00034
     486    511        0.00024
     486    512        0.00015
     486    513       -0.00056
     486    514       -0.00023
     486    515        0.00039
     486    516       -0.00044
     486    517        0.00011
     486    518        0.00011
     486    526       -0.00019
     486    527        0.00015
     486    529       -0.00015
     486    530        0.00017
     486    532        0.00028
     486    533       -0.00027
     486    534        0.00051
     486    535        0.00036
     486    536       -0.00034
     486    537        0.00013
     486    538        0.00065
     486    539        0.00065
     486    540       -0.00032
     486    541        0.00022
     486    543       -0.00021
     486    544        0.00017
     486    545        0.00014
     486    546        0.00040
     486    549        0.00013
     486    550        0.00012
     486    551        0.00011
     486    552        0.00024
     486    553       -0.00070
     486    554       -0.00021
     486    556        0.00028
     486    557        0.00014
     486    558       -0.00045
     486    561       -0.00016
     486    562        0.00070
     486    567        0.00012
     486    572        0.00013
     486    573        0.00011
     486    574       -0.00031
     486    577       -0.00012
     486    581       -0.00023
     486    583        0.00013
     486    586        0.00018
     486    587       -0.00027
     486    588       -0.00047
     486    591       -0.00020
     486    592       -0.00012
     486    593       -0.00031
     486    594       -0.00026
     486    596        0.00023
     486    597        0.00013
     486    598       -0.00014
     486    601       -0.00030
     486    603        0.00012
     486    604       -0.00015
     486    605       -0.00021
     486    606        0.00027
     486    607        0.00012
     486    608        0.00017
     486    610       -0.00019
     486    611        0.00025
     486    613       -0.00016
     486    614        0.00020
     486    617        0.00028
     486    623        0.00028
     486    624       -0.00010
     486    627       -0.00014
     486    628        0.00019
     486    631        0.00018
     486    633       -0.00015
     486    634       -0.00011
     486    635        0.00010
     486    643       -0.00017
     486    649       -0.00015
     486    653       -0.00015
     486    655        0.00011
     486    800        0.00011
     487    495       -0.03554
     487    496        0.00261
     487    497        0.02127
     487    498       -0.00118
     487    499       -0.01581
     487    500        0.00142
     487    501       -0.00171
     487    502       -0.00032
     487    504       -0.00054
     487    505        0.00183
     487    506       -0.00107
     487    507        0.00093
     487    508       -0.00037
     487    511        0.00068
     487    513       -0.00232
     487    514       -0.00065
     487    515        0.00087
     487    518        0.00033
     487    522        0.00012
     487    523        0.00014
     487    526       -0.00089
     487    528        0.00014
     487    529       -0.00016
     487    530        0.00074
     487    531        0.00012
     487    533        0.00062
     487    535       -0.00014
     487    539       -0.00011
     487    541        0.00014
     487    543        0.00029
     487    546       -0.00019
     487    553        0.00010
     487    554       -0.00010
     487    567       -0.00019
     487    574       -0.00012
     487    575       -0.00010
     487    588       -0.00015
     487    592        0.00014
     487    602       -0.00012
     487    610        0.00014
     487    614        0.00014
     487    622        0.00015
     487    632        0.00011
     487    636        0.00012
     487    639       -0.00017
     487    642       -0.00013
     487    645        0.00011
     487    655       -0.00012
     487    669       -0.00012
     487    673        0.00011
     487    683       -0.00011
     487    686       -0.00011
     487    689       -0.00013
     487    692        0.00013
     487    693        0.00011
     487    695        0.00011
     487    696        0.00027
     487    716        0.00031
     487    736       -0.00015
     487    773       -0.00010
     487    909        0.00012
     487   1007       -0.00011
     488    495       -0.00641
     488    496        0.00473
     488    497        0.00117
     488    498       -0.02475
     488    499        0.00331
     488    500        0.00460
     488    501       -0.00441
     488    502       -0.00778
     488    503        0.00084
     488    504       -0.00114
     488    505        0.00832
     488    506       -0.00118
     488    508       -0.00047
     488    511        0.00029
     488    512        0.00052
     488    513       -0.00077
     488    514       -0.00145
     488    516       -0.00059
     488    517        0.00021
     488    518        0.00017
     488    519        0.00021
     488    525       -0.00072
     488    527        0.00058
     488    531        0.00022
     488    532       -0.00013
     488    536       -0.00039
     488    538       -0.00030
     488    542        0.00016
     488    545       -0.00016
     488    546       -0.00016
     488    553       -0.00028
     488    555        0.00031
     488    556        0.00022
     488    558       -0.00018
     488    561       -0.00017
     488    571        0.00024
     488    572        0.00034
     488    576        0.00013
     488    588       -0.00013
     488    589       -0.00017
     488    592        0.00011
     488    601        0.00017
     488    603        0.00017
     488    610        0.00027
     488    612       -0.00013
     488    615        0.00012
     488    619        0.00017
     488    640       -0.00010
     488    658        0.00014
     488    664       -0.00012
     488    701        0.00010
     488    739        0.00010
     488    745       -0.00010
     488    814        0.00012
     488    887        0.00010
     489    495        0.00350
     489    496       -0.00105
     489    497       -0.00439
     489    498        0.00025
     489    499       -0.00200
     489    500       -0.00068
     489    502        0.00188
     489    503       -0.00045
     489    504       -0.00023
     489    505       -0.00070
     489    506       -0.00088
     489    507       -0.00037
     489    508        0.00077
     489    511        0.00064
     489    513       -0.00127
     489    515        0.00124
     489    516       -0.00072
     489    518        0.00033
     489    525       -0.00021
     489    526       -0.00029
     489    527        0.00039
     489    530       -0.00051
     489    532       -0.00011
     489    533       -0.00041
     489    534        0.00022
     489    535        0.00074
     489    536       -0.00035
     489    538       -0.00032
     489    540       -0.00012
     489    541        0.00021
     489    543       -0.00032
     489    545       -0.00020
     489    546       -0.00021
     489    547        0.00023
     489    551       -0.00011
     489    552        0.00022
     489    553       -0.00035
     489    554       -0.00036
     489    555       -0.00025
     489    556        0.00056
     489    557        0.00017
     489    558       -0.00031
     489    562        0.00019
     489    566        0.00013
     489    568        0.00011
     489    571       -0.00021
     489    574       -0.00021
     489    575       -0.00015
     489    576        0.00030
     489    582        0.00014
     489    587        0.00020
     489    588       -0.00038
     489    589       -0.00021
     489    591        0.00019
     489    592        0.00014
     489    593        0.00016
     489    603        0.00021
     489    604       -0.00014
     489    605       -0.00032
     489    606        0.00027
     489    610        0.00022
     489    611        0.00011
     489    612       -0.00036
     489    614        0.00023
     489    615        0.00033
     489    617        0.00029
     489    618       -0.00010
     489    621        0.00025
     489    623        0.00017
     489    625        0.00014
     489    632        0.00018
     489    634       -0.00011
     489    642        0.00014
     489    648       -0.00014
     489    650       -0.00017
     489    652        0.00010
     489    653       -0.00010
     489    655        0.00027
     489    663       -0.00012
     489    676       -0.00011
     489    679       -0.00013
     489    690       -0.00012
     489    699       -0.00014
     489    739        0.00015
     489    741       -0.00016
     489    744        0.00013
     489    750        0.00012
     489    755        0.00012
     490    495        0.00403
     490    496       -0.00133
     490    497       -0.00265
     490    498        0.01071
     490    499       -0.00342
     490    500       -0.00218
     490    501        0.00142
     490    502        0.00412
     490    503        0.00022
     490    504        0.00018
     490    505       -0.00166
     490    506        0.00074
     490    507       -0.00040
     490    508        0.00039
     490    513        0.00027
     490    515        0.00039
     490    516       -0.00074
     490    517        0.00019
     490    519        0.00010
     490    525       -0.00018
     490    527        0.00046
     490    534        0.00041
     490    535        0.00012
     490    536       -0.00049
     490    538       -0.00021
     490    539        0.00045
     490    541        0.00017
     490    542        0.00014
     490    545       -0.00015
     490    546       -0.00015
     490    551        0.00017
     490    552        0.00013
     490    553       -0.00055
     490    555        0.00018
     490    558       -0.00029
     490    561       -0.00013
     490    562        0.00021
     490    563       -0.00015
     490    568        0.00014
     490    571       -0.00020
     490    572       -0.00020
     490    573        0.00010
     490    575       -0.00019
     490    576        0.00013
     490    586        0.00011
     490    588       -0.00020
     490    589       -0.00034
     490    591       -0.00015
     490    593        0.00011
     490    594        0.00011
     490    598       -0.00011
     490    600        0.00026
     490    601       -0.00018
     490    603        0.00022
     490    604       -0.00011
     490    605       -0.00015
     490    606        0.00029
     490    608        0.00013
     490    610        0.00012
     490    612       -0.00011
     490    618       -0.00012
     490    621        0.00013
     490    623        0.00021
     490    625        0.00018
     490    633       -0.00012
     490    635        0.00017
     490    638       -0.00010
     490    643       -0.00011
     490    644       -0.00015
     490    645       -0.00011
     490    650       -0.00015
     490    651        0.00014
     490    653       -0.00014
     490    658        0.00013
     490    664        0.00011
     490    694        0.00011
     490    739        0.00012
     490    741       -0.00011
     491    495       -0.01167
     491    496        0.00424
     491    497        0.00218
     491    498        0.00393
     491    499       -0.00293
     491    500        0.00043
     491    501        0.00020
     491    502        0.00078
     491    503        0.00097
     491    504        0.00054
     491    505        0.00032
     491    506        0.00132
     491    507       -0.00021
     491    508       -0.00028
     491    511       -0.00053
     491    513        0.00113
     491    515       -0.00041
     491    516       -0.00039
     491    525       -0.00013
     491    526       -0.00014
     491    530        0.00041
     491    533        0.00020
     491    534        0.00020
     491    535       -0.00010
     491    536       -0.00014
     491    537        0.00014
     491    545       -0.00011
     491    547       -0.00010
     491    555        0.00016
     491    556       -0.00014
     491    588       -0.00012
     491    594        0.00018
     491    599        0.00014
     491    600        0.00024
     491    605        0.00014
     491    614       -0.00019
     491    617       -0.00030
     491    627        0.00013
     491    632       -0.00011
     491    654       -0.00013
     491    655       -0.00011
     492    495       -0.02598
     492    496        0.01349
     492    497        0.00023
     492    498       -0.01137
     492    499        0.00084
     492    500        0.00148
     492    501       -0.00195
     492    502       -0.00221
     492    503       -0.00017
     492    504        0.00153
     492    505       -0.00034
     492    506        0.00099
     492    507       -0.00029
     492    511       -0.00048
     492    512       -0.00022
     492    513        0.00117
     492    514        0.00138
     492    515        0.00016
     492    516        0.00036
     492    517       -0.00014
     492    523        0.00014
     492    525        0.00062
     492    526       -0.00028
     492    527       -0.00034
     492    530        0.00035
     492    532        0.00018
     492    536        0.00011
     492    553        0.00020
     492    556       -0.00016
     492    558        0.00017
     492    568       -0.00013
     492    571        0.00013
     492    572        0.00015
     492    574        0.00012
     492    576        0.00010
     492    581       -0.00012
     492    588       -0.00017
     492    591        0.00015
     492    592        0.00013
     492    593        0.00023
     492    594        0.00018
     492    595       -0.00019
     492    596       -0.00022
     492    597       -0.00013
     492    599        0.00013
     492    601        0.00034
     492    603       -0.00033
     492    604        0.00024
     492    605        0.00032
     492    606       -0.00036
     492    608       -0.00021
     492    610        0.00027
     492    611       -0.00023
     492    613        0.00027
     492    614       -0.00028
     492    617       -0.00036
     492    619       -0.00014
     492    621       -0.00012
     492    623       -0.00032
     492    624        0.00016
     492    625       -0.00013
     492    627        0.00016
     492    628       -0.00030
     492    630        0.00018
     492    631       -0.00018
     492    635       -0.00012
     492    637        0.00013
     492    639       -0.00011
     492    642       -0.00012
     492    643        0.00023
     492    644        0.00014
     492    649        0.00016
     492    650       -0.00013
     492    653        0.00019
     492    657       -0.00012
     492    658       -0.00011
     492    695        0.00011
     492    786        0.00011
     492    810       -0.00010
     493    495        0.12493
     493    496        0.01367
     493    497        0.45059
     493    498       -0.04111
     493    499       -0.13315
     493    500        0.00350
     493    501        0.00728
     493    502       -0.00281
     493    503        0.00503
     493    504        0.00189
     493    505        0.00156
     493    506        0.00612
     493    507       -0.00074
     493    508       -0.00144
     493    511       -0.00034
     493    514       -0.00013
     493    515        0.00135
     493    516       -0.00018
     493    518        0.00030
     493    522        0.00015
     493    523        0.00017
     493    526       -0.00071
     493    527       -0.00015
     493    528        0.00023
     493    529       -0.00030
     493    530        0.00128
     493    531        0.00017
     493    532        0.00027
     493    533        0.00021
     493    537        0.00035
     493    538        0.00033
     493    539       -0.00011
     493    543        0.00021
     493    547       -0.00030
     493    548        0.00010
     493    551        0.00014
     493    552       -0.00016
     493    554       -0.00021
     493    555       -0.00010
     493    563        0.00021
     493    566       -0.00013
     493    567       -0.00075
     493    568        0.00019
     493    571       -0.00017
     493    576        0.00012
     493    588       -0.00012
     493    589        0.00019
     493    592        0.00012
     493    595       -0.00011
     493    597       -0.00017
     493    600       -0.00014
     493    602       -0.00010
     493    609        0.00011
     493    614        0.00012
     493    622        0.00012
     493    629        0.00019
     493    630       -0.00020
     493    634       -0.00011
     493    639       -0.00021
     493    642       -0.00014
     493    648        0.00010
     493    657       -0.00011
     493    669       -0.00016
     493    683       -0.00011
     493    689       -0.00024
     493    692        0.00024
     493    693        0.00014
     493    695        0.00013
     493    696        0.00024
     493    714       -0.00010
     493    715       -0.00010
     493    716        0.00021
     493    720       -0.00018
     493    722        0.00018
     493    727       -0.00013
     493    728        0.00010
     493    735        0.00017
     493    739       -0.00010
     493    741        0.00017
     493    744       -0.00011
     493    745        0.00011
     493    755       -0.00013
     493    792       -0.00011
     493   1007       -0.00010
     494    495       -0.01317
     494    496       -0.15560
     494    497       -0.02251
     494    498        0.47974
     494    499       -0.02340
     494    500       -0.01567
     494    501        0.00529
     494    502        0.02785
     494    503        0.00038
     494    504        0.00181
     494    505       -0.01128
     494    506       -0.00077
     494    507        0.00077
     494    512       -0.00027
     494    513        0.00019
     494    514       -0.00079
     494    515       -0.00019
     494    516       -0.00044
     494    523        0.00010
     494    525        0.00074
     494    526       -0.00014
     494    527        0.00020
     494    528        0.00013
     494    530        0.00014
     494    531        0.00011
     494    534       -0.00041
     494    536        0.00026
     494    539        0.00014
     494    542       -0.00011
     494    544        0.00018
     494    551        0.00012
     494    552        0.00017
     494    553        0.00026
     494    555       -0.00022
     494    556       -0.00019
     494    561        0.00014
     494    567        0.00027
     494    568        0.00029
     494    571       -0.00037
     494    572       -0.00055
     494    573        0.00017
     494    574       -0.00015
     494    576        0.00011
     494    577       -0.00018
     494    581       -0.00021
     494    588       -0.00012
     494    594        0.00017
     494    595        0.00013
     494    600        0.00018
     494    601       -0.00011
     494    603        0.00018
     494    604       -0.00012
     494    605       -0.00011
     494    606        0.00022
     494    610       -0.00026
     494    613       -0.00011
     494    618        0.00011
     494    619       -0.00039
     494    623        0.00016
     494    626        0.00016
     494    635        0.00018
     494    646       -0.00016
     494    650       -0.00011
     494    664        0.00021
     494    667        0.00010
     494    679       -0.00014
     494    680        0.00016
     494    683        0.00014
     494    694        0.00014
     494    698       -0.00013
     494    707        0.00011
     494    736       -0.00011
     494    737       -0.00011
     494    739        0.00019
     494    741       -0.00016
     494    746       -0.00014
     494    747       -0.00012
     494    749        0.00012
     494    750        0.00013
     494    755        0.00011
     494    762       -0.00011
